1000 10989 0  0 12
10
11
9
10
10
8
11
13
8
14
8
14
10
4
9
7
11
10
15
13
10
12
13
14
16
9
13
14
9
12
7
8
8
12
13
13
7
5
12
10
13
12
9
18
7
9
11
12
12
11
15
10
16
9
11
9
9
12
12
12
7
10
17
9
11
7
14
6
12
9
11
11
16
12
7
18
10
12
15
14
8
8
15
13
13
12
11
11
24
15
10
8
12
7
11
13
9
14
12
8
9
9
8
7
15
6
11
14
15
14
15
14
9
17
13
8
8
11
10
11
8
10
10
10
12
8
11
13
12
14
7
12
14
13
9
9
12
12
16
11
14
9
7
14
10
8
17
9
12
14
13
12
11
14
9
15
13
21
12
5
13
17
14
14
15
18
11
11
11
9
10
20
10
11
7
14
13
10
8
12
14
11
14
7
16
7
12
8
8
15
8
8
10
11
11
10
10
15
11
10
13
15
11
12
6
11
17
10
7
10
12
10
9
12
15
8
7
16
12
10
6
6
8
13
13
7
15
9
18
14
11
12
12
11
9
16
10
7
8
13
11
12
7
12
14
7
7
8
13
9
15
7
11
11
8
11
13
12
9
12
9
10
12
7
13
15
9
15
15
8
9
14
11
12
10
14
8
7
8
13
15
7
13
23
10
16
10
16
11
13
10
12
14
7
17
12
9
11
12
9
11
2
17
13
15
5
13
13
8
10
11
14
9
11
12
10
13
11
9
12
7
7
15
11
10
8
12
8
6
10
11
14
10
7
11
11
12
11
8
11
12
9
7
13
9
11
15
7
12
10
8
8
5
9
8
13
10
12
11
10
19
17
15
10
7
10
14
9
5
14
7
9
7
3
8
11
10
15
13
10
9
14
10
20
9
9
14
16
16
10
13
13
7
16
16
14
11
7
15
10
12
12
10
13
9
11
9
7
14
14
8
8
8
10
11
12
13
13
19
11
8
6
11
12
4
12
13
8
10
10
12
13
11
6
11
8
9
9
17
10
10
7
10
13
8
11
9
8
8
8
9
15
11
14
6
7
9
11
12
13
11
14
11
11
11
8
11
14
9
10
16
15
15
9
7
13
8
11
8
16
14
11
10
13
12
8
9
11
9
14
7
11
9
13
14
7
16
14
14
9
11
14
9
10
7
7
7
7
12
13
17
11
13
7
10
8
12
7
16
16
8
8
15
10
17
11
11
11
20
18
14
12
9
14
9
8
11
9
17
17
12
8
17
7
8
10
5
9
5
9
12
9
13
12
11
16
13
12
10
9
8
7
10
7
12
13
9
7
9
10
5
12
10
9
11
13
10
8
12
9
16
8
12
8
13
8
14
9
18
11
6
5
9
15
11
11
8
8
13
8
9
10
12
9
11
7
9
14
16
8
12
14
15
11
10
13
11
20
17
17
10
11
14
14
13
10
9
13
15
17
12
17
9
13
10
14
7
13
10
17
6
9
15
10
5
14
11
9
10
7
10
9
10
15
10
11
9
8
9
7
10
14
10
18
10
13
16
7
12
12
6
18
4
9
13
10
9
13
15
8
9
11
7
9
12
5
7
4
13
13
13
11
14
10
10
12
9
15
10
19
6
7
15
6
15
19
13
13
12
11
13
10
3
12
9
4
9
15
13
10
13
10
15
6
9
10
8
10
10
10
18
11
6
9
11
14
8
11
7
19
10
10
12
8
15
9
13
10
12
8
9
16
17
10
12
11
8
13
12
16
14
8
9
15
10
12
10
9
10
6
11
17
14
6
13
9
9
12
15
18
16
10
7
13
10
14
9
8
18
10
13
11
9
14
12
14
8
8
11
14
15
8
13
11
12
14
11
10
18
14
15
9
8
10
12
6
12
12
7
14
10
9
9
7
12
10
7
10
17
9
19
13
7
11
11
9
13
9
11
10
11
9
13
5
10
20
13
8
13
10
13
10
14
9
7
9
8
8
12
8
10
9
8
14
13
7
8
5
15
12
10
9
14
7
12
9
8
15
14
11
12
9
12
4
14
9
6
14
9
7
12
9
10
11
11
13
15
12
10
13
11
9
12
12
16
9
10
10
7
9
7
11
9
14
14
11
9
10
14
13
17
6
12
11
15
11
12
7
6
10
15
7
10
14
16
11
9
7
11
12
12
8
17
7
9
15
8
16
13
7
14
9
6
11
5
8
16
13
9
10
10
12
15
11
5
16
8
11
11
12
15
8
7
14
12
5
12
10
9
13
6
8
14
12
11
13
6
11
5
14
11
10
9
6
13
10
9
9
12
8
2 13.0
642 22.0
882 61.0
7 60.0
556 63.0
817 84.0
847 19.0
985 44.0
696 70.0
145 51.0
3 49.0
95 47.0
137 3.0
827 33.0
253 75.0
617 39.0
518 7.0
768 17.0
255 66.0
786 89.0
55 39.0
4 99.0
248 14.0
36 39.0
38 25.0
759 62.0
536 94.0
961 88.0
72 17.0
433 44.0
5 61.0
314 21.0
552 100.0
242 85.0
640 31.0
877 1.0
444 27.0
481 90.0
820 17.0
438 4.0
6 45.0
444 29.0
258 85.0
681 70.0
953 58.0
903 7.0
996 37.0
522 18.0
777 53.0
333 8.0
7 18.0
435 65.0
343 27.0
722 86.0
639 96.0
780 91.0
431 86.0
887 57.0
8 1.0
530 5.0
869 75.0
412 37.0
672 62.0
227 72.0
698 10.0
572 8.0
775 65.0
497 63.0
806 52.0
9 64.0
205 17.0
466 12.0
166 52.0
881 34.0
86 90.0
338 45.0
486 23.0
720 45.0
613 52.0
319 96.0
936 87.0
97 39.0
10 60.0
305 3.0
72 68.0
564 59.0
751 76.0
583 62.0
458 62.0
894 70.0
11 12.0
233 70.0
683 74.0
806 79.0
310 72.0
599 69.0
642 93.0
126 18.0
954 65.0
398 26.0
980 2.0
7 65.0
51 57.0
325 75.0
12 99.0
1000 63.0
9 28.0
607 22.0
922 44.0
601 25.0
856 5.0
604 39.0
13 16.0
940 73.0
664 3.0
779 19.0
454 97.0
783 31.0
128 12.0
654 92.0
976 55.0
594 3.0
861 78.0
481 80.0
405 4.0
715 39.0
14 76.0
361 29.0
594 76.0
811 49.0
473 34.0
92 4.0
629 42.0
887 81.0
970 50.0
782 58.0
15 81.0
943 14.0
541 12.0
782 20.0
16 73.0
636 59.0
56 50.0
447 5.0
4 37.0
917 72.0
876 4.0
500 95.0
562 11.0
17 49.0
63 3.0
943 8.0
35 25.0
990 79.0
835 17.0
29 66.0
18 12.0
937 43.0
128 58.0
758 77.0
769 36.0
316 53.0
828 76.0
483 19.0
533 85.0
954 77.0
663 62.0
19 88.0
32 48.0
284 8.0
711 96.0
289 100.0
293 66.0
268 67.0
10 85.0
291 81.0
553 25.0
20 50.0
256 11.0
144 92.0
785 53.0
821 75.0
364 93.0
493 91.0
160 8.0
623 99.0
881 70.0
149 56.0
611 67.0
509 58.0
836 40.0
778 100.0
21 47.0
92 66.0
668 76.0
362 59.0
324 40.0
139 95.0
460 47.0
311 62.0
197 46.0
185 51.0
350 90.0
361 33.0
644 31.0
22 66.0
562 15.0
144 44.0
856 73.0
432 52.0
910 69.0
121 34.0
771 98.0
870 2.0
395 94.0
23 89.0
84 57.0
794 27.0
340 98.0
944 28.0
272 58.0
597 84.0
751 36.0
441 93.0
12 19.0
92 46.0
309 61.0
24 40.0
472 84.0
791 51.0
508 63.0
816 33.0
372 65.0
587 64.0
77 38.0
420 15.0
887 77.0
283 45.0
277 38.0
929 18.0
25 65.0
635 37.0
675 2.0
659 86.0
500 53.0
258 88.0
581 21.0
740 51.0
287 76.0
549 56.0
12 63.0
195 14.0
816 58.0
805 37.0
26 45.0
165 77.0
418 62.0
771 21.0
375 73.0
593 51.0
383 26.0
240 32.0
358 80.0
743 58.0
407 15.0
849 93.0
686 43.0
564 50.0
741 72.0
11 36.0
27 98.0
619 47.0
159 48.0
413 78.0
389 3.0
395 92.0
535 60.0
316 35.0
150 76.0
28 13.0
128 48.0
617 20.0
997 59.0
712 95.0
555 28.0
774 54.0
178 16.0
755 77.0
638 53.0
86 81.0
484 31.0
979 46.0
29 13.0
565 93.0
678 24.0
343 72.0
478 34.0
472 70.0
458 92.0
333 88.0
317 82.0
67 67.0
963 79.0
735 81.0
386 72.0
18 62.0
30 58.0
435 68.0
152 25.0
545 99.0
821 73.0
958 8.0
903 32.0
151 86.0
169 100.0
31 62.0
441 31.0
560 57.0
461 52.0
286 59.0
278 86.0
394 87.0
304 34.0
212 70.0
720 74.0
355 21.0
678 63.0
32 65.0
695 66.0
437 96.0
270 15.0
89 30.0
259 69.0
895 6.0
33 31.0
469 9.0
54 20.0
891 95.0
328 10.0
100 28.0
289 44.0
436 90.0
34 46.0
196 28.0
318 2.0
816 91.0
657 80.0
202 69.0
440 49.0
229 94.0
35 45.0
192 43.0
515 90.0
975 46.0
811 33.0
627 66.0
533 93.0
850 100.0
137 7.0
715 96.0
51 53.0
15 1.0
36 67.0
318 82.0
76 2.0
550 39.0
180 82.0
650 29.0
652 37.0
116 37.0
882 40.0
960 89.0
210 68.0
932 13.0
593 37.0
37 83.0
855 3.0
589 5.0
664 22.0
212 63.0
992 78.0
390 59.0
32 78.0
192 43.0
806 77.0
329 83.0
447 11.0
609 10.0
38 86.0
991 14.0
756 4.0
506 23.0
87 77.0
621 31.0
805 62.0
39 61.0
29 3.0
134 62.0
695 12.0
710 98.0
40 61.0
509 93.0
640 86.0
573 25.0
948 44.0
770 35.0
503 82.0
53 24.0
205 25.0
28 47.0
961 89.0
380 1.0
41 36.0
509 90.0
67 96.0
4 79.0
11 77.0
530 27.0
344 100.0
181 86.0
731 100.0
893 18.0
42 65.0
285 67.0
431 97.0
559 64.0
55 20.0
921 92.0
179 88.0
827 38.0
668 54.0
198 86.0
997 54.0
526 79.0
154 70.0
43 87.0
652 34.0
616 23.0
551 43.0
595 44.0
612 22.0
682 8.0
933 86.0
797 46.0
980 38.0
67 69.0
640 34.0
44 22.0
60 88.0
744 63.0
718 39.0
165 14.0
569 64.0
218 63.0
104 87.0
400 29.0
45 16.0
635 13.0
911 30.0
748 22.0
420 34.0
207 18.0
330 22.0
541 3.0
540 12.0
785 63.0
423 95.0
215 26.0
161 29.0
398 46.0
847 16.0
35 19.0
787 19.0
765 26.0
46 11.0
879 64.0
603 51.0
897 98.0
824 25.0
146 64.0
418 67.0
47 97.0
640 44.0
971 48.0
417 76.0
851 65.0
487 28.0
793 79.0
945 22.0
426 37.0
48 85.0
686 70.0
27 100.0
834 18.0
402 40.0
2 19.0
343 29.0
766 50.0
465 84.0
684 6.0
799 56.0
49 65.0
445 22.0
376 49.0
391 93.0
650 15.0
259 77.0
39 46.0
911 37.0
907 98.0
473 41.0
893 58.0
702 20.0
50 25.0
639 44.0
689 24.0
798 62.0
166 36.0
771 53.0
874 29.0
719 26.0
578 100.0
22 22.0
354 58.0
611 60.0
51 20.0
869 38.0
60 32.0
375 51.0
27 12.0
162 15.0
241 81.0
811 92.0
755 78.0
158 35.0
830 58.0
52 34.0
810 82.0
721 35.0
488 19.0
83 87.0
723 23.0
85 48.0
875 53.0
695 21.0
598 98.0
796 13.0
331 52.0
720 25.0
19 82.0
933 50.0
53 47.0
265 32.0
734 45.0
677 24.0
524 29.0
922 39.0
145 54.0
9 40.0
601 47.0
572 20.0
54 29.0
73 62.0
225 38.0
943 60.0
706 28.0
601 20.0
411 93.0
581 10.0
600 87.0
965 53.0
750 71.0
148 72.0
7 48.0
164 6.0
387 27.0
178 16.0
55 52.0
306 13.0
497 51.0
894 98.0
95 25.0
637 47.0
499 60.0
143 39.0
556 64.0
56 94.0
839 32.0
779 32.0
653 13.0
320 14.0
835 63.0
805 94.0
340 75.0
46 28.0
705 52.0
919 86.0
57 84.0
33 7.0
824 57.0
766 100.0
720 65.0
577 53.0
363 1.0
343 16.0
989 7.0
58 35.0
610 29.0
895 48.0
876 67.0
570 92.0
687 29.0
378 14.0
559 18.0
695 58.0
59 32.0
997 7.0
477 46.0
972 11.0
336 23.0
25 72.0
306 63.0
593 13.0
110 18.0
268 97.0
201 10.0
35 54.0
60 14.0
374 95.0
741 13.0
137 82.0
221 29.0
259 51.0
411 95.0
342 53.0
801 23.0
449 82.0
114 85.0
52 53.0
61 81.0
435 96.0
446 21.0
286 12.0
481 93.0
668 71.0
440 73.0
937 4.0
379 62.0
966 27.0
748 18.0
561 30.0
62 83.0
189 82.0
175 40.0
42 17.0
966 8.0
976 47.0
412 66.0
63 60.0
859 60.0
223 61.0
263 48.0
500 59.0
814 29.0
972 50.0
705 67.0
426 20.0
277 29.0
64 25.0
102 70.0
71 64.0
903 54.0
988 63.0
223 6.0
42 24.0
843 60.0
118 52.0
583 35.0
83 90.0
487 15.0
28 65.0
183 24.0
826 25.0
426 15.0
686 31.0
65 71.0
540 3.0
251 36.0
100 31.0
687 33.0
931 61.0
507 73.0
383 94.0
908 51.0
66 19.0
142 21.0
356 78.0
803 28.0
187 81.0
853 90.0
181 37.0
74 42.0
905 12.0
484 34.0
692 99.0
67 27.0
803 71.0
799 17.0
657 55.0
103 45.0
800 34.0
602 3.0
68 12.0
991 30.0
392 44.0
710 39.0
122 72.0
691 65.0
132 39.0
172 32.0
262 44.0
281 12.0
74 67.0
694 5.0
877 33.0
905 83.0
69 75.0
427 32.0
384 38.0
969 87.0
348 16.0
369 87.0
70 84.0
123 88.0
517 40.0
468 87.0
440 16.0
662 72.0
553 44.0
739 30.0
582 8.0
342 63.0
187 35.0
805 10.0
71 81.0
397 32.0
980 73.0
770 87.0
653 44.0
323 65.0
890 87.0
862 44.0
256 74.0
72 29.0
324 11.0
155 93.0
979 19.0
316 65.0
515 50.0
467 84.0
686 32.0
270 94.0
432 43.0
349 99.0
73 78.0
817 38.0
440 67.0
699 15.0
720 53.0
587 39.0
511 62.0
4 73.0
874 25.0
518 100.0
478 55.0
74 97.0
784 8.0
698 68.0
10 69.0
813 100.0
767 82.0
60 55.0
846 73.0
16 100.0
70 82.0
569 10.0
388 73.0
391 20.0
575 25.0
979 46.0
452 12.0
75 99.0
485 62.0
403 33.0
140 23.0
596 88.0
153 13.0
170 67.0
475 13.0
480 94.0
432 31.0
234 87.0
383 3.0
76 61.0
319 83.0
920 95.0
795 5.0
567 50.0
308 70.0
178 39.0
77 36.0
789 9.0
268 77.0
703 16.0
743 68.0
448 13.0
17 88.0
702 43.0
97 62.0
383 18.0
539 97.0
603 12.0
174 24.0
497 76.0
252 80.0
959 15.0
845 36.0
202 44.0
78 55.0
376 63.0
298 7.0
32 44.0
109 84.0
953 69.0
559 49.0
83 66.0
404 100.0
69 58.0
79 87.0
158 88.0
359 28.0
638 70.0
510 33.0
721 29.0
88 56.0
966 45.0
938 99.0
614 92.0
893 78.0
242 77.0
80 94.0
119 3.0
106 5.0
780 85.0
345 36.0
776 69.0
68 20.0
340 24.0
738 30.0
527 55.0
530 79.0
412 14.0
435 87.0
800 43.0
816 46.0
81 31.0
626 73.0
208 69.0
971 46.0
534 5.0
959 81.0
960 4.0
686 66.0
405 52.0
990 82.0
455 88.0
194 71.0
361 24.0
243 74.0
82 65.0
284 41.0
273 59.0
473 15.0
314 35.0
902 69.0
96 88.0
432 49.0
83 84.0
156 46.0
989 98.0
498 78.0
937 15.0
719 85.0
377 23.0
412 15.0
84 69.0
970 33.0
646 6.0
413 57.0
271 39.0
780 25.0
813 4.0
50 57.0
147 59.0
714 36.0
248 53.0
166 89.0
201 89.0
88 79.0
291 36.0
85 38.0
76 39.0
167 19.0
930 52.0
618 70.0
51 88.0
575 46.0
319 50.0
264 17.0
301 68.0
802 88.0
4 1.0
128 36.0
86 77.0
613 74.0
695 18.0
423 61.0
664 86.0
375 90.0
221 37.0
853 28.0
422 81.0
621 7.0
466 77.0
828 7.0
877 79.0
87 66.0
3 24.0
893 88.0
720 98.0
294 42.0
633 16.0
705 8.0
484 50.0
841 8.0
815 98.0
152 36.0
924 98.0
88 11.0
381 12.0
470 13.0
126 36.0
261 76.0
76 31.0
893 38.0
821 17.0
156 59.0
691 13.0
137 78.0
89 73.0
946 83.0
247 26.0
941 94.0
487 78.0
462 38.0
609 99.0
610 36.0
607 33.0
280 55.0
85 51.0
90 54.0
379 77.0
728 71.0
541 9.0
155 21.0
724 1.0
397 29.0
662 25.0
258 96.0
49 96.0
189 19.0
796 100.0
932 67.0
392 64.0
524 68.0
98 80.0
518 68.0
514 49.0
516 52.0
470 52.0
660 77.0
733 100.0
261 72.0
123 61.0
91 79.0
566 66.0
164 25.0
141 50.0
348 46.0
219 35.0
343 96.0
180 2.0
27 56.0
782 64.0
123 10.0
771 42.0
341 24.0
255 63.0
18 24.0
92 9.0
876 12.0
486 77.0
880 10.0
745 2.0
908 6.0
624 21.0
65 96.0
725 37.0
232 5.0
93 98.0
667 39.0
79 58.0
131 54.0
346 35.0
288 33.0
44 98.0
382 51.0
94 46.0
334 68.0
904 43.0
693 37.0
844 37.0
492 42.0
935 12.0
471 72.0
733 97.0
208 55.0
467 70.0
621 92.0
95 87.0
381 30.0
109 66.0
82 64.0
483 25.0
64 14.0
96 14.0
96 23.0
602 2.0
276 76.0
689 65.0
346 7.0
117 76.0
963 32.0
30 86.0
691 36.0
533 24.0
732 44.0
97 100.0
988 80.0
968 91.0
193 94.0
206 71.0
620 4.0
890 37.0
860 39.0
883 21.0
353 17.0
233 25.0
916 61.0
222 8.0
98 95.0
300 22.0
417 22.0
43 38.0
84 47.0
858 83.0
635 68.0
492 57.0
436 18.0
99 100.0
589 8.0
870 71.0
178 19.0
291 91.0
967 60.0
507 21.0
19 35.0
394 50.0
644 83.0
418 13.0
572 98.0
565 83.0
133 4.0
100 100.0
291 93.0
901 8.0
22 24.0
672 23.0
398 17.0
332 86.0
492 84.0
40 29.0
463 32.0
785 96.0
709 33.0
101 32.0
114 40.0
942 48.0
315 14.0
161 29.0
208 32.0
245 77.0
596 96.0
102 92.0
987 75.0
86 45.0
708 57.0
85 1.0
146 55.0
152 16.0
662 100.0
369 32.0
103 66.0
725 86.0
932 34.0
789 29.0
343 53.0
372 29.0
602 44.0
927 4.0
630 12.0
104 91.0
711 7.0
814 46.0
507 18.0
537 25.0
724 1.0
11 33.0
1000 62.0
105 25.0
60 92.0
245 42.0
846 38.0
134 78.0
363 53.0
619 8.0
106 59.0
276 57.0
300 87.0
228 85.0
873 40.0
118 4.0
401 43.0
908 10.0
9 8.0
447 68.0
543 40.0
816 27.0
216 52.0
746 14.0
570 15.0
107 72.0
627 66.0
324 99.0
226 13.0
759 76.0
812 41.0
108 9.0
658 98.0
239 24.0
470 91.0
93 73.0
673 57.0
851 11.0
198 98.0
28 1.0
311 28.0
382 97.0
109 10.0
503 29.0
380 18.0
448 36.0
272 39.0
422 21.0
808 50.0
923 85.0
815 97.0
122 7.0
230 8.0
315 57.0
588 61.0
420 25.0
110 6.0
564 6.0
623 99.0
535 24.0
585 93.0
65 80.0
81 40.0
12 45.0
904 35.0
343 12.0
15 27.0
593 76.0
204 68.0
627 5.0
96 30.0
111 76.0
107 29.0
701 37.0
296 1.0
731 42.0
138 86.0
379 37.0
591 79.0
797 47.0
476 55.0
994 42.0
355 26.0
84 79.0
404 48.0
112 4.0
713 60.0
184 41.0
651 23.0
806 6.0
553 48.0
42 55.0
828 22.0
106 70.0
381 53.0
8 56.0
925 60.0
695 89.0
731 8.0
969 18.0
113 57.0
698 35.0
5 6.0
42 2.0
429 74.0
500 45.0
283 81.0
105 17.0
727 53.0
151 100.0
80 79.0
324 74.0
572 99.0
588 75.0
114 55.0
242 54.0
690 8.0
739 67.0
831 15.0
860 72.0
39 28.0
239 35.0
649 2.0
115 45.0
622 3.0
785 100.0
187 27.0
510 49.0
762 74.0
482 27.0
714 95.0
576 8.0
846 77.0
639 53.0
837 48.0
802 54.0
800 93.0
261 91.0
929 55.0
14 31.0
116 85.0
258 27.0
658 3.0
370 27.0
145 4.0
814 98.0
652 77.0
119 95.0
632 73.0
926 95.0
367 93.0
647 26.0
478 20.0
117 54.0
209 26.0
442 33.0
575 70.0
408 47.0
340 13.0
497 34.0
147 58.0
118 69.0
870 39.0
616 21.0
490 76.0
650 82.0
413 44.0
820 60.0
543 79.0
119 72.0
576 49.0
389 14.0
798 73.0
782 74.0
203 19.0
422 58.0
859 31.0
507 63.0
840 32.0
122 58.0
120 42.0
939 42.0
542 42.0
468 39.0
595 83.0
598 80.0
700 5.0
276 54.0
76 74.0
623 39.0
121 75.0
873 14.0
205 18.0
578 82.0
462 11.0
466 14.0
860 38.0
735 69.0
502 89.0
733 38.0
930 29.0
122 19.0
411 61.0
38 36.0
431 24.0
287 80.0
45 53.0
879 28.0
197 57.0
123 66.0
921 90.0
892 17.0
465 36.0
979 77.0
372 51.0
999 36.0
187 66.0
564 28.0
557 66.0
124 86.0
132 94.0
608 53.0
42 23.0
286 60.0
572 85.0
204 85.0
703 18.0
82 86.0
438 23.0
125 86.0
650 77.0
477 80.0
641 61.0
669 98.0
316 18.0
432 27.0
403 60.0
599 76.0
648 45.0
126 84.0
577 91.0
75 35.0
792 76.0
834 54.0
385 93.0
54 81.0
415 80.0
867 23.0
321 14.0
946 38.0
775 54.0
127 58.0
223 7.0
337 73.0
929 24.0
379 9.0
331 11.0
285 27.0
959 69.0
128 33.0
803 29.0
526 38.0
302 49.0
213 99.0
884 18.0
19 25.0
55 18.0
674 41.0
119 40.0
568 9.0
129 9.0
875 50.0
244 4.0
11 72.0
898 89.0
20 1.0
510 35.0
764 48.0
749 60.0
437 72.0
693 48.0
686 14.0
993 34.0
130 1.0
794 24.0
722 86.0
341 68.0
120 2.0
791 29.0
512 83.0
364 18.0
705 94.0
64 14.0
418 2.0
429 1.0
131 82.0
618 95.0
586 81.0
707 64.0
178 66.0
865 1.0
462 31.0
208 43.0
703 48.0
188 74.0
103 29.0
446 43.0
496 92.0
907 4.0
132 16.0
857 13.0
571 67.0
251 26.0
873 47.0
295 22.0
882 54.0
133 44.0
273 59.0
222 79.0
138 22.0
75 86.0
479 3.0
558 26.0
510 3.0
622 71.0
942 42.0
150 76.0
288 36.0
134 57.0
742 24.0
21 29.0
761 72.0
777 77.0
629 18.0
691 20.0
780 71.0
435 69.0
712 37.0
979 67.0
347 67.0
508 28.0
479 80.0
135 26.0
579 47.0
627 11.0
203 64.0
375 31.0
58 98.0
121 48.0
882 53.0
23 68.0
528 34.0
446 63.0
43 100.0
656 28.0
136 53.0
121 61.0
761 76.0
347 58.0
558 1.0
693 13.0
993 81.0
236 41.0
127 74.0
137 12.0
796 31.0
212 10.0
877 17.0
475 80.0
390 79.0
572 43.0
554 81.0
281 47.0
138 66.0
106 83.0
286 2.0
439 62.0
32 53.0
305 36.0
256 90.0
839 97.0
257 14.0
832 86.0
173 57.0
30 12.0
139 29.0
746 48.0
322 54.0
927 4.0
530 11.0
312 28.0
345 90.0
75 56.0
390 76.0
80 95.0
182 94.0
981 43.0
140 44.0
360 85.0
316 92.0
723 61.0
274 23.0
211 36.0
788 48.0
706 5.0
295 5.0
110 89.0
77 4.0
201 48.0
677 97.0
186 76.0
959 83.0
393 39.0
141 41.0
430 12.0
705 75.0
191 30.0
516 50.0
386 63.0
369 45.0
922 43.0
676 44.0
52 66.0
504 87.0
142 62.0
940 72.0
478 30.0
661 85.0
46 71.0
193 93.0
890 60.0
400 91.0
304 38.0
646 74.0
630 1.0
725 34.0
488 16.0
159 63.0
143 100.0
913 69.0
152 75.0
619 58.0
9 47.0
723 70.0
573 22.0
882 29.0
207 60.0
144 94.0
175 44.0
612 40.0
137 29.0
300 41.0
907 94.0
172 74.0
145 20.0
231 60.0
55 61.0
252 50.0
881 27.0
317 21.0
383 35.0
743 69.0
354 20.0
462 53.0
984 81.0
744 19.0
385 78.0
548 30.0
146 59.0
325 99.0
420 74.0
891 27.0
565 43.0
233 92.0
382 58.0
133 83.0
793 49.0
60 40.0
147 52.0
199 48.0
548 95.0
999 36.0
377 71.0
820 53.0
110 71.0
553 24.0
148 50.0
900 61.0
466 73.0
881 50.0
739 62.0
577 92.0
974 9.0
195 15.0
450 23.0
764 35.0
299 96.0
773 53.0
477 21.0
498 97.0
96 34.0
515 73.0
36 63.0
149 92.0
512 66.0
903 38.0
267 3.0
194 49.0
893 93.0
578 99.0
214 96.0
38 7.0
150 1.0
417 75.0
686 95.0
299 64.0
697 85.0
604 46.0
926 61.0
153 11.0
857 73.0
540 58.0
239 69.0
408 83.0
151 66.0
260 100.0
499 5.0
947 26.0
872 55.0
805 62.0
712 100.0
321 12.0
871 34.0
751 70.0
630 8.0
16 34.0
412 97.0
166 39.0
152 72.0
675 98.0
334 28.0
480 17.0
57 43.0
556 97.0
661 76.0
293 6.0
656 1.0
300 43.0
637 27.0
182 21.0
629 22.0
153 43.0
428 93.0
885 87.0
627 93.0
271 24.0
349 76.0
545 39.0
328 90.0
284 81.0
155 28.0
128 57.0
300 93.0
154 82.0
543 28.0
245 36.0
663 42.0
628 68.0
278 71.0
996 60.0
418 36.0
62 96.0
829 10.0
579 56.0
155 4.0
374 12.0
596 19.0
422 83.0
923 23.0
472 21.0
351 22.0
674 35.0
268 24.0
787 33.0
257 12.0
933 97.0
239 35.0
114 23.0
156 31.0
247 21.0
6 22.0
3 59.0
222 19.0
299 75.0
101 48.0
986 61.0
65 25.0
157 98.0
500 98.0
51 40.0
916 93.0
419 28.0
495 77.0
944 83.0
297 54.0
224 16.0
354 22.0
907 59.0
493 14.0
434 85.0
861 72.0
153 73.0
158 83.0
381 13.0
773 34.0
49 27.0
705 75.0
307 61.0
70 39.0
873 4.0
440 79.0
311 64.0
154 65.0
263 28.0
594 21.0
159 9.0
734 48.0
858 79.0
321 54.0
585 44.0
232 28.0
41 72.0
957 49.0
737 29.0
94 97.0
270 59.0
138 26.0
969 63.0
911 75.0
558 23.0
806 27.0
868 27.0
84 72.0
263 52.0
867 32.0
749 78.0
160 49.0
380 27.0
734 77.0
338 71.0
649 67.0
619 97.0
308 26.0
361 74.0
782 27.0
34 34.0
691 9.0
416 93.0
161 62.0
518 75.0
696 4.0
902 83.0
348 78.0
162 39.0
782 34.0
804 11.0
302 69.0
785 38.0
49 73.0
730 92.0
138 59.0
183 23.0
147 65.0
672 99.0
353 24.0
747 74.0
163 15.0
13 45.0
522 11.0
171 57.0
14 14.0
542 32.0
53 76.0
214 47.0
337 33.0
676 11.0
490 62.0
138 99.0
618 70.0
955 30.0
195 76.0
90 29.0
767 89.0
164 64.0
307 26.0
553 62.0
306 58.0
928 13.0
129 52.0
359 35.0
192 1.0
465 46.0
151 29.0
866 73.0
401 85.0
55 100.0
52 16.0
165 43.0
470 97.0
777 27.0
666 6.0
686 35.0
381 57.0
752 92.0
91 87.0
720 72.0
529 93.0
757 2.0
619 65.0
460 96.0
310 35.0
166 83.0
243 10.0
974 77.0
795 33.0
711 52.0
543 64.0
204 76.0
217 26.0
694 59.0
151 1.0
348 72.0
892 20.0
490 58.0
385 36.0
909 90.0
167 81.0
508 90.0
274 84.0
815 75.0
753 57.0
176 91.0
377 76.0
288 33.0
404 27.0
411 31.0
539 27.0
821 57.0
686 56.0
215 92.0
262 20.0
131 75.0
472 37.0
242 87.0
168 79.0
625 25.0
717 14.0
464 36.0
891 99.0
144 80.0
377 97.0
404 11.0
326 63.0
804 82.0
142 65.0
169 97.0
351 41.0
138 37.0
92 17.0
885 81.0
605 64.0
678 70.0
83 47.0
778 59.0
116 54.0
819 88.0
170 65.0
62 66.0
4 78.0
768 88.0
520 98.0
948 24.0
648 50.0
943 27.0
976 85.0
280 12.0
734 80.0
171 68.0
339 37.0
701 92.0
38 94.0
942 69.0
786 93.0
971 88.0
367 96.0
37 98.0
172 62.0
441 30.0
895 87.0
345 94.0
398 78.0
101 42.0
83 8.0
777 40.0
251 14.0
353 13.0
173 38.0
375 35.0
236 32.0
358 80.0
594 5.0
356 85.0
990 3.0
114 20.0
255 10.0
376 41.0
106 32.0
829 16.0
989 65.0
68 24.0
774 51.0
972 38.0
549 60.0
284 34.0
531 40.0
129 68.0
174 22.0
828 7.0
700 59.0
355 65.0
955 52.0
731 23.0
825 29.0
271 8.0
479 45.0
294 69.0
175 41.0
143 82.0
391 97.0
733 37.0
238 62.0
948 25.0
950 43.0
637 64.0
692 72.0
910 18.0
585 15.0
176 42.0
378 50.0
221 50.0
251 36.0
521 53.0
329 52.0
956 37.0
177 92.0
836 17.0
748 84.0
708 19.0
435 100.0
354 37.0
990 80.0
847 84.0
497 3.0
509 50.0
199 48.0
499 67.0
700 14.0
890 19.0
178 25.0
303 36.0
601 38.0
71 23.0
794 37.0
138 27.0
826 87.0
697 41.0
599 34.0
479 99.0
440 7.0
468 32.0
995 22.0
179 11.0
858 39.0
325 14.0
586 96.0
76 14.0
728 18.0
969 71.0
753 52.0
800 40.0
113 45.0
180 25.0
617 42.0
3 41.0
888 10.0
74 17.0
485 30.0
325 89.0
845 48.0
181 81.0
31 22.0
629 11.0
61 48.0
350 20.0
389 11.0
343 95.0
496 90.0
916 12.0
654 91.0
337 87.0
598 35.0
182 39.0
164 62.0
757 69.0
148 1.0
143 63.0
468 77.0
670 6.0
139 38.0
926 38.0
625 98.0
273 94.0
57 21.0
425 54.0
365 41.0
183 27.0
960 43.0
403 86.0
715 60.0
284 72.0
774 81.0
231 2.0
441 25.0
950 68.0
591 85.0
908 1.0
184 47.0
845 14.0
964 92.0
373 92.0
256 17.0
658 47.0
872 61.0
172 20.0
610 78.0
149 61.0
325 12.0
250 7.0
12 76.0
24 14.0
185 92.0
24 12.0
932 50.0
264 31.0
15 59.0
852 50.0
952 88.0
186 44.0
94 15.0
59 10.0
562 11.0
677 44.0
747 66.0
309 85.0
573 77.0
346 54.0
319 53.0
423 54.0
404 45.0
708 39.0
760 67.0
655 29.0
20 48.0
187 45.0
927 4.0
920 72.0
518 1.0
236 16.0
866 37.0
502 96.0
188 53.0
728 65.0
892 100.0
656 60.0
723 34.0
312 66.0
820 68.0
937 78.0
307 83.0
698 2.0
628 35.0
976 37.0
189 22.0
348 87.0
124 22.0
564 1.0
496 96.0
729 44.0
434 6.0
827 80.0
190 55.0
600 87.0
773 8.0
567 23.0
166 34.0
714 18.0
653 50.0
369 74.0
191 27.0
539 16.0
920 92.0
481 6.0
344 75.0
179 4.0
898 43.0
230 29.0
878 78.0
342 79.0
150 95.0
113 19.0
73 54.0
985 7.0
584 19.0
192 13.0
361 65.0
231 77.0
465 97.0
24 72.0
57 87.0
700 18.0
676 6.0
193 63.0
976 74.0
497 27.0
566 74.0
552 50.0
270 24.0
336 75.0
137 28.0
194 93.0
201 29.0
99 26.0
468 18.0
515 23.0
74 36.0
528 56.0
611 90.0
358 12.0
517 59.0
195 23.0
914 16.0
401 32.0
153 74.0
768 92.0
859 100.0
614 15.0
278 79.0
577 14.0
97 81.0
319 74.0
196 50.0
444 91.0
999 69.0
962 79.0
796 69.0
572 65.0
339 55.0
82 32.0
743 4.0
976 62.0
28 14.0
197 54.0
362 46.0
950 9.0
225 66.0
458 80.0
636 78.0
421 49.0
969 78.0
760 51.0
464 100.0
198 79.0
715 7.0
743 58.0
387 60.0
969 25.0
303 1.0
934 63.0
688 21.0
432 54.0
719 9.0
199 84.0
576 69.0
213 39.0
730 78.0
911 41.0
142 59.0
948 10.0
858 83.0
286 44.0
242 96.0
554 27.0
54 13.0
941 57.0
851 33.0
705 79.0
200 61.0
960 79.0
202 54.0
536 61.0
713 78.0
442 32.0
189 85.0
225 12.0
102 17.0
909 52.0
384 51.0
201 24.0
486 91.0
190 40.0
257 88.0
446 15.0
510 86.0
656 22.0
284 26.0
960 35.0
27 87.0
202 14.0
292 84.0
146 35.0
707 19.0
179 55.0
774 62.0
121 35.0
157 30.0
924 61.0
257 55.0
880 21.0
323 8.0
863 32.0
203 12.0
699 61.0
318 48.0
279 100.0
774 55.0
273 8.0
764 92.0
769 87.0
685 94.0
836 72.0
515 46.0
803 32.0
870 57.0
666 92.0
964 65.0
204 30.0
961 90.0
121 69.0
289 86.0
905 51.0
685 70.0
656 67.0
840 85.0
570 99.0
123 61.0
112 76.0
205 58.0
944 34.0
198 34.0
5 8.0
662 21.0
98 9.0
991 95.0
785 34.0
930 52.0
398 2.0
375 86.0
548 68.0
206 73.0
959 1.0
25 96.0
303 96.0
277 15.0
132 7.0
207 15.0
603 19.0
748 67.0
252 84.0
261 93.0
11 99.0
463 39.0
386 64.0
715 97.0
342 49.0
548 32.0
208 74.0
511 35.0
607 2.0
429 95.0
102 54.0
884 15.0
8 1.0
982 13.0
41 17.0
720 69.0
42 95.0
528 5.0
903 34.0
307 2.0
655 89.0
508 22.0
738 24.0
209 77.0
277 88.0
314 22.0
488 10.0
802 85.0
907 94.0
788 16.0
108 36.0
613 85.0
173 33.0
210 68.0
117 89.0
180 26.0
671 99.0
978 14.0
88 59.0
445 79.0
211 39.0
529 5.0
431 94.0
942 61.0
341 2.0
924 15.0
136 29.0
258 69.0
320 25.0
17 54.0
212 77.0
375 1.0
426 73.0
222 88.0
969 2.0
868 91.0
488 30.0
635 37.0
179 75.0
189 12.0
310 21.0
223 61.0
213 94.0
710 75.0
424 61.0
828 71.0
268 10.0
145 10.0
967 4.0
637 74.0
856 27.0
176 5.0
214 100.0
356 86.0
728 87.0
344 25.0
449 40.0
121 55.0
661 80.0
79 19.0
473 84.0
215 68.0
781 93.0
11 26.0
897 45.0
819 66.0
920 63.0
476 75.0
124 12.0
984 23.0
536 22.0
869 51.0
390 27.0
216 55.0
952 20.0
55 93.0
264 2.0
683 98.0
671 19.0
20 22.0
635 61.0
325 45.0
737 34.0
797 89.0
784 34.0
579 62.0
723 10.0
202 24.0
217 82.0
382 41.0
741 74.0
592 90.0
263 94.0
132 51.0
576 81.0
219 45.0
218 56.0
981 89.0
962 20.0
142 89.0
346 40.0
935 35.0
590 4.0
219 52.0
262 51.0
463 90.0
775 95.0
248 40.0
551 18.0
446 29.0
761 56.0
363 61.0
514 5.0
464 91.0
724 17.0
847 43.0
126 20.0
839 26.0
18 63.0
220 76.0
535 29.0
362 81.0
984 56.0
279 84.0
148 3.0
25 37.0
468 56.0
789 12.0
746 17.0
812 42.0
420 7.0
221 34.0
578 100.0
603 99.0
98 31.0
78 84.0
816 49.0
275 38.0
410 3.0
997 19.0
436 49.0
222 3.0
773 64.0
527 42.0
167 73.0
28 55.0
852 23.0
223 42.0
697 16.0
688 4.0
165 19.0
282 39.0
316 80.0
224 76.0
538 27.0
593 91.0
465 62.0
330 74.0
856 48.0
115 12.0
861 11.0
225 22.0
279 37.0
38 43.0
143 9.0
778 90.0
535 49.0
503 88.0
79 84.0
672 52.0
799 98.0
55 88.0
373 6.0
925 26.0
226 94.0
731 72.0
104 63.0
684 8.0
249 61.0
111 87.0
703 15.0
136 27.0
849 43.0
334 46.0
783 30.0
713 85.0
73 66.0
227 36.0
266 58.0
3 23.0
135 90.0
233 100000.0
759 11.0
445 87.0
228 35.0
190 86.0
844 83.0
144 4.0
431 15.0
219 41.0
878 14.0
353 45.0
265 21.0
486 88.0
550 16.0
685 85.0
401 71.0
839 49.0
669 5.0
229 64.0
321 2.0
307 25.0
503 14.0
211 38.0
726 8.0
796 1.0
749 15.0
84 48.0
230 43.0
458 39.0
814 73.0
550 61.0
811 82.0
565 13.0
261 55.0
456 17.0
530 28.0
1000 83.0
77 39.0
244 22.0
927 54.0
718 78.0
831 19.0
30 91.0
111 98.0
792 86.0
231 20.0
209 3.0
163 24.0
926 35.0
838 17.0
519 79.0
484 18.0
612 55.0
692 24.0
483 37.0
320 48.0
244 49.0
291 86.0
26 60.0
232 81.0
939 68.0
254 59.0
957 40.0
842 22.0
572 93.0
467 28.0
57 4.0
579 86.0
926 2.0
655 89.0
233 95.0
299 69.0
114 72.0
504 45.0
937 13.0
127 65.0
82 74.0
436 44.0
719 51.0
669 100.0
663 65.0
449 81.0
234 18.0
807 49.0
405 28.0
263 57.0
561 90.0
503 29.0
142 15.0
316 83.0
466 93.0
673 34.0
736 68.0
835 100000.0
235 69.0
858 73.0
485 99.0
96 5.0
581 25.0
570 16.0
667 64.0
277 85.0
506 5.0
867 35.0
18 37.0
236 1.0
746 4.0
140 81.0
454 48.0
436 37.0
725 58.0
522 22.0
793 2.0
51 75.0
237 77.0
193 8.0
516 14.0
204 95.0
441 77.0
996 38.0
181 22.0
913 39.0
375 87.0
954 99.0
500 48.0
474 25.0
711 16.0
962 65.0
666 68.0
382 61.0
238 6.0
484 48.0
333 42.0
181 31.0
360 61.0
419 8.0
472 60.0
958 72.0
418 16.0
39 28.0
239 22.0
813 83.0
618 55.0
171 67.0
361 41.0
977 25.0
884 3.0
240 67.0
299 81.0
229 3.0
602 27.0
894 7.0
7 42.0
402 37.0
773 83.0
241 16.0
947 30.0
191 29.0
171 55.0
392 49.0
895 97.0
443 67.0
634 5.0
523 44.0
150 21.0
18 26.0
927 29.0
61 88.0
242 30.0
69 80.0
197 79.0
569 29.0
315 95.0
296 30.0
644 3.0
584 91.0
950 35.0
719 65.0
23 4.0
243 37.0
574 98.0
842 1.0
83 41.0
570 64.0
874 11.0
752 79.0
509 16.0
217 73.0
521 28.0
119 98.0
406 33.0
244 80.0
486 67.0
323 71.0
333 78.0
923 11.0
98 52.0
339 60.0
245 81.0
814 41.0
115 9.0
997 36.0
815 62.0
14 73.0
702 86.0
329 92.0
100 98.0
203 33.0
582 27.0
567 92.0
246 7.0
13 56.0
297 38.0
466 33.0
240 68.0
964 14.0
417 1.0
471 10.0
630 85.0
636 80.0
443 11.0
293 12.0
784 24.0
614 2.0
247 41.0
710 86.0
93 24.0
64 43.0
467 29.0
423 74.0
28 67.0
248 99.0
867 47.0
293 3.0
86 51.0
273 46.0
353 18.0
671 44.0
249 64.0
291 84.0
876 45.0
699 60.0
744 80.0
168 13.0
792 95.0
257 2.0
250 69.0
695 13.0
398 32.0
990 58.0
626 14.0
349 67.0
957 84.0
92 13.0
847 54.0
468 90.0
411 33.0
566 96.0
265 64.0
251 11.0
399 84.0
504 62.0
294 13.0
35 73.0
135 27.0
290 9.0
484 97.0
650 50.0
252 3.0
100 28.0
879 92.0
708 83.0
722 65.0
896 77.0
357 82.0
695 53.0
900 47.0
314 85.0
372 21.0
307 29.0
38 46.0
823 27.0
767 64.0
253 15.0
902 99.0
550 3.0
355 65.0
303 6.0
932 8.0
991 42.0
254 3.0
487 34.0
782 16.0
973 12.0
771 44.0
582 5.0
844 37.0
244 92.0
115 4.0
491 11.0
687 46.0
255 60.0
899 29.0
72 68.0
944 60.0
214 9.0
332 95.0
706 56.0
11 23.0
511 9.0
29 15.0
943 88.0
256 83.0
872 29.0
153 94.0
961 92.0
63 72.0
595 100.0
795 56.0
983 44.0
257 47.0
293 92.0
530 56.0
628 73.0
20 80.0
149 12.0
219 20.0
370 62.0
865 65.0
473 29.0
124 99.0
258 65.0
901 16.0
504 8.0
8 35.0
31 74.0
652 62.0
718 95.0
715 24.0
535 44.0
294 98.0
38 71.0
420 22.0
120 61.0
259 28.0
117 17.0
952 67.0
155 37.0
611 57.0
352 11.0
500 46.0
579 72.0
328 38.0
585 85.0
978 100.0
505 80.0
260 9.0
402 64.0
835 33.0
818 69.0
447 75.0
34 12.0
425 75.0
811 45.0
395 32.0
261 46.0
951 51.0
255 47.0
216 48.0
881 89.0
580 91.0
512 25.0
938 72.0
820 15.0
1 64.0
817 52.0
145 54.0
262 57.0
757 94.0
544 14.0
498 18.0
936 63.0
582 44.0
652 29.0
550 94.0
116 55.0
263 54.0
621 5.0
956 91.0
820 2.0
543 66.0
726 41.0
645 36.0
846 48.0
661 59.0
747 99.0
264 98.0
282 29.0
231 32.0
499 78.0
228 49.0
749 34.0
680 10.0
505 56.0
567 85.0
102 22.0
140 7.0
454 41.0
265 85.0
617 52.0
963 20.0
114 17.0
616 56.0
66 87.0
100 20.0
266 9.0
776 95.0
872 96.0
107 29.0
586 51.0
809 52.0
314 21.0
356 83.0
593 87.0
84 64.0
753 26.0
927 21.0
914 37.0
267 34.0
294 93.0
613 18.0
868 33.0
480 58.0
295 31.0
943 24.0
405 76.0
794 45.0
472 40.0
520 6.0
296 70.0
926 86.0
687 89.0
575 89.0
268 22.0
515 78.0
548 51.0
998 96.0
846 72.0
907 86.0
133 63.0
288 56.0
318 49.0
269 85.0
428 83.0
691 99.0
1 36.0
246 36.0
902 59.0
266 64.0
557 59.0
476 74.0
596 49.0
68 56.0
524 62.0
427 39.0
662 89.0
12 18.0
270 38.0
897 27.0
830 78.0
744 24.0
73 7.0
789 69.0
21 7.0
250 40.0
76 33.0
932 48.0
332 88.0
337 96.0
438 15.0
499 32.0
951 97.0
271 40.0
866 72.0
346 71.0
502 26.0
142 95.0
23 84.0
182 56.0
582 24.0
272 48.0
252 100.0
928 80.0
707 72.0
335 44.0
342 100.0
511 18.0
409 11.0
917 67.0
273 13.0
124 92.0
277 89.0
735 68.0
747 78.0
690 53.0
436 45.0
950 86.0
369 24.0
259 66.0
675 54.0
449 7.0
502 18.0
524 51.0
274 87.0
404 24.0
410 67.0
510 63.0
617 23.0
393 92.0
336 14.0
828 40.0
388 71.0
428 31.0
58 57.0
275 67.0
549 100.0
4 69.0
720 49.0
745 85.0
65 60.0
248 54.0
824 100.0
971 41.0
943 39.0
375 79.0
517 91.0
276 23.0
832 71.0
671 3.0
549 34.0
385 82.0
957 34.0
383 92.0
595 47.0
488 70.0
424 14.0
277 31.0
730 36.0
3 55.0
688 65.0
262 84.0
65 78.0
784 30.0
687 5.0
43 17.0
728 37.0
517 5.0
750 77.0
636 86.0
742 60.0
278 36.0
651 46.0
944 80.0
341 95.0
379 90.0
610 78.0
996 78.0
659 39.0
279 95.0
751 60.0
135 61.0
948 38.0
507 57.0
706 52.0
360 37.0
280 95.0
589 48.0
259 97.0
800 20.0
310 83.0
791 12.0
885 17.0
852 89.0
281 56.0
107 24.0
672 60.0
700 95.0
572 97.0
129 75.0
118 1.0
384 9.0
199 59.0
887 50.0
253 90.0
520 39.0
506 37.0
282 95.0
596 22.0
507 55.0
191 80.0
102 92.0
396 5.0
900 7.0
179 45.0
259 21.0
876 37.0
554 60.0
194 96.0
706 63.0
157 56.0
152 74.0
283 27.0
485 98.0
188 15.0
890 68.0
757 87.0
532 75.0
361 36.0
284 58.0
520 73.0
458 65.0
529 52.0
275 53.0
8 23.0
863 9.0
53 33.0
961 13.0
307 86.0
492 1.0
190 50.0
524 78.0
285 39.0
161 81.0
490 87.0
791 10.0
966 58.0
909 52.0
705 89.0
267 40.0
976 70.0
533 86.0
696 54.0
316 20.0
304 39.0
493 1.0
550 59.0
423 39.0
817 21.0
202 69.0
513 90.0
191 87.0
594 76.0
117 14.0
694 98.0
286 25.0
547 2.0
476 60.0
563 81.0
344 34.0
118 61.0
166 34.0
337 30.0
993 80.0
596 96.0
287 23.0
376 60.0
582 75.0
963 7.0
302 4.0
760 11.0
308 85.0
221 88.0
267 3.0
920 97.0
904 70.0
373 83.0
838 29.0
602 35.0
86 37.0
519 32.0
288 4.0
811 56.0
944 56.0
628 73.0
256 73.0
225 91.0
199 36.0
261 57.0
316 86.0
238 4.0
289 36.0
137 66.0
873 58.0
512 4.0
47 26.0
938 18.0
808 67.0
250 9.0
996 13.0
601 17.0
415 39.0
960 6.0
589 74.0
230 85.0
422 67.0
674 78.0
290 55.0
775 99.0
88 53.0
97 82.0
259 54.0
5 92.0
181 53.0
961 61.0
692 37.0
204 85.0
241 83.0
291 37.0
274 56.0
240 86.0
534 79.0
873 14.0
697 93.0
249 97.0
831 22.0
696 47.0
998 66.0
105 40.0
375 18.0
37 8.0
292 73.0
267 44.0
409 45.0
805 42.0
101 59.0
683 2.0
485 21.0
152 65.0
312 81.0
385 87.0
293 50.0
700 44.0
536 98.0
251 73.0
872 35.0
773 47.0
351 70.0
729 57.0
639 6.0
809 87.0
486 28.0
225 95.0
294 59.0
715 52.0
834 100000.0
230 27.0
223 56.0
469 78.0
997 87.0
501 54.0
493 85.0
371 9.0
533 93.0
332 74.0
48 67.0
496 84.0
295 19.0
454 37.0
1000 91.0
974 9.0
254 29.0
481 57.0
160 32.0
296 71.0
321 58.0
71 41.0
794 50.0
765 21.0
963 89.0
957 38.0
448 75.0
975 77.0
720 14.0
590 9.0
557 4.0
651 64.0
813 49.0
756 97.0
922 10.0
333 28.0
297 6.0
374 46.0
608 22.0
767 73.0
187 57.0
491 82.0
443 88.0
865 94.0
966 90.0
909 56.0
351 89.0
517 50.0
298 19.0
859 97.0
989 85.0
754 86.0
918 2.0
991 9.0
696 19.0
386 80.0
28 72.0
299 2.0
48 93.0
287 28.0
959 94.0
338 85.0
563 42.0
579 37.0
376 93.0
776 97.0
585 4.0
227 94.0
300 31.0
401 93.0
316 26.0
207 81.0
830 2.0
250 35.0
410 5.0
174 97.0
154 95.0
189 48.0
744 14.0
932 22.0
301 71.0
682 2.0
640 19.0
265 3.0
357 55.0
848 95.0
884 70.0
845 95.0
405 19.0
302 60.0
476 84.0
450 79.0
360 13.0
180 19.0
224 39.0
641 96.0
161 23.0
167 5.0
821 31.0
1000 42.0
303 44.0
299 49.0
304 25.0
744 63.0
3 63.0
356 98.0
806 89.0
559 48.0
482 22.0
718 40.0
884 75.0
920 67.0
150 72.0
706 80.0
307 1.0
213 65.0
320 16.0
641 26.0
430 18.0
305 21.0
765 77.0
919 46.0
691 60.0
479 52.0
857 21.0
398 9.0
818 52.0
42 96.0
751 10.0
870 5.0
822 86.0
728 30.0
306 23.0
311 64.0
920 23.0
627 10.0
985 64.0
389 60.0
488 71.0
132 83.0
723 34.0
252 70.0
996 26.0
905 95.0
868 39.0
548 51.0
120 98.0
307 61.0
261 23.0
602 50.0
276 73.0
615 18.0
308 8.0
292 98.0
649 30.0
719 5.0
390 12.0
509 17.0
72 66.0
798 61.0
715 94.0
873 67.0
757 81.0
589 70.0
908 76.0
309 65.0
232 65.0
451 11.0
434 93.0
46 54.0
1000 92.0
238 50.0
692 80.0
261 19.0
935 58.0
550 84.0
330 65.0
803 4.0
310 54.0
328 58.0
110 25.0
385 51.0
404 33.0
400 43.0
196 66.0
466 55.0
311 51.0
19 57.0
492 16.0
321 89.0
577 8.0
768 87.0
797 68.0
665 6.0
771 59.0
109 73.0
312 63.0
104 68.0
364 66.0
297 1.0
303 86.0
680 85.0
930 42.0
659 18.0
108 60.0
625 93.0
53 98.0
313 87.0
866 61.0
743 94.0
893 53.0
938 71.0
719 94.0
184 20.0
240 4.0
620 52.0
62 19.0
353 54.0
939 64.0
231 38.0
160 20.0
314 76.0
625 62.0
37 13.0
657 2.0
119 94.0
371 9.0
697 87.0
425 95.0
7 13.0
315 40.0
467 51.0
402 93.0
709 34.0
494 22.0
248 70.0
567 99.0
487 71.0
59 16.0
305 70.0
811 33.0
316 62.0
729 25.0
939 78.0
276 41.0
213 26.0
760 45.0
748 12.0
933 26.0
74 7.0
662 70.0
224 45.0
81 62.0
317 61.0
858 89.0
649 38.0
863 46.0
238 90.0
65 10.0
111 89.0
57 30.0
568 59.0
520 71.0
318 79.0
412 26.0
617 6.0
601 84.0
610 38.0
589 11.0
21 59.0
987 88.0
9 93.0
889 98.0
882 50.0
330 3.0
47 94.0
319 62.0
889 50.0
706 72.0
286 58.0
278 53.0
279 97.0
471 71.0
587 49.0
363 10.0
370 98.0
541 80.0
320 97.0
131 47.0
528 30.0
745 92.0
708 39.0
687 16.0
772 40.0
617 90.0
890 84.0
321 93.0
362 16.0
473 85.0
42 74.0
12 64.0
162 85.0
239 27.0
535 24.0
366 19.0
38 35.0
653 58.0
565 18.0
322 71.0
484 94.0
323 14.0
230 2.0
670 10.0
908 54.0
57 41.0
323 63.0
795 76.0
171 21.0
114 65.0
161 31.0
667 4.0
37 45.0
324 89.0
216 25.0
334 69.0
532 32.0
647 41.0
656 25.0
951 98.0
838 78.0
914 75.0
139 63.0
393 37.0
295 60.0
932 31.0
864 26.0
465 36.0
325 15.0
317 46.0
44 9.0
605 24.0
628 74.0
577 17.0
758 67.0
760 73.0
189 28.0
409 96.0
48 27.0
326 53.0
524 64.0
383 42.0
356 77.0
996 49.0
997 2.0
111 75.0
92 75.0
984 39.0
827 18.0
327 44.0
708 40.0
434 52.0
736 15.0
970 51.0
843 88.0
301 30.0
647 54.0
328 62.0
876 90.0
214 5.0
421 76.0
20 48.0
372 95.0
701 38.0
206 86.0
546 5.0
45 73.0
255 35.0
123 6.0
329 64.0
344 31.0
68 98.0
926 37.0
695 91.0
433 45.0
372 46.0
93 80.0
330 43.0
884 3.0
872 4.0
679 8.0
503 94.0
991 49.0
331 84.0
298 96.0
487 3.0
257 71.0
605 52.0
472 40.0
644 93.0
995 77.0
494 61.0
634 52.0
332 54.0
233 69.0
556 8.0
825 64.0
627 75.0
115 42.0
934 21.0
11 39.0
605 10.0
886 5.0
189 77.0
333 75.0
415 56.0
812 13.0
212 53.0
770 12.0
469 3.0
560 26.0
850 6.0
529 82.0
924 58.0
468 34.0
318 19.0
9 28.0
263 69.0
334 19.0
352 11.0
26 72.0
517 67.0
220 33.0
293 45.0
362 100.0
657 65.0
545 76.0
37 33.0
335 36.0
81 34.0
405 13.0
819 95.0
829 35.0
436 76.0
704 51.0
336 40.0
863 45.0
177 34.0
31 45.0
288 98.0
701 86.0
660 48.0
558 95.0
873 49.0
481 60.0
743 99.0
337 31.0
498 61.0
486 41.0
753 21.0
158 54.0
379 45.0
789 69.0
325 4.0
985 51.0
373 16.0
840 76.0
338 49.0
575 75.0
894 99.0
481 13.0
782 64.0
698 94.0
24 8.0
689 92.0
267 43.0
287 2.0
499 66.0
995 4.0
339 3.0
525 31.0
368 19.0
172 28.0
738 65.0
890 3.0
603 84.0
203 78.0
454 59.0
511 39.0
854 86.0
340 44.0
809 12.0
844 12.0
697 13.0
136 18.0
608 82.0
829 35.0
173 100.0
341 61.0
997 27.0
663 70.0
448 97.0
10 60.0
248 4.0
312 80.0
255 8.0
332 37.0
339 43.0
85 51.0
342 61.0
213 70.0
519 57.0
758 60.0
791 29.0
668 6.0
348 53.0
835 65.0
862 74.0
419 62.0
976 18.0
591 31.0
343 46.0
780 10.0
325 14.0
968 23.0
691 37.0
230 34.0
909 38.0
838 99.0
661 51.0
344 44.0
26 82.0
907 73.0
85 85.0
220 55.0
203 54.0
258 25.0
345 58.0
286 47.0
721 94.0
308 55.0
401 14.0
952 100.0
774 90.0
974 67.0
143 94.0
150 6.0
706 14.0
250 51.0
247 61.0
346 18.0
472 59.0
585 38.0
943 44.0
95 34.0
532 93.0
355 87.0
307 64.0
621 68.0
347 65.0
529 43.0
332 47.0
591 35.0
19 91.0
18 94.0
632 79.0
990 37.0
748 37.0
179 55.0
999 69.0
348 58.0
972 93.0
792 77.0
403 11.0
115 7.0
232 50.0
606 66.0
699 40.0
340 57.0
185 70.0
709 21.0
731 9.0
965 31.0
963 88.0
895 75.0
349 79.0
241 25.0
31 88.0
41 44.0
615 88.0
213 79.0
90 9.0
350 60.0
973 65.0
91 78.0
342 21.0
930 38.0
33 7.0
966 63.0
140 11.0
712 45.0
665 77.0
572 19.0
720 11.0
351 28.0
223 72.0
280 44.0
826 43.0
299 70.0
684 12.0
820 75.0
934 50.0
556 95.0
306 63.0
352 76.0
127 24.0
145 59.0
337 3.0
135 6.0
931 53.0
443 67.0
719 32.0
353 14.0
977 72.0
776 7.0
127 92.0
910 89.0
890 54.0
442 18.0
345 13.0
354 25.0
933 86.0
700 49.0
681 46.0
406 69.0
355 87.0
544 19.0
823 41.0
503 23.0
326 53.0
510 36.0
607 53.0
874 29.0
707 22.0
356 20.0
603 1.0
741 26.0
143 78.0
900 39.0
383 34.0
274 84.0
208 32.0
357 35.0
201 86.0
574 13.0
778 71.0
625 60.0
959 59.0
951 94.0
229 45.0
104 30.0
445 95.0
207 73.0
571 74.0
992 83.0
358 55.0
716 38.0
254 12.0
373 33.0
824 86.0
501 80.0
303 92.0
218 99.0
384 76.0
293 53.0
359 16.0
744 71.0
809 51.0
656 72.0
395 36.0
775 35.0
911 81.0
537 30.0
747 67.0
271 54.0
903 63.0
129 98.0
360 40.0
55 100.0
351 70.0
496 97.0
57 25.0
895 37.0
56 49.0
959 44.0
989 90.0
280 58.0
883 38.0
361 63.0
651 3.0
530 29.0
24 87.0
199 43.0
612 29.0
128 53.0
695 89.0
591 84.0
175 1.0
362 70.0
599 98.0
173 13.0
397 98.0
461 30.0
304 73.0
794 4.0
205 63.0
726 78.0
770 69.0
904 51.0
761 55.0
728 41.0
750 32.0
123 42.0
865 52.0
902 63.0
856 50.0
628 55.0
363 1.0
877 90.0
740 90.0
803 50.0
183 84.0
228 75.0
353 45.0
243 85.0
26 47.0
806 6.0
612 100.0
497 35.0
879 72.0
746 80.0
188 32.0
664 30.0
954 20.0
364 62.0
775 36.0
983 40.0
292 73.0
163 21.0
24 22.0
532 60.0
266 16.0
535 38.0
855 97.0
467 62.0
321 27.0
847 10.0
348 27.0
715 41.0
365 39.0
424 29.0
995 32.0
352 67.0
39 36.0
67 24.0
664 15.0
332 33.0
703 10.0
548 81.0
366 76.0
538 56.0
136 40.0
317 43.0
406 94.0
99 6.0
294 58.0
367 87.0
555 8.0
411 93.0
295 35.0
67 61.0
78 91.0
330 77.0
195 80.0
603 79.0
476 100.0
368 86.0
798 25.0
937 56.0
370 48.0
120 48.0
176 75.0
395 69.0
405 64.0
255 27.0
939 98.0
489 75.0
208 74.0
327 59.0
595 32.0
369 90.0
210 44.0
657 33.0
853 85.0
594 33.0
459 64.0
999 77.0
632 59.0
991 16.0
370 24.0
965 75.0
221 4.0
112 19.0
453 1.0
371 31.0
173 44.0
282 60.0
122 41.0
440 13.0
28 56.0
689 12.0
258 6.0
627 24.0
910 6.0
251 30.0
329 21.0
791 97.0
761 37.0
372 70.0
685 96.0
210 75.0
350 24.0
962 34.0
374 91.0
243 3.0
373 25.0
123 66.0
842 84.0
551 47.0
828 13.0
706 32.0
855 79.0
289 15.0
984 92.0
374 36.0
236 9.0
54 88.0
465 37.0
10 84.0
939 29.0
56 21.0
375 1.0
986 8.0
395 18.0
376 100.0
669 68.0
316 26.0
137 3.0
639 66.0
386 100000.0
812 73.0
242 89.0
377 93.0
225 76.0
899 78.0
908 13.0
477 30.0
122 76.0
444 69.0
381 91.0
269 81.0
495 26.0
910 55.0
378 93.0
395 62.0
818 93.0
968 48.0
235 32.0
146 73.0
46 43.0
497 13.0
370 46.0
598 72.0
379 51.0
881 1.0
948 12.0
573 24.0
43 20.0
339 90.0
579 2.0
520 56.0
709 96.0
601 68.0
678 72.0
619 91.0
657 99.0
9 15.0
615 18.0
380 95.0
846 100.0
218 78.0
678 51.0
420 1.0
386 90.0
258 89.0
351 47.0
517 51.0
645 90.0
849 31.0
569 12.0
980 57.0
381 98.0
202 8.0
847 98.0
366 41.0
459 70.0
746 88.0
866 25.0
102 88.0
882 72.0
863 52.0
382 97.0
524 16.0
123 42.0
255 22.0
681 47.0
937 51.0
715 5.0
399 60.0
489 68.0
383 87.0
653 48.0
265 21.0
902 93.0
31 37.0
165 65.0
658 34.0
109 43.0
475 10.0
726 59.0
876 75.0
721 100.0
564 33.0
432 80.0
384 10.0
18 53.0
168 75.0
1000 63.0
674 78.0
659 93.0
975 89.0
895 55.0
27 3.0
938 22.0
385 81.0
638 10.0
604 58.0
536 58.0
242 7.0
884 84.0
733 78.0
729 65.0
321 98.0
712 25.0
193 63.0
691 47.0
820 16.0
648 52.0
687 74.0
627 7.0
546 11.0
471 37.0
28 44.0
890 56.0
386 6.0
50 25.0
731 48.0
772 61.0
521 34.0
954 99.0
597 80.0
637 7.0
964 15.0
387 100000.0
570 98.0
123 41.0
483 82.0
462 17.0
977 85.0
663 39.0
710 27.0
998 22.0
388 87.0
949 67.0
448 93.0
483 33.0
662 40.0
897 76.0
306 18.0
10 85.0
673 27.0
722 13.0
226 100000.0
193 9.0
424 22.0
649 93.0
389 18.0
877 21.0
147 65.0
49 34.0
4 29.0
611 90.0
629 12.0
918 54.0
529 59.0
482 86.0
660 47.0
347 100.0
346 90.0
796 24.0
81 52.0
662 15.0
390 37.0
643 28.0
635 25.0
43 46.0
902 18.0
952 40.0
590 32.0
60 77.0
340 89.0
659 74.0
833 48.0
66 10.0
284 20.0
840 55.0
757 64.0
363 89.0
391 31.0
740 9.0
506 47.0
790 32.0
276 67.0
520 87.0
237 57.0
151 34.0
36 39.0
923 14.0
392 27.0
400 58.0
212 22.0
538 100.0
355 16.0
873 22.0
832 86.0
679 80.0
395 49.0
972 49.0
86 57.0
987 38.0
247 40.0
393 24.0
634 37.0
770 48.0
755 20.0
944 51.0
7 75.0
767 83.0
594 38.0
204 56.0
451 99.0
115 2.0
508 98.0
721 95.0
394 21.0
646 38.0
890 86.0
658 19.0
935 26.0
622 97.0
835 86.0
395 20.0
504 26.0
113 83.0
64 77.0
969 11.0
850 100.0
635 76.0
386 88.0
219 35.0
437 16.0
580 66.0
159 62.0
320 6.0
29 17.0
238 57.0
565 47.0
396 51.0
52 24.0
893 76.0
967 59.0
445 25.0
554 53.0
231 29.0
943 85.0
244 31.0
385 26.0
773 67.0
755 12.0
733 37.0
126 41.0
959 94.0
904 56.0
397 6.0
39 6.0
187 10.0
932 94.0
362 49.0
801 10.0
287 40.0
309 37.0
445 77.0
412 24.0
316 16.0
245 38.0
274 73.0
643 70.0
398 41.0
166 97.0
534 66.0
495 79.0
258 35.0
186 41.0
28 16.0
660 88.0
272 77.0
631 19.0
253 6.0
399 6.0
258 79.0
397 78.0
295 66.0
797 50.0
96 94.0
949 29.0
400 96.0
344 75.0
902 15.0
590 83.0
182 80.0
619 68.0
587 88.0
235 8.0
63 69.0
419 42.0
865 81.0
181 19.0
804 89.0
925 58.0
302 37.0
401 48.0
500 56.0
373 62.0
444 48.0
862 49.0
648 39.0
701 18.0
385 27.0
702 4.0
868 36.0
402 93.0
437 58.0
849 86.0
16 38.0
776 55.0
737 21.0
329 36.0
363 29.0
680 79.0
120 36.0
861 78.0
832 63.0
403 50.0
652 33.0
272 94.0
306 62.0
804 6.0
550 15.0
496 41.0
822 73.0
146 92.0
827 50.0
36 61.0
845 86.0
404 8.0
852 49.0
204 80.0
897 31.0
38 79.0
407 78.0
155 86.0
496 77.0
975 28.0
651 64.0
405 5.0
75 5.0
777 88.0
131 94.0
761 12.0
170 86.0
441 68.0
442 90.0
954 24.0
292 19.0
229 29.0
144 98.0
47 10.0
406 76.0
914 92.0
89 70.0
513 64.0
62 72.0
153 15.0
874 70.0
218 40.0
367 40.0
407 97.0
15 59.0
319 35.0
969 35.0
575 10.0
762 73.0
849 78.0
955 8.0
368 86.0
690 82.0
888 38.0
408 13.0
229 20.0
17 23.0
686 52.0
107 45.0
763 80.0
518 55.0
870 46.0
832 68.0
409 34.0
683 45.0
864 51.0
397 96.0
808 9.0
486 34.0
534 82.0
410 12.0
764 7.0
782 55.0
835 98.0
453 79.0
813 83.0
745 37.0
83 62.0
449 72.0
700 43.0
574 31.0
469 56.0
786 37.0
86 45.0
411 13.0
838 74.0
103 72.0
592 24.0
823 13.0
471 71.0
699 43.0
310 91.0
472 39.0
644 70.0
263 36.0
460 85.0
943 27.0
131 25.0
412 94.0
74 55.0
485 65.0
999 24.0
762 33.0
537 25.0
730 99.0
57 8.0
413 16.0
531 79.0
885 26.0
390 36.0
84 54.0
46 99.0
178 96.0
673 53.0
414 73.0
450 61.0
670 22.0
340 33.0
602 69.0
133 66.0
693 94.0
528 60.0
415 37.0
925 7.0
272 14.0
434 100.0
95 65.0
922 4.0
183 97.0
655 63.0
385 25.0
951 22.0
416 23.0
176 17.0
119 64.0
315 87.0
523 95.0
93 29.0
524 27.0
424 14.0
394 19.0
853 86.0
138 81.0
417 69.0
754 26.0
748 65.0
276 48.0
508 68.0
690 27.0
54 4.0
97 98.0
21 77.0
550 52.0
57 38.0
271 22.0
418 62.0
445 65.0
212 17.0
682 15.0
907 48.0
403 100.0
529 7.0
813 1.0
844 30.0
717 15.0
183 42.0
355 73.0
463 90.0
419 13.0
502 7.0
941 83.0
229 64.0
725 67.0
574 99.0
640 7.0
687 100.0
91 30.0
3 6.0
20 27.0
526 11.0
186 74.0
420 40.0
461 75.0
597 67.0
177 68.0
369 25.0
908 61.0
127 31.0
120 34.0
361 45.0
195 100.0
888 14.0
629 90.0
620 45.0
679 72.0
513 88.0
8 97.0
473 67.0
383 26.0
129 12.0
421 50.0
82 100.0
203 47.0
120 64.0
906 37.0
741 70.0
783 51.0
226 99.0
218 16.0
561 5.0
158 56.0
422 10.0
271 47.0
643 47.0
681 27.0
329 71.0
907 31.0
977 47.0
700 52.0
423 27.0
238 84.0
519 63.0
675 74.0
714 74.0
6 37.0
424 43.0
230 5.0
624 46.0
903 61.0
922 59.0
688 96.0
190 28.0
208 13.0
642 31.0
129 53.0
593 28.0
425 32.0
445 25.0
742 59.0
216 99.0
200 28.0
87 44.0
866 1.0
790 98.0
403 87.0
886 76.0
169 22.0
93 56.0
426 68.0
415 8.0
139 100.0
756 89.0
427 5.0
44 43.0
408 23.0
583 13.0
389 9.0
136 8.0
483 84.0
527 12.0
189 43.0
107 91.0
205 92.0
582 23.0
428 45.0
702 47.0
819 71.0
630 13.0
566 80.0
336 73.0
871 16.0
333 98.0
865 11.0
718 59.0
477 41.0
135 66.0
182 51.0
429 69.0
241 47.0
138 56.0
592 66.0
990 39.0
330 41.0
496 50.0
120 50.0
430 91.0
675 54.0
802 56.0
877 14.0
354 90.0
70 93.0
587 95.0
772 16.0
818 62.0
66 66.0
431 58.0
367 82.0
175 97.0
533 68.0
45 93.0
172 5.0
697 19.0
128 4.0
1 29.0
496 71.0
432 7.0
178 48.0
680 55.0
104 66.0
510 2.0
140 26.0
25 34.0
551 70.0
207 79.0
264 24.0
203 60.0
574 7.0
433 23.0
277 46.0
636 45.0
219 86.0
875 43.0
943 85.0
544 36.0
359 81.0
661 25.0
431 38.0
849 94.0
632 1.0
979 33.0
434 13.0
157 97.0
182 68.0
222 54.0
207 7.0
442 3.0
36 6.0
491 46.0
901 15.0
891 86.0
305 10.0
435 93.0
581 52.0
689 26.0
871 73.0
161 54.0
586 18.0
436 13.0
472 52.0
448 89.0
184 8.0
492 17.0
243 18.0
808 80.0
878 76.0
925 99.0
19 50.0
576 34.0
437 23.0
321 34.0
140 15.0
704 32.0
218 47.0
785 71.0
262 8.0
520 47.0
438 46.0
166 48.0
233 10.0
620 48.0
890 54.0
126 46.0
973 72.0
888 34.0
338 79.0
439 13.0
96 43.0
888 57.0
501 61.0
753 8.0
152 67.0
56 72.0
90 17.0
447 67.0
440 97.0
919 42.0
452 89.0
746 76.0
386 69.0
403 21.0
768 26.0
405 29.0
801 51.0
854 25.0
108 57.0
105 99.0
128 9.0
400 77.0
135 93.0
308 38.0
950 61.0
441 95.0
2 78.0
705 94.0
19 7.0
108 95.0
122 98.0
642 76.0
680 86.0
38 30.0
145 98.0
442 48.0
820 4.0
198 85.0
655 62.0
959 47.0
627 3.0
303 9.0
417 40.0
56 86.0
550 45.0
443 97.0
593 60.0
86 72.0
370 65.0
233 62.0
918 33.0
657 49.0
444 71.0
793 24.0
301 51.0
327 34.0
681 52.0
911 34.0
869 78.0
43 48.0
797 2.0
679 42.0
445 64.0
907 81.0
186 63.0
318 38.0
45 77.0
854 88.0
344 36.0
670 94.0
797 85.0
435 3.0
658 37.0
102 15.0
632 58.0
446 13.0
296 62.0
588 97.0
96 98.0
608 33.0
869 95.0
636 19.0
945 81.0
447 99.0
787 79.0
663 80.0
337 6.0
980 14.0
36 13.0
461 80.0
227 10.0
760 75.0
578 10.0
347 89.0
448 47.0
453 88.0
164 27.0
14 57.0
917 44.0
107 72.0
686 77.0
927 22.0
146 78.0
449 98.0
419 77.0
725 83.0
752 95.0
436 33.0
607 70.0
408 29.0
758 47.0
450 43.0
362 38.0
59 79.0
735 12.0
484 29.0
915 74.0
963 30.0
744 38.0
451 18.0
161 69.0
293 84.0
517 72.0
737 41.0
31 95.0
881 53.0
935 21.0
452 69.0
40 59.0
943 47.0
411 30.0
172 58.0
505 54.0
257 20.0
286 71.0
802 56.0
453 35.0
810 94.0
210 3.0
990 33.0
263 98.0
414 74.0
222 28.0
896 86.0
331 69.0
499 15.0
397 18.0
256 16.0
205 87.0
533 49.0
498 21.0
454 6.0
60 19.0
311 98.0
339 27.0
639 25.0
324 98.0
621 75.0
314 75.0
912 65.0
130 35.0
512 78.0
455 37.0
22 23.0
750 83.0
210 23.0
799 47.0
607 19.0
296 71.0
768 97.0
616 65.0
785 26.0
61 79.0
307 57.0
541 33.0
2 40.0
456 93.0
437 51.0
685 38.0
421 37.0
220 71.0
833 94.0
457 99.0
698 17.0
644 39.0
720 53.0
575 89.0
556 8.0
831 76.0
458 29.0
416 94.0
422 32.0
732 98.0
310 86.0
632 55.0
325 77.0
155 33.0
597 91.0
459 32.0
608 62.0
609 84.0
769 75.0
310 49.0
895 74.0
3 73.0
719 88.0
938 30.0
367 52.0
32 96.0
460 22.0
606 86.0
750 34.0
766 95.0
593 20.0
819 69.0
885 15.0
576 5.0
407 18.0
508 44.0
932 61.0
725 33.0
461 10.0
318 32.0
990 89.0
397 91.0
122 73.0
921 95.0
353 39.0
615 23.0
510 95.0
864 55.0
304 58.0
735 48.0
238 84.0
462 38.0
97 23.0
230 48.0
292 87.0
721 99.0
72 54.0
79 94.0
338 84.0
325 50.0
519 69.0
231 38.0
463 31.0
7 21.0
515 23.0
354 63.0
197 70.0
548 19.0
428 23.0
499 22.0
729 90.0
864 21.0
631 26.0
523 26.0
734 71.0
161 44.0
464 2.0
253 71.0
608 89.0
5 11.0
738 52.0
207 8.0
854 3.0
703 42.0
653 29.0
765 47.0
214 3.0
465 24.0
246 80.0
198 71.0
173 15.0
970 5.0
683 23.0
82 87.0
925 91.0
186 84.0
761 21.0
860 7.0
466 99.0
632 57.0
714 1.0
204 79.0
621 22.0
738 89.0
752 31.0
790 25.0
810 39.0
205 34.0
574 51.0
467 47.0
906 29.0
330 66.0
799 54.0
34 53.0
865 10.0
903 55.0
958 2.0
468 81.0
121 10.0
656 53.0
53 69.0
882 93.0
899 82.0
511 95.0
260 42.0
683 33.0
947 55.0
746 32.0
469 40.0
192 7.0
979 89.0
77 65.0
261 1.0
197 50.0
618 94.0
589 13.0
509 26.0
723 63.0
679 27.0
860 73.0
838 94.0
367 25.0
470 17.0
673 95.0
319 70.0
77 49.0
180 16.0
37 72.0
895 82.0
191 27.0
874 39.0
471 91.0
113 51.0
290 57.0
896 1.0
79 5.0
257 51.0
804 1.0
803 97.0
4 96.0
20 27.0
472 66.0
682 15.0
806 68.0
345 90.0
366 63.0
862 81.0
790 61.0
595 55.0
821 82.0
284 40.0
245 71.0
517 17.0
816 30.0
289 34.0
324 45.0
212 64.0
473 16.0
972 45.0
430 87.0
886 77.0
783 67.0
647 89.0
152 68.0
101 7.0
608 72.0
674 46.0
188 85.0
309 62.0
616 98.0
831 91.0
368 16.0
474 58.0
539 99.0
254 2.0
278 89.0
565 75.0
361 100.0
715 79.0
688 55.0
401 14.0
586 73.0
605 16.0
407 78.0
918 45.0
682 99.0
638 77.0
475 5.0
968 55.0
261 26.0
493 15.0
128 9.0
345 93.0
762 34.0
215 33.0
317 11.0
476 30.0
286 78.0
119 93.0
71 78.0
787 63.0
275 24.0
918 79.0
477 72.0
895 52.0
190 72.0
897 94.0
849 82.0
977 55.0
595 78.0
635 60.0
140 36.0
443 46.0
132 90.0
883 24.0
102 29.0
478 68.0
976 61.0
282 12.0
865 90.0
99 91.0
868 73.0
830 98.0
755 26.0
479 97.0
951 41.0
551 55.0
530 11.0
535 96.0
14 92.0
8 58.0
561 66.0
453 6.0
824 2.0
702 52.0
480 85.0
544 62.0
692 77.0
446 78.0
366 91.0
208 80.0
360 19.0
801 71.0
481 27.0
190 97.0
471 78.0
772 92.0
733 16.0
426 37.0
256 70.0
888 95.0
187 10.0
616 31.0
254 15.0
172 65.0
710 60.0
704 26.0
638 100.0
282 84.0
482 59.0
756 68.0
360 2.0
363 40.0
928 33.0
356 15.0
727 75.0
51 31.0
281 79.0
298 17.0
411 84.0
392 33.0
907 74.0
473 73.0
483 46.0
174 80.0
643 18.0
689 26.0
609 83.0
400 90.0
300 97.0
860 13.0
515 7.0
640 19.0
79 1.0
484 24.0
446 96.0
740 66.0
803 41.0
836 64.0
264 94.0
855 37.0
681 96.0
218 39.0
578 33.0
485 68.0
358 1.0
992 1.0
271 6.0
506 16.0
669 40.0
746 80.0
680 39.0
665 6.0
283 93.0
782 91.0
382 68.0
641 58.0
486 54.0
995 1.0
165 99.0
545 8.0
25 27.0
370 46.0
856 73.0
536 70.0
921 75.0
901 4.0
214 23.0
200 8.0
487 75.0
556 90.0
688 14.0
782 54.0
439 12.0
876 73.0
639 16.0
794 79.0
488 76.0
796 90.0
990 43.0
910 25.0
217 33.0
681 92.0
178 54.0
593 40.0
612 36.0
489 69.0
84 22.0
436 38.0
502 2.0
116 11.0
354 75.0
30 30.0
278 47.0
327 28.0
419 95.0
284 51.0
490 39.0
760 63.0
781 44.0
323 75.0
45 19.0
267 40.0
966 56.0
998 4.0
481 13.0
491 5.0
262 60.0
82 28.0
685 29.0
274 1.0
984 74.0
128 29.0
277 19.0
224 27.0
756 38.0
704 100.0
846 32.0
468 47.0
237 92.0
492 51.0
582 73.0
441 80.0
400 21.0
76 19.0
24 90.0
33 46.0
493 13.0
576 99.0
944 96.0
522 30.0
297 11.0
862 75.0
999 14.0
188 49.0
51 92.0
107 70.0
480 4.0
494 37.0
641 9.0
16 75.0
207 92.0
830 85.0
674 47.0
569 75.0
114 44.0
165 89.0
495 6.0
769 99.0
940 83.0
37 52.0
97 82.0
448 42.0
822 50.0
667 91.0
880 79.0
562 6.0
501 46.0
479 3.0
678 99.0
496 11.0
371 68.0
869 41.0
258 52.0
400 59.0
485 63.0
656 14.0
492 61.0
505 65.0
274 87.0
521 50.0
649 10.0
508 27.0
463 42.0
497 35.0
223 26.0
352 25.0
975 15.0
339 37.0
703 76.0
81 29.0
498 56.0
321 45.0
262 52.0
476 26.0
511 78.0
492 32.0
345 96.0
557 26.0
134 76.0
414 63.0
292 79.0
883 7.0
808 92.0
639 98.0
853 92.0
200 83.0
499 4.0
520 15.0
997 22.0
339 9.0
404 78.0
571 12.0
967 79.0
175 77.0
590 93.0
815 45.0
487 4.0
655 76.0
250 91.0
293 50.0
500 24.0
695 23.0
214 64.0
780 39.0
675 11.0
565 83.0
709 52.0
952 15.0
733 45.0
362 60.0
119 57.0
134 42.0
728 48.0
536 80.0
501 88.0
137 37.0
398 74.0
451 38.0
796 19.0
821 38.0
163 74.0
368 32.0
263 64.0
502 18.0
734 45.0
340 73.0
68 70.0
620 75.0
782 60.0
300 90.0
21 65.0
14 59.0
736 37.0
144 48.0
503 95.0
146 9.0
577 2.0
650 37.0
573 66.0
551 18.0
955 54.0
224 75.0
6 28.0
964 81.0
476 46.0
672 35.0
280 14.0
468 35.0
504 31.0
729 13.0
45 75.0
159 82.0
244 47.0
16 12.0
702 67.0
127 10.0
623 94.0
505 40.0
224 5.0
200 74.0
69 90.0
641 48.0
46 44.0
540 92.0
459 13.0
407 3.0
485 37.0
506 6.0
624 6.0
287 58.0
213 76.0
839 15.0
701 72.0
37 26.0
507 41.0
91 4.0
747 68.0
910 24.0
503 16.0
130 37.0
384 66.0
508 88.0
201 73.0
282 72.0
404 67.0
751 94.0
622 36.0
932 95.0
509 64.0
469 65.0
672 46.0
626 99.0
322 80.0
421 92.0
989 18.0
510 29.0
346 46.0
897 90.0
219 25.0
13 76.0
775 26.0
356 53.0
69 99.0
18 65.0
40 74.0
755 17.0
931 27.0
511 4.0
96 65.0
962 63.0
324 61.0
301 12.0
490 85.0
726 66.0
972 34.0
975 63.0
974 8.0
160 34.0
26 14.0
885 95.0
512 29.0
936 68.0
734 79.0
183 8.0
793 70.0
323 74.0
543 12.0
279 82.0
610 86.0
308 82.0
866 58.0
124 93.0
847 98.0
133 46.0
361 27.0
595 52.0
982 7.0
513 46.0
307 11.0
894 11.0
794 18.0
244 13.0
444 17.0
866 83.0
217 58.0
509 41.0
321 52.0
100 82.0
514 14.0
998 80.0
629 31.0
67 12.0
48 55.0
626 28.0
687 8.0
1 17.0
87 86.0
7 52.0
739 33.0
955 15.0
773 74.0
515 85.0
562 80.0
428 57.0
603 61.0
264 42.0
755 89.0
768 42.0
516 49.0
352 42.0
292 48.0
946 38.0
767 39.0
361 81.0
37 65.0
51 60.0
751 73.0
796 50.0
517 15.0
957 86.0
342 20.0
532 98.0
43 40.0
812 53.0
277 80.0
631 45.0
518 31.0
929 72.0
597 27.0
858 39.0
201 83.0
76 29.0
339 25.0
570 46.0
415 42.0
169 76.0
977 47.0
708 92.0
519 35.0
835 41.0
787 15.0
345 81.0
188 34.0
582 68.0
714 67.0
520 6.0
790 56.0
162 75.0
569 28.0
874 93.0
715 69.0
553 72.0
370 75.0
535 40.0
995 80.0
331 40.0
929 78.0
78 3.0
898 63.0
465 88.0
660 67.0
521 85.0
636 84.0
465 66.0
858 95.0
1000 28.0
392 86.0
373 41.0
641 62.0
668 87.0
760 28.0
824 98.0
674 70.0
868 82.0
157 4.0
777 9.0
260 24.0
522 19.0
791 65.0
219 95.0
703 28.0
471 57.0
929 21.0
185 86.0
751 2.0
523 82.0
396 97.0
213 90.0
307 57.0
258 73.0
581 28.0
304 66.0
222 29.0
524 70.0
551 37.0
279 92.0
984 46.0
725 27.0
781 48.0
90 42.0
652 53.0
172 28.0
845 100.0
637 93.0
220 93.0
108 9.0
80 3.0
615 73.0
525 85.0
646 38.0
393 20.0
530 23.0
730 73.0
811 7.0
22 99.0
35 70.0
182 98.0
82 78.0
526 75.0
941 25.0
392 79.0
331 62.0
352 15.0
143 42.0
851 85.0
953 54.0
878 44.0
240 1.0
856 82.0
420 67.0
848 83.0
344 1.0
632 100.0
403 43.0
775 76.0
527 37.0
627 9.0
799 41.0
404 18.0
696 64.0
705 82.0
102 26.0
640 51.0
62 88.0
346 40.0
702 42.0
528 22.0
18 5.0
460 6.0
607 15.0
928 98.0
677 82.0
784 4.0
749 38.0
630 35.0
754 21.0
356 59.0
529 91.0
423 44.0
432 51.0
102 10.0
752 61.0
269 42.0
896 74.0
543 76.0
431 94.0
697 76.0
65 100.0
530 26.0
131 2.0
263 42.0
461 18.0
273 71.0
967 27.0
25 33.0
960 7.0
575 13.0
254 78.0
441 32.0
997 63.0
898 22.0
985 8.0
798 50.0
870 1.0
357 36.0
610 41.0
500 13.0
909 26.0
531 40.0
62 85.0
414 94.0
889 36.0
986 73.0
199 16.0
915 66.0
462 59.0
498 40.0
967 81.0
187 89.0
63 32.0
42 49.0
769 17.0
596 1.0
133 22.0
795 19.0
516 46.0
532 63.0
507 66.0
867 45.0
587 77.0
842 13.0
213 86.0
966 71.0
497 12.0
679 76.0
201 42.0
997 25.0
379 15.0
989 42.0
435 90.0
533 18.0
203 100.0
623 65.0
172 77.0
433 9.0
210 44.0
321 57.0
572 31.0
587 98.0
317 92.0
191 50.0
443 17.0
534 81.0
873 66.0
316 89.0
374 89.0
602 75.0
76 59.0
485 14.0
330 56.0
463 88.0
535 37.0
24 1.0
450 7.0
135 23.0
503 87.0
980 38.0
351 73.0
286 4.0
619 56.0
778 25.0
974 58.0
834 93.0
492 96.0
874 89.0
536 86.0
372 59.0
848 62.0
332 66.0
557 61.0
405 81.0
914 96.0
421 80.0
665 36.0
537 32.0
957 88.0
692 16.0
157 75.0
642 45.0
456 11.0
428 94.0
392 64.0
538 77.0
578 84.0
111 8.0
185 84.0
650 9.0
427 19.0
851 60.0
286 49.0
616 53.0
267 17.0
360 91.0
539 35.0
579 25.0
230 7.0
150 79.0
620 35.0
742 37.0
412 18.0
522 66.0
483 31.0
540 33.0
432 10.0
399 12.0
119 34.0
247 11.0
790 17.0
33 72.0
279 33.0
74 58.0
132 67.0
890 13.0
225 84.0
364 87.0
102 68.0
105 6.0
770 2.0
550 2.0
541 32.0
80 57.0
991 43.0
801 50.0
187 69.0
980 96.0
535 2.0
198 76.0
615 40.0
500 5.0
161 26.0
715 15.0
171 98.0
680 84.0
435 57.0
258 29.0
877 10.0
542 10.0
986 34.0
664 60.0
600 5.0
605 31.0
294 62.0
296 72.0
103 44.0
789 28.0
357 30.0
580 42.0
938 65.0
543 15.0
894 68.0
390 86.0
71 58.0
995 49.0
332 26.0
132 3.0
576 45.0
544 43.0
210 55.0
704 55.0
539 37.0
20 73.0
401 73.0
104 62.0
302 83.0
308 57.0
852 26.0
364 48.0
634 72.0
654 31.0
199 19.0
664 43.0
32 63.0
154 13.0
545 5.0
393 96.0
913 27.0
312 10.0
935 20.0
616 31.0
322 99.0
546 51.0
239 28.0
370 14.0
475 9.0
447 95.0
248 73.0
339 52.0
296 8.0
547 71.0
608 66.0
78 39.0
596 14.0
746 89.0
928 82.0
327 57.0
542 8.0
807 69.0
501 53.0
548 1.0
888 95.0
834 65.0
926 87.0
537 82.0
549 81.0
616 96.0
105 69.0
718 34.0
887 37.0
96 49.0
993 5.0
751 43.0
545 20.0
550 28.0
522 95.0
418 19.0
864 45.0
330 12.0
551 39.0
759 61.0
798 15.0
838 23.0
666 28.0
422 58.0
959 66.0
458 86.0
486 41.0
552 17.0
669 75.0
187 5.0
358 53.0
730 71.0
522 94.0
738 65.0
484 14.0
476 51.0
414 90.0
920 66.0
747 78.0
553 51.0
585 40.0
502 63.0
929 21.0
605 31.0
757 51.0
236 73.0
820 31.0
385 93.0
554 13.0
451 87.0
519 99.0
585 37.0
847 1.0
579 81.0
831 27.0
418 7.0
94 63.0
112 62.0
80 22.0
558 18.0
325 26.0
555 22.0
712 99.0
579 14.0
287 2.0
338 84.0
487 64.0
250 87.0
133 91.0
920 51.0
479 66.0
344 67.0
702 34.0
556 35.0
517 98.0
35 97.0
993 72.0
828 45.0
633 44.0
964 62.0
667 48.0
1 55.0
304 30.0
173 54.0
557 42.0
507 77.0
718 53.0
595 94.0
966 85.0
363 13.0
623 28.0
416 11.0
411 22.0
396 95.0
570 71.0
760 98.0
306 95.0
435 9.0
41 12.0
273 71.0
558 19.0
652 2.0
164 6.0
156 95.0
618 37.0
676 72.0
595 85.0
286 100.0
896 4.0
817 10.0
999 6.0
481 11.0
15 68.0
559 97.0
577 78.0
238 72.0
107 21.0
164 96.0
249 56.0
453 9.0
460 87.0
110 8.0
623 47.0
839 91.0
842 12.0
560 8.0
494 76.0
341 95.0
978 20.0
913 84.0
681 40.0
982 50.0
20 35.0
712 35.0
78 23.0
561 33.0
57 89.0
740 43.0
612 85.0
305 70.0
182 29.0
850 74.0
505 32.0
732 3.0
562 48.0
891 56.0
870 28.0
151 5.0
611 94.0
238 84.0
425 79.0
398 22.0
563 3.0
109 74.0
935 20.0
295 91.0
450 41.0
674 78.0
859 39.0
564 49.0
901 8.0
751 91.0
554 9.0
496 81.0
945 62.0
941 16.0
703 64.0
25 92.0
927 87.0
565 53.0
820 65.0
371 74.0
318 86.0
610 13.0
277 8.0
453 99.0
566 86.0
887 10.0
489 8.0
785 28.0
133 66.0
188 67.0
137 38.0
498 34.0
22 5.0
864 78.0
71 93.0
429 36.0
567 78.0
429 56.0
283 25.0
741 51.0
696 2.0
623 54.0
262 55.0
984 64.0
812 18.0
591 94.0
848 56.0
373 91.0
483 7.0
568 24.0
280 41.0
634 35.0
119 87.0
409 59.0
965 22.0
467 77.0
321 34.0
359 89.0
569 41.0
105 66.0
733 97.0
434 48.0
406 2.0
382 35.0
685 26.0
570 64.0
807 78.0
680 74.0
421 22.0
25 77.0
157 38.0
245 2.0
494 5.0
223 20.0
571 35.0
535 38.0
62 58.0
819 78.0
721 51.0
521 71.0
594 27.0
922 27.0
146 67.0
211 94.0
572 86.0
792 13.0
277 71.0
287 76.0
801 95.0
573 44.0
953 89.0
598 7.0
885 96.0
941 32.0
134 47.0
331 76.0
698 24.0
305 52.0
254 96.0
457 78.0
608 24.0
574 48.0
278 42.0
85 80.0
300 67.0
255 53.0
104 60.0
851 100.0
246 96.0
773 37.0
883 88.0
575 29.0
454 22.0
75 20.0
350 46.0
808 92.0
570 73.0
925 16.0
652 31.0
791 64.0
576 55.0
522 97.0
760 95.0
922 41.0
481 32.0
803 93.0
214 14.0
296 38.0
360 100.0
236 47.0
459 63.0
577 62.0
800 97.0
139 69.0
655 77.0
733 4.0
758 16.0
232 21.0
722 91.0
291 32.0
614 68.0
361 76.0
618 24.0
726 74.0
578 76.0
567 37.0
943 78.0
527 16.0
805 89.0
393 100.0
557 44.0
597 90.0
729 15.0
390 64.0
579 20.0
189 3.0
645 72.0
779 50.0
783 59.0
839 69.0
684 26.0
799 32.0
580 31.0
252 37.0
402 55.0
372 22.0
436 18.0
997 100.0
463 19.0
760 55.0
734 17.0
291 68.0
591 98.0
108 54.0
581 24.0
485 95.0
812 17.0
836 75.0
635 89.0
524 88.0
8 36.0
671 14.0
385 96.0
582 82.0
181 63.0
129 71.0
758 32.0
283 45.0
613 89.0
398 12.0
816 57.0
760 12.0
746 76.0
24 62.0
542 71.0
527 30.0
860 80.0
356 13.0
795 63.0
583 46.0
813 41.0
380 14.0
957 45.0
38 90.0
108 8.0
102 56.0
524 1.0
584 7.0
690 68.0
647 60.0
312 88.0
500 2.0
906 18.0
283 6.0
928 33.0
604 86.0
750 31.0
799 95.0
727 97.0
585 17.0
300 100.0
583 47.0
675 90.0
138 42.0
602 57.0
30 65.0
622 46.0
586 24.0
54 20.0
509 2.0
890 91.0
798 2.0
9 87.0
291 48.0
398 72.0
975 33.0
546 100.0
846 73.0
457 36.0
684 65.0
587 89.0
607 50.0
347 62.0
990 82.0
561 66.0
482 65.0
115 20.0
529 51.0
588 15.0
66 41.0
738 70.0
776 48.0
681 76.0
463 55.0
37 79.0
270 92.0
707 37.0
985 84.0
515 21.0
218 5.0
809 59.0
306 24.0
589 11.0
135 94.0
492 77.0
16 45.0
539 24.0
889 96.0
568 62.0
595 95.0
177 67.0
590 71.0
720 60.0
661 12.0
387 10.0
507 54.0
643 33.0
93 55.0
887 13.0
327 90.0
339 66.0
133 37.0
131 58.0
940 89.0
475 99.0
586 24.0
37 33.0
138 11.0
292 16.0
591 48.0
678 47.0
134 56.0
113 82.0
780 88.0
811 24.0
806 80.0
266 34.0
490 3.0
138 54.0
973 84.0
592 80.0
661 57.0
721 3.0
752 29.0
613 14.0
990 73.0
593 90.0
836 73.0
157 80.0
791 89.0
312 34.0
594 49.0
380 55.0
48 98.0
323 80.0
996 3.0
133 78.0
813 35.0
38 36.0
410 73.0
595 99.0
453 22.0
974 99.0
709 78.0
933 97.0
275 92.0
127 80.0
956 68.0
70 14.0
582 83.0
625 35.0
732 10.0
975 15.0
762 82.0
651 63.0
596 93.0
608 69.0
802 62.0
779 12.0
913 84.0
962 37.0
556 10.0
659 72.0
35 72.0
822 98.0
379 95.0
597 22.0
111 93.0
896 43.0
479 63.0
962 33.0
369 28.0
487 17.0
913 5.0
394 14.0
945 85.0
173 32.0
598 2.0
509 67.0
620 29.0
224 29.0
839 60.0
416 34.0
584 39.0
279 44.0
599 25.0
857 58.0
167 85.0
815 94.0
430 47.0
621 80.0
854 50.0
106 8.0
600 24.0
743 72.0
675 80.0
527 17.0
2 10.0
580 89.0
629 16.0
291 85.0
341 9.0
117 44.0
328 75.0
234 70.0
237 31.0
601 38.0
512 18.0
461 1.0
932 51.0
692 7.0
181 64.0
272 84.0
418 64.0
602 22.0
225 83.0
25 3.0
75 10.0
914 91.0
650 92.0
450 25.0
810 96.0
699 88.0
603 53.0
53 81.0
9 9.0
656 30.0
63 18.0
793 35.0
432 72.0
480 43.0
918 75.0
761 53.0
604 58.0
544 55.0
118 25.0
22 41.0
890 95.0
38 66.0
534 29.0
731 23.0
519 34.0
750 70.0
820 25.0
283 37.0
605 27.0
493 94.0
556 90.0
253 14.0
294 58.0
303 28.0
771 79.0
29 41.0
395 75.0
606 33.0
285 18.0
244 28.0
283 44.0
490 89.0
894 80.0
76 30.0
666 44.0
824 37.0
390 34.0
154 70.0
607 38.0
285 26.0
927 22.0
659 17.0
774 14.0
692 35.0
89 44.0
608 29.0
750 29.0
957 2.0
386 52.0
930 49.0
315 89.0
919 19.0
553 35.0
602 46.0
609 50.0
127 95.0
820 89.0
130 51.0
419 17.0
248 98.0
334 80.0
506 76.0
262 89.0
623 7.0
915 90.0
917 25.0
624 78.0
512 6.0
610 39.0
427 64.0
292 78.0
741 32.0
973 35.0
939 74.0
127 24.0
511 14.0
320 8.0
337 3.0
277 53.0
845 77.0
214 93.0
488 96.0
958 24.0
404 76.0
611 43.0
883 79.0
329 78.0
606 29.0
596 12.0
159 30.0
882 2.0
383 8.0
612 90.0
270 75.0
157 23.0
208 96.0
222 83.0
539 33.0
608 46.0
555 74.0
508 87.0
782 52.0
655 76.0
751 100.0
613 55.0
653 28.0
973 20.0
392 88.0
292 24.0
418 54.0
271 86.0
891 64.0
539 16.0
739 1.0
922 23.0
650 73.0
423 73.0
324 18.0
614 61.0
154 8.0
657 63.0
408 12.0
346 47.0
362 6.0
98 44.0
215 88.0
556 49.0
785 56.0
162 3.0
737 30.0
329 67.0
813 6.0
544 68.0
615 48.0
360 46.0
173 5.0
392 79.0
691 14.0
419 41.0
959 34.0
467 86.0
390 9.0
911 12.0
348 93.0
616 35.0
594 96.0
453 75.0
410 69.0
867 91.0
950 36.0
931 74.0
721 5.0
488 58.0
12 18.0
617 20.0
477 67.0
531 44.0
484 82.0
198 97.0
447 30.0
38 46.0
153 71.0
399 89.0
918 20.0
684 88.0
828 11.0
563 7.0
618 84.0
290 29.0
490 57.0
595 4.0
227 96.0
3 54.0
694 92.0
872 31.0
754 21.0
80 57.0
476 83.0
619 70.0
663 70.0
61 80.0
788 30.0
162 18.0
533 49.0
435 82.0
694 87.0
596 36.0
588 33.0
454 87.0
139 2.0
746 79.0
319 44.0
960 28.0
569 73.0
741 61.0
24 87.0
707 97.0
678 78.0
620 71.0
272 23.0
132 32.0
985 57.0
429 42.0
798 23.0
567 94.0
479 22.0
916 55.0
258 76.0
917 99.0
369 33.0
228 83.0
777 59.0
395 43.0
202 41.0
814 49.0
621 86.0
513 5.0
95 21.0
698 17.0
431 51.0
418 20.0
297 45.0
361 8.0
420 82.0
194 84.0
873 78.0
858 7.0
779 10.0
402 18.0
526 66.0
535 8.0
28 73.0
622 71.0
771 43.0
310 46.0
132 71.0
925 83.0
876 90.0
406 86.0
639 100.0
874 14.0
840 27.0
623 43.0
604 53.0
863 40.0
337 83.0
953 93.0
989 60.0
812 87.0
659 76.0
98 47.0
672 56.0
345 68.0
624 71.0
956 64.0
870 62.0
835 73.0
340 10.0
292 70.0
407 51.0
815 83.0
572 65.0
957 35.0
146 26.0
238 41.0
308 36.0
42 100.0
625 33.0
62 7.0
277 63.0
744 43.0
706 27.0
61 72.0
773 80.0
892 2.0
878 30.0
185 90.0
393 85.0
695 91.0
698 69.0
385 58.0
626 82.0
913 17.0
761 55.0
286 74.0
750 81.0
718 82.0
278 94.0
664 56.0
231 100.0
941 67.0
978 95.0
109 79.0
962 70.0
627 20.0
879 94.0
386 9.0
538 25.0
882 25.0
477 85.0
784 89.0
915 42.0
167 78.0
13 100.0
628 21.0
691 79.0
150 26.0
456 25.0
655 9.0
354 89.0
236 99.0
694 68.0
112 26.0
629 32.0
40 99.0
541 87.0
286 76.0
175 51.0
798 44.0
767 3.0
884 78.0
821 17.0
356 75.0
297 50.0
276 70.0
1000 5.0
630 9.0
55 15.0
201 62.0
749 89.0
556 58.0
721 85.0
497 60.0
578 42.0
750 35.0
927 100.0
126 24.0
229 63.0
503 86.0
934 54.0
881 33.0
631 44.0
932 81.0
788 88.0
86 50.0
326 87.0
76 1.0
74 37.0
567 63.0
723 48.0
11 94.0
188 94.0
598 71.0
737 82.0
552 68.0
431 19.0
173 86.0
641 27.0
632 8.0
439 54.0
806 63.0
555 97.0
770 74.0
725 5.0
486 39.0
846 32.0
600 87.0
202 58.0
851 51.0
674 65.0
633 59.0
126 18.0
158 81.0
310 62.0
875 42.0
586 83.0
528 71.0
358 95.0
387 78.0
918 58.0
522 60.0
221 51.0
240 72.0
595 44.0
193 45.0
989 40.0
222 97.0
634 87.0
340 86.0
605 40.0
692 47.0
23 73.0
205 4.0
917 13.0
886 49.0
281 90.0
635 36.0
397 95.0
242 36.0
951 78.0
451 69.0
403 47.0
305 44.0
346 26.0
284 77.0
583 19.0
881 99.0
746 57.0
812 68.0
636 7.0
6 18.0
607 22.0
304 24.0
441 16.0
861 11.0
711 96.0
674 90.0
677 25.0
179 9.0
637 69.0
41 84.0
465 81.0
217 57.0
365 51.0
878 9.0
995 80.0
758 1.0
926 98.0
930 3.0
75 93.0
553 4.0
792 37.0
360 85.0
638 37.0
309 57.0
328 75.0
452 8.0
916 71.0
178 24.0
955 18.0
639 92.0
1 21.0
724 49.0
221 89.0
893 75.0
466 24.0
26 67.0
317 99.0
11 45.0
438 18.0
692 93.0
510 77.0
181 88.0
640 15.0
333 91.0
710 56.0
958 100.0
386 98.0
23 54.0
709 98.0
555 9.0
59 64.0
30 46.0
641 87.0
415 6.0
605 27.0
238 8.0
941 29.0
77 52.0
102 76.0
345 64.0
759 80.0
459 26.0
806 83.0
276 27.0
983 45.0
905 42.0
294 20.0
878 37.0
4 64.0
642 49.0
242 65.0
882 36.0
362 87.0
78 24.0
274 36.0
643 46.0
827 45.0
171 63.0
698 22.0
531 80.0
616 25.0
802 54.0
207 81.0
259 27.0
644 58.0
459 59.0
107 95.0
111 8.0
501 10.0
347 27.0
827 8.0
426 45.0
139 48.0
549 18.0
538 83.0
313 66.0
198 4.0
458 56.0
656 13.0
645 97.0
484 98.0
539 79.0
685 18.0
180 88.0
770 41.0
321 20.0
191 44.0
972 25.0
696 66.0
646 45.0
880 30.0
395 72.0
675 36.0
678 2.0
647 51.0
747 56.0
974 59.0
432 1.0
998 97.0
127 48.0
114 89.0
318 64.0
902 66.0
872 68.0
763 24.0
769 62.0
214 100.0
182 27.0
648 4.0
739 85.0
990 50.0
189 46.0
542 20.0
150 7.0
550 67.0
381 43.0
70 28.0
396 25.0
933 97.0
649 30.0
669 49.0
428 31.0
23 32.0
957 21.0
193 4.0
894 82.0
734 26.0
550 87.0
650 67.0
998 28.0
132 26.0
266 47.0
38 58.0
497 8.0
110 40.0
559 52.0
105 8.0
620 21.0
651 27.0
379 36.0
167 65.0
668 100.0
767 18.0
918 51.0
392 100.0
652 38.0
152 23.0
619 99.0
73 48.0
883 2.0
887 62.0
932 35.0
951 65.0
875 56.0
46 8.0
653 67.0
77 20.0
146 87.0
711 70.0
316 1.0
37 90.0
435 74.0
136 51.0
712 5.0
654 44.0
128 80.0
293 100000.0
384 99.0
175 20.0
334 12.0
62 16.0
373 67.0
376 59.0
434 93.0
655 54.0
267 53.0
434 69.0
606 65.0
371 15.0
672 29.0
502 28.0
843 78.0
125 63.0
796 63.0
236 28.0
299 27.0
750 8.0
992 21.0
874 45.0
656 97.0
156 66.0
236 39.0
673 3.0
81 88.0
190 13.0
958 26.0
422 36.0
633 60.0
216 32.0
657 10.0
954 91.0
507 28.0
403 31.0
871 1.0
912 13.0
770 18.0
73 55.0
282 63.0
991 9.0
103 72.0
658 5.0
230 57.0
113 80.0
862 42.0
967 8.0
744 91.0
745 56.0
167 45.0
550 96.0
659 93.0
999 90.0
345 49.0
984 18.0
788 67.0
736 51.0
382 63.0
473 71.0
660 73.0
856 44.0
697 37.0
544 30.0
744 1.0
832 5.0
935 38.0
603 55.0
114 31.0
661 51.0
346 34.0
863 51.0
468 7.0
80 89.0
474 95.0
9 73.0
662 27.0
609 59.0
316 65.0
474 64.0
519 6.0
743 76.0
639 3.0
465 86.0
260 82.0
409 12.0
663 59.0
183 56.0
388 56.0
97 99.0
793 57.0
49 55.0
117 34.0
675 20.0
144 15.0
550 91.0
141 18.0
745 70.0
252 53.0
578 90.0
664 15.0
96 83.0
360 18.0
84 23.0
878 82.0
574 77.0
912 51.0
626 11.0
80 46.0
511 32.0
665 54.0
512 45.0
683 4.0
841 14.0
590 82.0
322 31.0
345 20.0
897 53.0
645 14.0
509 45.0
125 100.0
74 72.0
783 89.0
299 53.0
951 62.0
568 60.0
450 63.0
404 39.0
666 65.0
754 77.0
706 14.0
422 19.0
416 19.0
832 66.0
980 59.0
390 39.0
574 8.0
222 80.0
667 10.0
411 86.0
239 46.0
34 41.0
181 30.0
929 94.0
801 86.0
393 62.0
43 79.0
831 88.0
590 17.0
934 8.0
406 23.0
668 82.0
533 13.0
592 78.0
718 46.0
787 17.0
117 44.0
677 13.0
541 86.0
615 75.0
221 99.0
240 65.0
326 37.0
17 96.0
395 35.0
47 14.0
454 3.0
669 8.0
142 44.0
883 73.0
336 52.0
733 82.0
782 77.0
136 36.0
670 70.0
271 81.0
133 53.0
98 50.0
319 1.0
597 80.0
905 59.0
250 47.0
892 75.0
99 54.0
354 81.0
24 48.0
671 18.0
616 28.0
851 1.0
118 10.0
183 95.0
952 85.0
747 65.0
599 69.0
336 32.0
782 64.0
661 84.0
772 29.0
672 5.0
900 76.0
617 39.0
764 3.0
654 48.0
750 13.0
673 5.0
953 76.0
523 88.0
433 30.0
991 95.0
685 66.0
413 47.0
184 4.0
947 71.0
461 27.0
761 52.0
731 43.0
354 68.0
230 43.0
19 28.0
52 64.0
499 59.0
162 59.0
674 44.0
517 60.0
469 59.0
948 51.0
675 100.0
463 86.0
984 53.0
566 84.0
908 78.0
694 59.0
568 17.0
19 78.0
588 97.0
676 61.0
479 4.0
766 81.0
372 6.0
470 69.0
832 45.0
727 2.0
856 100000.0
602 84.0
78 74.0
911 22.0
113 17.0
6 99.0
677 88.0
178 70.0
43 84.0
491 79.0
667 52.0
892 40.0
512 54.0
966 3.0
39 52.0
832 50.0
678 40.0
256 36.0
580 36.0
963 77.0
152 44.0
187 53.0
153 66.0
894 38.0
288 75.0
679 54.0
795 35.0
938 34.0
398 86.0
677 91.0
799 81.0
15 66.0
150 53.0
662 14.0
457 49.0
293 64.0
593 18.0
394 25.0
680 26.0
333 68.0
922 26.0
521 78.0
595 74.0
148 26.0
179 99.0
239 74.0
219 26.0
365 73.0
550 82.0
653 41.0
423 27.0
523 13.0
413 39.0
681 94.0
646 87.0
986 72.0
140 26.0
350 73.0
259 24.0
760 27.0
359 32.0
682 70.0
468 94.0
851 83.0
968 6.0
304 28.0
253 59.0
670 65.0
862 86.0
659 50.0
683 41.0
692 35.0
432 82.0
676 16.0
65 84.0
966 15.0
221 90.0
646 26.0
665 28.0
716 12.0
575 60.0
684 7.0
137 34.0
181 74.0
793 13.0
400 3.0
318 83.0
3 7.0
685 32.0
664 76.0
549 11.0
473 23.0
906 20.0
642 26.0
592 81.0
895 70.0
727 79.0
686 32.0
482 45.0
653 30.0
243 32.0
57 71.0
566 47.0
225 62.0
882 32.0
489 4.0
718 99.0
894 82.0
481 54.0
687 47.0
925 42.0
388 32.0
264 99.0
869 96.0
688 76.0
183 11.0
130 80.0
685 15.0
946 60.0
684 24.0
807 38.0
689 96.0
506 49.0
59 44.0
604 71.0
690 13.0
786 64.0
937 85.0
346 1.0
684 89.0
436 41.0
953 95.0
997 19.0
985 29.0
471 99.0
992 71.0
814 46.0
446 92.0
691 87.0
215 100.0
753 72.0
558 37.0
99 21.0
492 84.0
128 4.0
225 98.0
716 64.0
460 20.0
905 8.0
796 39.0
110 71.0
692 31.0
111 91.0
827 1.0
729 100.0
10 5.0
551 89.0
666 11.0
632 52.0
598 24.0
518 4.0
682 36.0
801 18.0
403 91.0
693 79.0
845 26.0
448 63.0
704 46.0
964 93.0
414 41.0
359 96.0
277 28.0
525 4.0
912 57.0
32 3.0
694 87.0
452 21.0
822 54.0
13 18.0
713 41.0
716 80.0
217 65.0
791 38.0
7 26.0
428 47.0
504 71.0
563 17.0
183 10.0
142 24.0
695 8.0
880 94.0
564 87.0
623 24.0
910 8.0
435 14.0
328 68.0
232 62.0
757 60.0
755 17.0
696 88.0
975 98.0
103 98.0
67 19.0
576 91.0
854 72.0
907 84.0
795 20.0
176 93.0
93 8.0
697 53.0
185 29.0
415 97.0
812 70.0
813 43.0
716 64.0
902 20.0
460 71.0
836 76.0
912 81.0
666 66.0
939 5.0
698 51.0
949 4.0
701 1.0
649 76.0
956 13.0
401 48.0
679 76.0
173 57.0
305 67.0
699 68.0
803 93.0
603 56.0
564 48.0
204 16.0
299 23.0
825 60.0
746 16.0
239 26.0
200 3.0
993 58.0
703 45.0
860 19.0
521 10.0
671 79.0
700 35.0
745 21.0
526 100.0
106 62.0
928 32.0
255 61.0
818 87.0
810 86.0
552 19.0
868 64.0
701 4.0
421 98.0
105 15.0
627 60.0
763 78.0
796 62.0
753 27.0
893 28.0
15 86.0
971 29.0
527 81.0
999 77.0
352 22.0
66 49.0
386 44.0
481 98.0
688 15.0
500 34.0
19 56.0
702 5.0
273 81.0
875 14.0
457 5.0
137 74.0
298 14.0
703 43.0
888 6.0
636 72.0
510 53.0
122 79.0
861 87.0
524 10.0
704 34.0
610 28.0
899 57.0
554 100.0
640 55.0
678 76.0
723 67.0
989 88.0
139 93.0
685 70.0
743 89.0
701 9.0
30 46.0
170 81.0
642 51.0
705 75.0
551 17.0
82 14.0
730 31.0
417 62.0
769 25.0
706 68.0
614 39.0
489 89.0
949 24.0
134 77.0
946 87.0
220 95.0
769 63.0
899 7.0
192 1.0
842 63.0
127 7.0
552 57.0
249 75.0
314 72.0
707 61.0
630 27.0
503 80.0
502 11.0
364 94.0
135 55.0
434 32.0
451 38.0
889 98.0
885 73.0
719 75.0
200 14.0
702 35.0
82 98.0
362 69.0
900 27.0
983 22.0
108 21.0
720 38.0
708 91.0
751 25.0
598 60.0
672 57.0
771 74.0
960 24.0
821 37.0
947 54.0
990 96.0
328 25.0
996 37.0
641 96.0
154 82.0
709 31.0
168 40.0
880 63.0
773 87.0
200 45.0
822 100.0
13 85.0
724 19.0
557 18.0
110 94.0
675 56.0
654 44.0
358 38.0
710 62.0
715 10.0
980 76.0
80 9.0
770 15.0
201 29.0
193 90.0
869 84.0
144 76.0
735 75.0
208 42.0
231 62.0
711 17.0
308 67.0
533 22.0
559 80.0
661 53.0
493 17.0
127 67.0
828 15.0
435 49.0
126 83.0
469 93.0
712 83.0
100 86.0
850 24.0
726 68.0
37 15.0
611 64.0
637 9.0
166 93.0
475 65.0
96 81.0
218 67.0
995 92.0
434 8.0
713 98.0
800 7.0
23 10.0
455 38.0
354 54.0
372 100.0
377 95.0
346 67.0
880 72.0
156 7.0
714 83.0
53 2.0
272 65.0
715 4.0
496 84.0
287 100.0
602 71.0
186 40.0
889 9.0
808 48.0
829 96.0
33 57.0
295 26.0
905 66.0
220 97.0
716 4.0
527 16.0
904 67.0
409 64.0
516 78.0
793 42.0
699 83.0
700 47.0
969 10.0
717 82.0
974 64.0
747 99.0
851 83.0
718 28.0
832 60.0
599 65.0
104 24.0
878 73.0
734 53.0
650 33.0
525 5.0
762 9.0
719 11.0
33 76.0
264 29.0
803 83.0
705 21.0
612 19.0
300 24.0
863 61.0
540 60.0
565 1.0
234 91.0
762 72.0
284 85.0
725 58.0
799 91.0
720 85.0
877 65.0
562 5.0
262 34.0
69 73.0
260 71.0
231 28.0
504 35.0
677 12.0
977 25.0
790 31.0
740 62.0
433 28.0
721 24.0
538 22.0
684 10.0
604 68.0
390 45.0
245 52.0
945 35.0
752 63.0
171 42.0
710 30.0
722 54.0
429 1.0
320 89.0
474 6.0
635 3.0
128 9.0
954 45.0
464 73.0
513 76.0
682 54.0
326 21.0
425 15.0
409 74.0
723 37.0
782 1.0
719 39.0
23 72.0
482 92.0
471 92.0
48 23.0
872 1.0
631 71.0
991 48.0
724 76.0
755 43.0
562 25.0
909 28.0
704 41.0
327 9.0
605 69.0
388 62.0
150 56.0
311 88.0
138 42.0
114 99.0
60 6.0
309 69.0
960 82.0
725 51.0
417 89.0
188 19.0
765 67.0
834 17.0
833 49.0
726 22.0
485 45.0
94 82.0
222 34.0
598 91.0
852 80.0
326 27.0
640 70.0
365 66.0
727 31.0
42 7.0
969 2.0
182 5.0
561 20.0
813 26.0
199 54.0
440 100.0
810 68.0
511 8.0
728 95.0
474 35.0
256 92.0
172 57.0
527 56.0
291 58.0
27 19.0
469 55.0
729 32.0
43 21.0
917 8.0
178 44.0
929 96.0
67 90.0
287 41.0
58 66.0
855 29.0
155 91.0
730 34.0
597 25.0
944 65.0
762 98.0
839 90.0
326 19.0
678 54.0
479 29.0
665 70.0
743 6.0
731 9.0
720 75.0
300 36.0
466 28.0
81 28.0
114 44.0
502 51.0
844 87.0
160 37.0
379 41.0
732 99.0
60 62.0
303 86.0
345 21.0
264 57.0
891 53.0
647 74.0
376 24.0
322 42.0
425 71.0
738 30.0
682 96.0
227 54.0
706 53.0
410 42.0
530 56.0
536 100.0
497 89.0
733 2.0
952 67.0
608 9.0
9 73.0
89 60.0
411 25.0
744 56.0
214 40.0
432 63.0
223 38.0
320 13.0
734 29.0
992 43.0
942 22.0
232 14.0
395 92.0
25 12.0
735 83.0
92 44.0
698 35.0
417 2.0
37 57.0
724 69.0
350 4.0
233 93.0
686 24.0
736 31.0
490 20.0
376 10.0
461 7.0
439 20.0
187 42.0
269 3.0
237 89.0
22 52.0
43 59.0
828 69.0
737 64.0
5 50.0
571 29.0
296 68.0
787 16.0
473 90.0
823 57.0
660 72.0
55 2.0
640 7.0
68 78.0
580 84.0
274 90.0
448 50.0
738 92.0
767 73.0
802 70.0
878 43.0
188 68.0
316 4.0
442 96.0
219 67.0
739 31.0
541 35.0
864 41.0
351 98.0
667 21.0
618 74.0
840 57.0
743 49.0
936 34.0
590 37.0
411 82.0
740 7.0
773 52.0
969 12.0
589 34.0
650 91.0
600 72.0
154 64.0
741 79.0
454 67.0
65 75.0
427 65.0
468 10.0
685 53.0
686 63.0
33 41.0
975 31.0
195 69.0
272 45.0
551 83.0
40 2.0
342 52.0
839 75.0
205 57.0
114 28.0
367 91.0
998 89.0
742 95.0
552 72.0
933 96.0
31 57.0
989 69.0
546 77.0
70 93.0
299 67.0
721 5.0
366 17.0
743 14.0
549 63.0
528 62.0
178 24.0
156 28.0
412 38.0
234 6.0
257 83.0
288 1.0
417 36.0
744 58.0
372 93.0
821 37.0
691 43.0
334 2.0
679 75.0
331 6.0
200 84.0
57 61.0
266 43.0
250 7.0
860 26.0
745 7.0
766 88.0
146 21.0
97 60.0
676 85.0
416 71.0
563 46.0
752 94.0
746 57.0
41 34.0
804 7.0
96 93.0
497 66.0
159 49.0
699 75.0
309 83.0
770 34.0
306 18.0
688 2.0
734 61.0
639 34.0
370 70.0
60 96.0
747 64.0
982 100.0
178 29.0
240 78.0
156 17.0
658 82.0
939 96.0
214 72.0
702 82.0
748 28.0
24 71.0
918 34.0
946 91.0
709 30.0
446 75.0
826 4.0
641 77.0
191 49.0
325 44.0
475 91.0
969 10.0
56 46.0
749 32.0
316 17.0
174 40.0
269 79.0
515 68.0
784 62.0
206 40.0
8 91.0
746 60.0
157 60.0
750 40.0
21 95.0
295 88.0
924 95.0
376 49.0
640 54.0
734 19.0
794 63.0
279 49.0
307 56.0
926 92.0
729 54.0
751 78.0
968 27.0
576 8.0
888 97.0
264 21.0
947 37.0
966 39.0
459 74.0
752 16.0
508 28.0
937 97.0
23 68.0
608 86.0
254 42.0
843 52.0
898 36.0
759 16.0
753 95.0
954 73.0
614 16.0
738 60.0
525 47.0
151 99.0
596 92.0
748 79.0
644 18.0
389 60.0
199 95.0
98 30.0
979 67.0
634 14.0
877 10.0
875 16.0
754 66.0
479 52.0
662 15.0
582 9.0
533 82.0
341 40.0
543 52.0
963 53.0
455 11.0
457 89.0
612 4.0
818 96.0
429 89.0
998 12.0
490 27.0
293 77.0
990 1.0
755 80.0
364 72.0
462 48.0
268 95.0
663 21.0
95 59.0
211 47.0
387 12.0
596 5.0
53 47.0
756 32.0
1000 94.0
922 86.0
23 57.0
170 69.0
723 72.0
739 3.0
880 98.0
196 66.0
344 16.0
347 48.0
861 62.0
757 99.0
398 45.0
658 66.0
906 14.0
21 95.0
540 15.0
424 73.0
936 67.0
418 16.0
50 36.0
871 36.0
758 35.0
974 29.0
261 68.0
401 42.0
283 53.0
945 61.0
188 3.0
526 75.0
759 71.0
2 47.0
180 23.0
794 2.0
526 27.0
255 3.0
386 74.0
547 76.0
263 56.0
716 61.0
348 16.0
777 44.0
580 78.0
760 68.0
985 11.0
404 67.0
343 35.0
181 49.0
812 60.0
806 27.0
201 9.0
416 90.0
660 23.0
722 61.0
585 7.0
761 2.0
546 97.0
163 48.0
550 3.0
586 10.0
345 71.0
382 24.0
504 42.0
850 30.0
560 89.0
604 72.0
416 57.0
485 12.0
277 32.0
830 43.0
92 77.0
762 97.0
92 89.0
88 2.0
364 62.0
232 77.0
85 92.0
537 55.0
904 12.0
928 23.0
410 74.0
933 88.0
685 87.0
865 53.0
328 9.0
763 18.0
671 12.0
496 85.0
168 87.0
324 3.0
487 59.0
4 55.0
571 23.0
764 71.0
878 38.0
745 17.0
47 26.0
758 56.0
566 91.0
14 75.0
654 11.0
369 66.0
765 35.0
549 84.0
251 94.0
177 10.0
947 49.0
910 2.0
972 95.0
189 1.0
612 73.0
973 67.0
564 20.0
122 53.0
421 83.0
59 57.0
622 86.0
766 65.0
61 60.0
204 53.0
683 73.0
689 55.0
760 97.0
762 11.0
443 11.0
534 35.0
823 74.0
767 38.0
322 67.0
967 81.0
529 10.0
586 40.0
412 80.0
303 22.0
498 45.0
887 41.0
820 72.0
587 53.0
596 64.0
768 89.0
339 52.0
51 52.0
399 33.0
179 90.0
108 14.0
189 43.0
460 2.0
360 40.0
615 58.0
769 82.0
69 44.0
322 27.0
31 66.0
206 43.0
420 23.0
446 35.0
326 17.0
197 96.0
770 87.0
443 67.0
116 86.0
756 44.0
410 65.0
151 45.0
782 33.0
467 52.0
597 69.0
428 21.0
771 5.0
449 91.0
223 48.0
103 77.0
684 17.0
578 71.0
772 3.0
481 40.0
562 91.0
183 43.0
861 71.0
465 77.0
574 36.0
378 24.0
321 46.0
190 46.0
994 21.0
773 50.0
704 44.0
679 39.0
67 27.0
911 46.0
972 11.0
827 25.0
627 74.0
782 71.0
384 23.0
727 28.0
404 45.0
222 15.0
511 76.0
359 58.0
605 39.0
930 28.0
774 52.0
730 24.0
266 19.0
977 18.0
628 83.0
864 25.0
44 16.0
370 24.0
527 88.0
112 8.0
199 3.0
172 60.0
914 96.0
999 25.0
775 95.0
680 55.0
581 37.0
395 62.0
462 96.0
990 16.0
776 80.0
986 47.0
221 69.0
133 26.0
51 81.0
929 48.0
705 69.0
959 3.0
490 3.0
135 17.0
157 9.0
433 4.0
408 45.0
777 50.0
502 68.0
999 97.0
822 23.0
510 53.0
15 20.0
497 85.0
809 43.0
914 92.0
778 94.0
173 36.0
474 47.0
71 56.0
477 74.0
208 43.0
184 64.0
840 67.0
335 98.0
779 9.0
533 78.0
995 6.0
932 54.0
123 81.0
721 78.0
956 32.0
461 74.0
8 91.0
867 56.0
45 98.0
276 1.0
780 29.0
177 77.0
244 66.0
702 96.0
231 19.0
745 12.0
539 26.0
512 51.0
61 97.0
382 57.0
385 1.0
657 30.0
101 100.0
898 93.0
513 53.0
781 83.0
38 29.0
938 88.0
854 40.0
620 84.0
626 72.0
70 63.0
5 32.0
919 76.0
242 27.0
879 65.0
699 45.0
84 28.0
742 74.0
726 10.0
426 88.0
962 37.0
617 46.0
782 23.0
920 54.0
836 28.0
75 31.0
266 20.0
13 21.0
61 43.0
875 61.0
350 13.0
676 1.0
10 22.0
879 36.0
138 58.0
420 89.0
689 68.0
630 67.0
783 58.0
987 15.0
23 73.0
1000 69.0
208 62.0
351 83.0
649 8.0
831 55.0
632 58.0
357 75.0
784 32.0
512 73.0
20 54.0
802 41.0
987 14.0
90 97.0
677 63.0
785 55.0
979 41.0
632 28.0
448 74.0
732 35.0
80 60.0
794 39.0
337 49.0
262 99.0
159 91.0
739 12.0
245 51.0
602 54.0
786 98.0
710 47.0
589 92.0
701 14.0
376 85.0
278 16.0
955 15.0
395 6.0
515 79.0
260 20.0
787 41.0
335 13.0
17 6.0
999 52.0
198 28.0
54 68.0
428 91.0
273 62.0
49 84.0
617 94.0
498 58.0
318 4.0
784 28.0
861 94.0
788 95.0
489 13.0
775 84.0
391 60.0
830 79.0
63 26.0
282 33.0
122 98.0
790 62.0
789 21.0
285 63.0
56 43.0
535 2.0
580 33.0
226 96.0
449 26.0
582 17.0
790 91.0
32 63.0
373 92.0
243 15.0
490 70.0
561 83.0
30 67.0
895 86.0
175 53.0
476 75.0
62 57.0
745 33.0
200 50.0
46 81.0
672 6.0
407 46.0
936 66.0
333 85.0
791 66.0
532 40.0
551 34.0
266 35.0
781 93.0
688 4.0
649 38.0
227 2.0
185 36.0
527 99.0
792 65.0
775 27.0
213 49.0
26 70.0
190 60.0
434 74.0
766 47.0
619 99.0
905 98.0
233 14.0
864 94.0
159 33.0
520 98.0
793 15.0
394 96.0
244 96.0
956 2.0
668 89.0
895 68.0
155 63.0
185 38.0
287 92.0
52 29.0
823 20.0
794 98.0
920 79.0
709 3.0
305 38.0
576 97.0
329 30.0
989 9.0
882 87.0
977 76.0
795 34.0
621 11.0
585 70.0
640 44.0
332 48.0
940 91.0
359 24.0
499 72.0
195 37.0
79 59.0
739 63.0
833 89.0
123 97.0
689 73.0
796 16.0
672 46.0
170 40.0
564 66.0
189 64.0
576 89.0
574 88.0
409 85.0
544 47.0
867 78.0
688 71.0
703 23.0
797 53.0
520 49.0
530 74.0
668 33.0
49 61.0
587 99.0
101 23.0
381 91.0
477 32.0
998 97.0
8 7.0
815 74.0
573 74.0
248 39.0
798 55.0
188 9.0
733 21.0
347 7.0
660 28.0
594 52.0
401 63.0
261 92.0
799 73.0
282 72.0
331 89.0
748 38.0
519 70.0
458 1.0
436 58.0
686 77.0
800 66.0
949 4.0
788 42.0
658 30.0
57 68.0
661 76.0
533 66.0
183 69.0
233 54.0
166 75.0
526 34.0
801 46.0
617 89.0
144 12.0
117 16.0
558 87.0
797 60.0
792 48.0
993 72.0
686 88.0
533 54.0
593 97.0
912 36.0
30 20.0
251 54.0
802 5.0
106 11.0
102 94.0
803 15.0
415 8.0
371 41.0
49 90.0
614 58.0
889 87.0
348 33.0
974 2.0
692 9.0
629 67.0
561 99.0
83 29.0
803 42.0
862 16.0
148 5.0
891 96.0
360 15.0
71 60.0
139 99.0
676 28.0
804 9.0
812 29.0
696 35.0
635 17.0
658 55.0
383 87.0
268 86.0
373 66.0
602 32.0
90 55.0
506 76.0
285 72.0
63 10.0
805 88.0
318 84.0
564 2.0
537 60.0
635 12.0
879 44.0
137 91.0
680 33.0
627 30.0
927 43.0
205 92.0
806 73.0
37 87.0
648 50.0
751 7.0
635 86.0
527 61.0
136 62.0
942 74.0
268 22.0
528 10.0
799 40.0
553 88.0
807 20.0
475 36.0
701 44.0
6 32.0
326 87.0
990 13.0
931 39.0
137 47.0
568 28.0
239 60.0
950 83.0
957 79.0
539 14.0
918 18.0
808 39.0
153 26.0
297 6.0
232 57.0
184 33.0
589 55.0
639 8.0
733 44.0
387 86.0
502 17.0
270 43.0
809 15.0
834 67.0
977 59.0
319 65.0
695 67.0
706 89.0
308 89.0
123 56.0
363 1.0
578 92.0
810 54.0
399 22.0
343 46.0
646 5.0
394 67.0
973 45.0
197 91.0
903 70.0
88 43.0
747 74.0
986 28.0
12 95.0
878 68.0
155 42.0
796 83.0
240 79.0
827 29.0
323 44.0
811 68.0
868 65.0
78 55.0
523 98.0
399 43.0
477 1.0
822 83.0
881 66.0
500 45.0
34 34.0
584 40.0
45 94.0
699 27.0
260 68.0
812 92.0
173 38.0
989 59.0
896 23.0
720 78.0
347 63.0
558 22.0
839 84.0
268 40.0
281 38.0
112 5.0
775 42.0
418 22.0
1 34.0
616 17.0
813 18.0
279 47.0
748 82.0
557 4.0
784 25.0
455 32.0
65 46.0
164 34.0
944 35.0
814 10.0
47 87.0
837 59.0
699 15.0
379 14.0
116 15.0
931 28.0
809 52.0
815 1.0
77 17.0
913 19.0
443 69.0
91 10.0
61 72.0
630 99.0
980 37.0
697 79.0
64 42.0
816 23.0
53 3.0
40 46.0
74 25.0
9 16.0
192 2.0
327 65.0
203 90.0
83 97.0
211 58.0
143 25.0
485 93.0
817 15.0
531 85.0
957 91.0
146 54.0
579 86.0
84 62.0
818 30.0
781 79.0
499 2.0
840 50.0
895 100.0
607 51.0
296 84.0
288 74.0
152 89.0
488 88.0
896 92.0
146 26.0
819 47.0
981 27.0
766 100.0
977 32.0
45 14.0
155 28.0
393 88.0
236 80.0
633 39.0
754 71.0
387 1.0
574 32.0
820 89.0
316 71.0
433 72.0
152 56.0
826 68.0
925 37.0
430 73.0
821 19.0
917 64.0
210 95.0
999 77.0
979 27.0
284 2.0
93 36.0
25 65.0
468 10.0
195 60.0
876 84.0
593 16.0
941 94.0
490 66.0
822 38.0
401 33.0
676 18.0
146 80.0
929 82.0
596 33.0
543 73.0
787 27.0
597 40.0
968 84.0
823 47.0
29 5.0
490 21.0
479 24.0
934 97.0
940 54.0
41 61.0
546 24.0
12 60.0
824 31.0
297 27.0
282 80.0
399 70.0
341 27.0
556 48.0
247 87.0
738 56.0
599 62.0
825 46.0
581 4.0
904 28.0
923 43.0
96 17.0
311 23.0
288 90.0
826 18.0
388 85.0
553 34.0
810 92.0
948 31.0
186 38.0
547 46.0
882 92.0
916 49.0
305 97.0
901 22.0
228 15.0
827 79.0
610 40.0
750 92.0
87 5.0
766 61.0
752 14.0
140 91.0
213 81.0
831 50.0
384 24.0
828 90.0
57 49.0
732 18.0
860 74.0
778 17.0
280 24.0
818 20.0
829 58.0
92 38.0
553 26.0
131 23.0
547 77.0
266 65.0
532 27.0
394 40.0
712 7.0
715 61.0
830 1.0
405 18.0
733 79.0
699 21.0
831 69.0
395 38.0
347 53.0
406 42.0
863 62.0
50 85.0
822 11.0
940 22.0
790 97.0
467 8.0
984 32.0
212 60.0
889 18.0
831 27.0
902 77.0
498 53.0
846 13.0
302 5.0
94 37.0
692 87.0
937 69.0
392 49.0
832 40.0
205 37.0
729 71.0
50 44.0
171 39.0
563 14.0
472 7.0
450 82.0
364 81.0
72 21.0
969 11.0
698 2.0
923 84.0
124 1.0
470 95.0
341 2.0
948 24.0
722 89.0
970 7.0
833 66.0
354 15.0
551 35.0
90 12.0
395 78.0
523 53.0
986 63.0
708 52.0
826 42.0
578 24.0
260 57.0
697 57.0
148 74.0
834 34.0
172 53.0
46 30.0
374 64.0
710 26.0
130 50.0
254 35.0
835 36.0
713 24.0
721 48.0
489 18.0
867 99.0
795 97.0
407 100000.0
949 70.0
861 22.0
753 71.0
403 55.0
836 96.0
880 12.0
175 35.0
387 16.0
160 46.0
567 66.0
119 69.0
566 38.0
653 100000.0
69 36.0
533 75.0
837 36.0
123 47.0
360 14.0
934 37.0
496 84.0
265 46.0
188 87.0
992 10.0
216 11.0
838 97.0
734 22.0
977 44.0
548 83.0
797 73.0
680 77.0
3 68.0
266 59.0
655 67.0
861 15.0
827 86.0
611 11.0
794 32.0
839 13.0
403 81.0
871 48.0
832 93.0
757 18.0
845 88.0
150 29.0
688 84.0
722 38.0
840 59.0
459 35.0
462 19.0
422 57.0
619 27.0
370 39.0
474 22.0
724 62.0
287 34.0
589 98.0
475 45.0
841 41.0
500 62.0
985 25.0
343 61.0
175 37.0
603 13.0
974 80.0
956 28.0
1 36.0
903 78.0
842 50.0
71 51.0
191 57.0
497 91.0
254 46.0
523 89.0
358 32.0
421 54.0
921 63.0
343 69.0
511 64.0
843 75.0
852 34.0
59 30.0
20 23.0
333 15.0
266 86.0
393 90.0
129 82.0
105 78.0
844 57.0
518 92.0
792 46.0
712 89.0
815 42.0
779 37.0
254 5.0
45 61.0
211 84.0
630 10.0
284 23.0
626 48.0
893 48.0
845 22.0
531 67.0
28 4.0
408 1.0
996 100.0
846 72.0
882 20.0
138 27.0
37 67.0
619 53.0
544 90.0
291 85.0
617 94.0
58 26.0
700 79.0
847 75.0
989 33.0
151 50.0
850 18.0
516 67.0
26 73.0
805 57.0
477 6.0
74 47.0
121 45.0
863 100.0
566 14.0
714 18.0
214 2.0
276 84.0
1 78.0
30 96.0
177 99.0
964 50.0
63 84.0
848 46.0
426 73.0
420 77.0
957 27.0
440 60.0
844 39.0
424 59.0
985 50.0
316 60.0
295 45.0
931 89.0
896 87.0
79 54.0
849 42.0
160 24.0
804 45.0
9 92.0
463 79.0
276 87.0
97 29.0
168 19.0
850 96.0
236 99.0
834 66.0
811 35.0
908 9.0
65 55.0
788 3.0
613 9.0
19 71.0
332 66.0
985 4.0
147 63.0
600 63.0
851 16.0
119 12.0
559 56.0
475 71.0
379 46.0
347 88.0
278 6.0
990 64.0
151 97.0
201 67.0
852 8.0
976 97.0
486 75.0
815 81.0
379 92.0
940 80.0
967 54.0
896 52.0
666 8.0
513 13.0
364 25.0
580 60.0
182 43.0
853 18.0
237 100.0
554 91.0
664 71.0
725 57.0
403 56.0
822 97.0
258 30.0
165 1.0
620 27.0
854 48.0
596 72.0
42 68.0
15 28.0
873 71.0
328 65.0
337 76.0
836 74.0
152 19.0
378 18.0
261 51.0
768 94.0
622 37.0
407 53.0
855 10.0
338 43.0
732 48.0
716 93.0
442 83.0
623 56.0
503 81.0
571 93.0
278 55.0
856 56.0
264 82.0
279 2.0
521 45.0
463 76.0
893 34.0
927 22.0
857 32.0
945 42.0
375 100000.0
770 66.0
792 66.0
797 71.0
51 32.0
920 49.0
481 70.0
858 81.0
14 3.0
402 30.0
419 77.0
963 80.0
565 55.0
387 25.0
928 95.0
859 76.0
937 38.0
7 60.0
642 77.0
697 63.0
369 62.0
150 63.0
272 42.0
860 63.0
375 72.0
513 28.0
675 94.0
624 74.0
97 64.0
616 31.0
700 53.0
379 61.0
427 15.0
131 28.0
475 27.0
861 58.0
190 35.0
569 50.0
690 8.0
719 80.0
290 71.0
61 36.0
456 7.0
862 43.0
834 45.0
928 37.0
753 57.0
309 32.0
524 22.0
22 69.0
444 44.0
437 63.0
757 31.0
863 88.0
109 6.0
20 91.0
916 12.0
818 22.0
45 15.0
632 47.0
56 89.0
10 14.0
864 41.0
137 12.0
758 43.0
202 37.0
617 50.0
914 69.0
356 57.0
668 65.0
865 27.0
318 89.0
690 5.0
69 11.0
258 97.0
649 23.0
704 77.0
599 19.0
821 50.0
257 62.0
57 44.0
86 9.0
483 66.0
259 9.0
866 65.0
750 99.0
704 98.0
8 48.0
420 13.0
357 52.0
613 26.0
385 53.0
390 14.0
599 93.0
738 40.0
413 72.0
119 40.0
867 64.0
327 46.0
168 87.0
146 95.0
484 16.0
162 54.0
208 76.0
868 23.0
524 49.0
436 89.0
553 65.0
265 60.0
503 38.0
399 39.0
221 28.0
869 70.0
10 24.0
482 31.0
391 24.0
854 25.0
870 8.0
607 38.0
672 71.0
667 95.0
531 4.0
552 26.0
698 22.0
717 52.0
328 85.0
827 60.0
754 44.0
154 71.0
389 64.0
964 80.0
321 92.0
871 66.0
645 27.0
975 12.0
255 11.0
67 27.0
566 23.0
216 85.0
568 87.0
778 75.0
90 86.0
213 97.0
261 2.0
872 16.0
430 48.0
936 100.0
520 37.0
859 56.0
401 16.0
112 67.0
359 67.0
312 90.0
798 86.0
873 91.0
284 89.0
556 49.0
770 17.0
431 37.0
957 64.0
179 21.0
898 63.0
64 90.0
874 27.0
344 26.0
601 71.0
692 67.0
690 25.0
650 52.0
997 6.0
663 44.0
369 97.0
941 96.0
505 62.0
580 17.0
303 25.0
345 33.0
875 15.0
494 27.0
916 52.0
614 89.0
61 56.0
67 19.0
178 90.0
876 27.0
958 89.0
680 31.0
681 83.0
114 37.0
835 45.0
342 4.0
702 95.0
326 85.0
801 63.0
143 49.0
604 50.0
877 54.0
662 84.0
402 39.0
311 57.0
504 76.0
712 19.0
946 21.0
809 61.0
250 74.0
878 41.0
92 65.0
167 17.0
822 54.0
624 63.0
145 43.0
809 64.0
927 79.0
879 16.0
207 67.0
912 71.0
198 21.0
831 33.0
982 19.0
888 79.0
369 21.0
724 15.0
613 71.0
152 45.0
429 66.0
765 22.0
990 59.0
941 54.0
880 25.0
138 58.0
356 81.0
893 30.0
669 53.0
660 77.0
206 42.0
208 100.0
128 68.0
539 92.0
17 24.0
191 43.0
125 78.0
185 51.0
881 42.0
637 84.0
489 22.0
658 62.0
338 74.0
105 70.0
796 8.0
17 56.0
694 9.0
107 29.0
516 66.0
882 95.0
562 11.0
323 93.0
999 2.0
3 90.0
386 72.0
180 89.0
82 45.0
407 82.0
223 30.0
494 78.0
227 8.0
883 50.0
844 38.0
341 43.0
930 1.0
193 84.0
997 54.0
131 9.0
620 65.0
28 91.0
884 57.0
960 96.0
612 10.0
536 77.0
18 4.0
662 23.0
78 90.0
179 39.0
822 32.0
364 51.0
230 14.0
188 28.0
885 54.0
937 47.0
132 85.0
674 5.0
886 96.0
932 50.0
530 60.0
917 58.0
784 57.0
289 44.0
224 88.0
130 24.0
965 16.0
834 91.0
494 34.0
931 68.0
196 97.0
502 62.0
887 62.0
90 79.0
818 60.0
312 25.0
267 60.0
862 58.0
515 4.0
655 17.0
881 98.0
888 64.0
643 81.0
288 66.0
253 1.0
394 48.0
128 79.0
889 14.0
731 14.0
566 7.0
480 86.0
11 9.0
216 60.0
563 10.0
603 33.0
413 58.0
833 85.0
417 39.0
522 18.0
656 87.0
624 74.0
890 75.0
750 92.0
514 64.0
678 97.0
506 31.0
672 81.0
995 83.0
789 94.0
518 78.0
891 96.0
570 7.0
998 72.0
624 8.0
682 61.0
336 21.0
437 63.0
892 13.0
791 87.0
225 70.0
344 75.0
281 6.0
162 18.0
153 60.0
707 71.0
560 65.0
65 43.0
947 26.0
258 4.0
893 82.0
696 11.0
841 87.0
569 7.0
529 98.0
613 45.0
791 68.0
480 96.0
478 39.0
894 40.0
938 24.0
415 11.0
639 62.0
275 90.0
277 9.0
411 20.0
868 4.0
919 59.0
432 25.0
895 7.0
734 28.0
421 6.0
196 16.0
865 12.0
12 15.0
102 86.0
559 30.0
742 97.0
971 53.0
922 23.0
896 69.0
418 4.0
625 3.0
83 18.0
905 91.0
488 39.0
328 93.0
487 65.0
432 46.0
932 60.0
711 69.0
897 6.0
823 42.0
882 33.0
149 65.0
484 38.0
964 21.0
990 8.0
931 9.0
819 19.0
182 55.0
227 50.0
861 21.0
325 35.0
898 75.0
975 61.0
582 29.0
565 50.0
358 25.0
751 91.0
414 76.0
874 25.0
950 88.0
281 35.0
163 37.0
635 47.0
308 28.0
844 39.0
611 84.0
899 84.0
925 45.0
753 8.0
621 1.0
498 49.0
543 35.0
676 36.0
786 53.0
459 69.0
613 48.0
464 82.0
561 61.0
900 54.0
735 100.0
867 31.0
941 89.0
564 33.0
21 17.0
685 48.0
725 68.0
518 100.0
995 11.0
901 67.0
812 17.0
433 79.0
240 23.0
272 88.0
471 51.0
115 61.0
607 46.0
556 14.0
721 25.0
703 93.0
140 33.0
232 48.0
902 28.0
56 48.0
425 62.0
917 23.0
673 97.0
960 17.0
597 91.0
57 54.0
545 93.0
33 88.0
968 67.0
903 39.0
919 74.0
848 12.0
892 63.0
238 41.0
54 31.0
212 53.0
272 53.0
161 38.0
904 95.0
401 27.0
957 88.0
634 2.0
703 12.0
844 36.0
667 28.0
771 84.0
697 92.0
185 72.0
123 78.0
953 41.0
905 56.0
422 54.0
69 63.0
518 69.0
576 93.0
670 54.0
359 50.0
735 62.0
871 16.0
335 47.0
775 86.0
990 99.0
906 88.0
168 23.0
48 55.0
981 98.0
186 27.0
397 5.0
520 11.0
113 68.0
939 80.0
907 65.0
843 91.0
784 34.0
579 88.0
46 62.0
709 20.0
810 10.0
907 97.0
460 81.0
844 32.0
889 56.0
122 29.0
766 77.0
273 46.0
993 46.0
579 13.0
908 69.0
192 33.0
23 73.0
259 19.0
409 80.0
186 67.0
595 56.0
778 69.0
3 11.0
700 49.0
909 18.0
8 27.0
491 45.0
7 24.0
208 73.0
186 4.0
595 91.0
417 65.0
323 37.0
589 100.0
910 13.0
438 61.0
11 36.0
483 85.0
647 9.0
102 72.0
822 8.0
911 55.0
295 15.0
834 17.0
411 66.0
326 41.0
9 56.0
245 64.0
574 62.0
103 74.0
912 18.0
636 20.0
204 16.0
476 58.0
527 87.0
342 70.0
275 20.0
913 75.0
341 58.0
102 26.0
9 96.0
451 53.0
670 58.0
387 27.0
339 79.0
927 79.0
222 94.0
855 3.0
914 48.0
832 46.0
384 92.0
75 1.0
594 87.0
101 93.0
799 3.0
976 93.0
460 94.0
915 33.0
189 6.0
144 61.0
895 69.0
14 91.0
175 10.0
771 58.0
534 69.0
653 80.0
991 81.0
758 11.0
982 98.0
90 47.0
418 10.0
916 100.0
951 41.0
552 92.0
517 3.0
53 21.0
457 87.0
190 84.0
845 7.0
926 91.0
431 93.0
783 45.0
386 16.0
245 12.0
545 2.0
917 53.0
382 48.0
693 8.0
73 52.0
222 88.0
615 55.0
561 26.0
835 44.0
852 97.0
440 72.0
760 92.0
918 23.0
538 28.0
486 45.0
423 12.0
280 63.0
475 41.0
776 1.0
686 98.0
388 92.0
919 21.0
109 81.0
800 18.0
91 99.0
907 1.0
273 47.0
326 48.0
753 82.0
596 19.0
788 80.0
920 63.0
269 83.0
182 62.0
911 98.0
636 93.0
355 85.0
316 78.0
488 14.0
752 83.0
58 42.0
456 90.0
374 67.0
273 11.0
224 3.0
921 95.0
119 44.0
576 81.0
387 80.0
689 80.0
121 42.0
363 20.0
943 26.0
736 36.0
26 22.0
300 68.0
628 30.0
188 90.0
922 97.0
234 72.0
772 38.0
927 52.0
675 63.0
445 63.0
930 6.0
122 58.0
367 83.0
136 49.0
842 24.0
603 96.0
595 32.0
803 59.0
738 50.0
661 56.0
425 69.0
923 4.0
545 73.0
870 32.0
941 63.0
220 23.0
1 59.0
924 24.0
619 3.0
987 33.0
72 60.0
593 22.0
570 67.0
350 67.0
567 59.0
226 29.0
193 7.0
395 73.0
458 89.0
925 9.0
155 25.0
849 55.0
141 67.0
378 76.0
312 6.0
373 62.0
865 24.0
992 43.0
59 68.0
690 7.0
926 4.0
293 56.0
415 21.0
804 74.0
193 21.0
218 84.0
78 73.0
37 39.0
762 83.0
707 4.0
312 34.0
386 59.0
856 25.0
547 100.0
266 52.0
927 81.0
32 4.0
640 36.0
636 68.0
516 8.0
282 61.0
549 61.0
171 36.0
392 17.0
314 77.0
29 89.0
928 43.0
512 5.0
328 84.0
438 17.0
649 38.0
423 19.0
646 23.0
28 10.0
525 65.0
843 62.0
384 79.0
685 32.0
929 73.0
943 32.0
471 69.0
65 34.0
320 26.0
365 80.0
75 74.0
930 91.0
49 60.0
306 62.0
469 6.0
948 38.0
415 56.0
931 21.0
522 55.0
883 33.0
767 4.0
163 86.0
158 59.0
908 78.0
62 41.0
820 42.0
704 59.0
932 89.0
675 17.0
714 87.0
411 80.0
506 77.0
368 66.0
168 82.0
908 91.0
508 94.0
377 96.0
431 55.0
166 47.0
74 83.0
507 25.0
853 39.0
933 61.0
575 85.0
590 65.0
784 19.0
320 19.0
719 20.0
937 59.0
934 42.0
498 34.0
295 61.0
735 4.0
156 21.0
968 40.0
843 52.0
100 23.0
492 30.0
672 43.0
935 47.0
531 14.0
889 3.0
21 92.0
912 54.0
888 25.0
729 63.0
31 48.0
707 10.0
236 13.0
517 43.0
662 30.0
499 86.0
572 14.0
936 20.0
497 36.0
964 56.0
644 88.0
141 81.0
772 95.0
257 49.0
856 11.0
275 42.0
817 24.0
136 79.0
484 37.0
353 25.0
110 91.0
712 80.0
852 4.0
937 42.0
646 93.0
302 93.0
101 15.0
355 10.0
109 38.0
460 13.0
464 32.0
546 14.0
602 4.0
610 84.0
938 26.0
574 59.0
513 34.0
404 57.0
201 23.0
912 22.0
109 99.0
515 32.0
229 59.0
939 98.0
330 13.0
203 87.0
755 2.0
562 7.0
521 69.0
347 42.0
940 95.0
174 13.0
2 69.0
11 30.0
140 35.0
757 63.0
480 95.0
59 3.0
219 3.0
945 42.0
937 55.0
941 20.0
898 30.0
718 32.0
578 69.0
553 18.0
867 43.0
847 20.0
438 37.0
414 41.0
700 73.0
892 84.0
94 21.0
942 28.0
667 55.0
92 94.0
553 82.0
238 16.0
404 47.0
440 25.0
927 54.0
855 31.0
668 14.0
980 51.0
997 56.0
943 67.0
177 28.0
98 74.0
868 13.0
598 89.0
447 1.0
820 22.0
606 34.0
944 22.0
854 14.0
426 34.0
393 62.0
860 61.0
605 21.0
756 42.0
949 64.0
458 99.0
516 26.0
525 66.0
542 56.0
372 68.0
532 49.0
369 93.0
626 75.0
514 64.0
945 62.0
159 79.0
716 22.0
738 1.0
697 33.0
931 63.0
543 21.0
946 17.0
156 39.0
85 29.0
837 95.0
705 95.0
845 88.0
495 72.0
704 21.0
817 26.0
947 42.0
86 51.0
631 98.0
696 65.0
715 60.0
7 40.0
681 32.0
157 85.0
289 90.0
675 28.0
206 84.0
120 97.0
897 95.0
777 54.0
906 1.0
948 13.0
447 65.0
799 45.0
327 85.0
789 69.0
622 7.0
400 64.0
314 96.0
949 20.0
45 71.0
794 15.0
260 54.0
422 44.0
704 87.0
788 79.0
99 29.0
21 82.0
578 60.0
864 25.0
552 73.0
530 74.0
714 42.0
661 20.0
733 97.0
950 20.0
777 84.0
800 92.0
568 5.0
858 33.0
479 54.0
473 46.0
732 13.0
140 18.0
283 41.0
682 40.0
383 100.0
193 83.0
951 13.0
358 31.0
103 75.0
524 93.0
433 63.0
801 85.0
422 22.0
952 51.0
436 47.0
68 13.0
717 61.0
603 63.0
342 3.0
831 28.0
912 92.0
887 67.0
233 60.0
439 2.0
279 17.0
376 80.0
755 97.0
953 36.0
240 89.0
67 49.0
343 22.0
818 89.0
743 35.0
968 66.0
466 32.0
843 60.0
954 58.0
579 73.0
147 90.0
320 95.0
733 28.0
527 27.0
955 100.0
979 76.0
189 29.0
968 99.0
309 18.0
458 38.0
276 99.0
780 38.0
201 44.0
185 56.0
796 54.0
956 38.0
54 68.0
222 50.0
421 39.0
908 57.0
957 58.0
330 21.0
458 72.0
913 60.0
164 35.0
676 75.0
315 38.0
601 29.0
958 45.0
216 41.0
532 42.0
690 15.0
337 11.0
922 44.0
272 60.0
528 10.0
228 45.0
493 70.0
916 13.0
817 45.0
559 43.0
923 26.0
511 40.0
358 94.0
959 46.0
613 100.0
243 33.0
503 59.0
701 93.0
481 36.0
255 29.0
778 32.0
242 3.0
532 52.0
584 100.0
10 3.0
154 40.0
960 77.0
670 11.0
555 21.0
433 35.0
864 5.0
84 72.0
152 10.0
92 3.0
941 74.0
961 42.0
600 36.0
547 88.0
987 10.0
397 8.0
558 64.0
391 85.0
217 75.0
989 88.0
517 10.0
962 80.0
896 49.0
158 11.0
173 66.0
627 72.0
180 26.0
192 60.0
471 75.0
181 29.0
287 11.0
963 13.0
285 74.0
124 50.0
802 67.0
367 45.0
111 56.0
754 53.0
978 6.0
583 83.0
548 78.0
826 89.0
944 92.0
964 66.0
430 6.0
509 43.0
628 91.0
692 43.0
548 20.0
792 99.0
909 93.0
110 83.0
197 79.0
556 26.0
724 89.0
571 44.0
889 37.0
209 42.0
965 63.0
759 39.0
341 53.0
995 38.0
339 98.0
882 47.0
187 56.0
12 16.0
120 95.0
543 27.0
873 39.0
966 83.0
175 68.0
437 100.0
181 66.0
219 89.0
967 30.0
461 23.0
640 58.0
984 52.0
930 81.0
927 46.0
848 32.0
627 5.0
121 73.0
248 11.0
28 86.0
294 96.0
932 50.0
35 72.0
394 79.0
898 72.0
968 14.0
426 8.0
760 12.0
173 61.0
386 90.0
439 93.0
517 83.0
373 97.0
969 60.0
501 66.0
227 63.0
2 58.0
492 94.0
911 96.0
722 74.0
665 29.0
457 83.0
145 81.0
52 92.0
970 8.0
589 84.0
919 48.0
637 64.0
671 92.0
571 1.0
776 56.0
878 94.0
209 76.0
806 98.0
223 99.0
971 53.0
354 70.0
423 81.0
903 7.0
984 20.0
65 62.0
894 87.0
45 7.0
403 88.0
463 71.0
445 23.0
136 46.0
972 98.0
421 11.0
841 99.0
719 20.0
623 86.0
14 74.0
441 64.0
626 44.0
215 10.0
516 40.0
409 70.0
330 29.0
170 42.0
131 16.0
305 58.0
973 81.0
667 94.0
578 89.0
204 79.0
913 63.0
382 10.0
569 13.0
245 79.0
974 8.0
745 85.0
398 10.0
276 86.0
515 7.0
873 6.0
989 35.0
975 14.0
896 26.0
138 28.0
767 54.0
534 65.0
21 27.0
83 6.0
637 82.0
680 19.0
773 4.0
926 88.0
963 14.0
358 60.0
163 96.0
976 62.0
702 18.0
959 8.0
633 80.0
118 61.0
625 63.0
912 36.0
716 66.0
825 39.0
823 89.0
972 38.0
760 65.0
977 74.0
107 44.0
75 60.0
508 86.0
913 43.0
978 26.0
586 71.0
432 65.0
306 88.0
428 62.0
60 91.0
327 18.0
550 16.0
459 100.0
728 15.0
998 22.0
803 95.0
979 12.0
632 97.0
567 86.0
304 70.0
482 1.0
409 46.0
243 84.0
132 33.0
479 70.0
413 9.0
980 74.0
604 77.0
48 71.0
651 52.0
74 75.0
654 47.0
734 94.0
57 4.0
896 46.0
981 2.0
984 22.0
806 72.0
199 61.0
974 72.0
206 70.0
388 48.0
818 73.0
485 5.0
839 14.0
599 3.0
667 9.0
360 84.0
982 98.0
857 54.0
646 18.0
196 10.0
438 70.0
85 73.0
983 72.0
799 95.0
196 31.0
569 68.0
124 26.0
773 30.0
40 80.0
996 38.0
984 73.0
796 35.0
70 20.0
283 39.0
723 28.0
469 34.0
238 26.0
184 76.0
607 85.0
812 34.0
50 4.0
302 31.0
104 30.0
612 65.0
985 87.0
580 87.0
729 85.0
807 15.0
214 74.0
278 21.0
842 25.0
848 63.0
33 14.0
612 66.0
857 44.0
508 99.0
986 6.0
959 35.0
924 60.0
531 27.0
394 33.0
359 25.0
98 99.0
671 68.0
89 70.0
52 2.0
413 76.0
987 63.0
622 79.0
414 63.0
861 41.0
313 17.0
460 34.0
694 22.0
162 49.0
712 66.0
724 71.0
272 62.0
139 84.0
137 25.0
988 57.0
606 36.0
192 25.0
424 99.0
941 5.0
426 62.0
989 35.0
264 60.0
973 7.0
801 57.0
482 30.0
349 7.0
371 2.0
636 2.0
465 96.0
682 39.0
786 79.0
990 4.0
486 59.0
379 13.0
302 41.0
173 56.0
991 46.0
621 84.0
699 86.0
184 66.0
12 66.0
113 8.0
434 25.0
533 87.0
288 50.0
870 94.0
726 18.0
356 5.0
354 86.0
755 70.0
992 79.0
331 20.0
201 7.0
535 94.0
351 13.0
432 10.0
112 3.0
524 55.0
224 20.0
670 77.0
424 69.0
993 65.0
426 4.0
314 5.0
190 52.0
394 1.0
273 40.0
772 62.0
914 32.0
934 82.0
712 55.0
994 25.0
326 86.0
849 53.0
583 3.0
303 93.0
249 82.0
907 16.0
509 80.0
898 32.0
995 3.0
547 36.0
330 71.0
87 60.0
561 84.0
690 79.0
996 20.0
59 29.0
354 18.0
734 89.0
934 37.0
414 37.0
548 34.0
79 33.0
118 72.0
772 8.0
590 10.0
323 87.0
408 64.0
997 27.0
934 8.0
843 38.0
302 40.0
588 36.0
37 81.0
723 41.0
607 24.0
353 43.0
926 51.0
998 4.0
650 61.0
860 60.0
789 64.0
732 52.0
41 49.0
301 82.0
784 31.0
647 100.0
999 71.0
242 14.0
465 89.0
667 86.0
353 30.0
660 69.0
866 50.0
298 14.0
330 79.0
1000 54.0
5 70.0
549 33.0
498 36.0
386 97.0
94 67.0
701 32.0
570 82.0
481 24.0
535 21.0
571 23.0
152 46.0
776 62.0
765 25.0
858 40.0
99 5.0
397 23.0
764 95.0
884 89.0
952 43.0
675
407
1 675
1 856
1 375
1 386
1 387
1 226
1 233
1 835
1 653
1 293
1 834
1 407
