1000 10989 0  0 3
8
9
17
10
8
7
18
8
12
9
8
8
15
9
7
11
12
14
13
13
9
8
12
10
17
9
9
16
5
15
7
12
5
8
15
4
9
10
11
13
10
8
11
9
6
11
11
11
8
9
11
10
12
6
8
8
13
13
12
13
9
15
9
13
11
15
7
13
17
10
16
15
6
8
11
14
14
9
5
15
16
11
21
9
15
19
10
14
11
11
10
10
15
8
12
14
10
18
15
13
12
18
8
6
9
12
11
8
13
15
8
9
8
13
7
12
6
11
12
14
11
6
12
10
11
11
18
15
10
11
15
12
14
10
11
18
17
11
12
16
9
9
10
8
14
15
12
3
8
13
13
12
11
11
13
12
9
8
6
13
11
18
12
10
9
14
9
5
8
9
8
14
16
14
13
14
14
15
10
16
12
13
12
15
9
14
9
12
15
7
13
8
14
9
13
10
12
3
11
10
9
11
14
17
14
7
12
8
8
13
18
10
10
8
6
10
13
7
12
10
10
4
7
18
10
9
18
8
10
10
8
7
9
14
14
6
7
6
14
8
8
17
11
7
5
12
16
8
13
17
13
10
11
14
9
17
14
9
11
10
10
15
8
11
7
9
14
19
7
13
7
14
4
8
9
7
9
7
12
15
8
5
11
5
11
11
8
11
10
16
10
7
13
10
13
11
14
12
8
18
8
17
13
10
11
15
6
11
11
12
10
14
10
10
9
11
12
8
6
12
12
14
19
13
14
11
14
10
14
11
13
13
12
10
10
16
9
10
13
10
12
12
10
17
6
7
14
11
18
11
6
13
13
9
9
16
12
9
8
10
6
12
7
9
7
12
11
14
9
9
13
17
9
4
9
7
11
9
16
5
13
9
10
11
7
15
10
13
15
15
12
13
7
14
7
14
7
6
7
9
12
13
11
7
12
12
14
9
20
16
21
9
16
8
9
16
4
7
9
12
11
9
9
10
9
13
16
15
8
9
9
6
12
11
8
10
10
15
8
11
9
14
13
9
10
16
12
9
8
11
9
11
13
8
10
12
13
10
12
11
9
8
13
11
10
11
9
8
8
12
15
12
3
4
13
5
13
10
8
13
14
12
14
14
10
12
11
6
9
13
17
11
7
10
13
9
5
8
10
11
9
6
12
12
13
8
9
11
15
13
12
7
13
16
5
11
11
12
10
16
15
5
11
10
9
9
12
9
7
8
11
12
15
14
15
12
11
7
8
10
10
11
16
11
15
5
13
12
12
12
10
8
13
7
5
16
8
15
6
9
9
9
3
9
13
10
12
9
13
16
9
4
15
10
8
14
7
12
14
12
5
9
11
8
8
15
9
17
10
13
7
11
11
12
8
20
7
15
10
12
12
9
16
8
19
10
15
12
14
9
15
13
10
19
18
11
10
12
14
11
16
13
11
17
11
8
11
10
6
10
14
11
11
12
15
13
9
16
11
10
12
10
12
18
5
10
9
6
8
9
14
10
13
6
9
14
11
11
9
13
7
18
10
13
18
11
15
16
11
18
4
16
19
11
9
9
11
9
11
8
15
7
10
10
11
5
11
15
11
10
6
17
15
16
13
12
9
14
9
15
9
9
13
10
14
16
12
17
16
11
9
8
4
11
12
12
12
10
8
11
11
16
11
6
9
10
19
13
13
6
11
9
11
12
10
11
12
12
12
13
9
8
10
11
10
10
11
9
6
8
15
11
10
10
11
9
8
9
7
10
8
5
12
19
12
5
10
11
12
11
11
9
16
7
11
7
10
14
17
7
14
16
11
13
11
6
12
6
9
12
15
16
10
13
10
13
8
15
9
10
10
13
18
8
8
9
8
8
10
9
11
16
7
8
10
10
8
10
11
10
6
11
14
6
9
9
13
7
6
8
10
10
8
7
12
13
6
16
15
9
12
7
9
10
11
13
12
6
6
15
12
12
13
10
13
8
9
12
10
8
11
12
15
10
14
12
10
17
10
6
6
8
13
7
10
13
8
20
15
11
10
13
13
6
13
11
10
10
8
10
7
14
10
10
16
8
10
12
15
12
15
18
11
14
13
13
5
8
17
18
13
10
14
9
16
13
12
9
12
12
6
10
11
13
14
9
4
7
5
7
15
15
14
19
8
11
10
11
7
14
10
11
9
10
8
11
10
10
14
15
12
10
8
11
13
14
10
12
18
12
11
5
17
13
9
14
10
11
11
15
8
9
8
7
12
9
15
10
11
4
11
6
13
7
10
12
13
14
22
7
15
7
16
14
11
9
11
7
9
9
2 8.0
732 3.0
155 88.0
693 55.0
825 32.0
806 15.0
971 65.0
653 6.0
3 44.0
778 68.0
151 36.0
94 85.0
684 74.0
752 77.0
489 45.0
746 93.0
44 56.0
4 2.0
764 25.0
809 50.0
810 44.0
193 9.0
780 1.0
558 45.0
333 41.0
548 63.0
963 75.0
646 25.0
93 27.0
150 48.0
59 34.0
127 41.0
65 68.0
252 70.0
5 6.0
762 19.0
267 41.0
283 3.0
394 26.0
845 78.0
91 53.0
693 8.0
378 74.0
130 82.0
6 33.0
428 96.0
666 17.0
129 100.0
726 55.0
564 36.0
581 54.0
432 85.0
7 50.0
94 76.0
211 78.0
602 38.0
91 6.0
214 25.0
286 76.0
8 35.0
983 97.0
150 4.0
828 5.0
115 82.0
222 84.0
881 30.0
646 100.0
980 32.0
339 13.0
410 76.0
953 41.0
795 50.0
845 49.0
248 56.0
823 11.0
924 46.0
575 63.0
9 87.0
780 7.0
309 2.0
499 90.0
773 56.0
605 15.0
384 84.0
716 68.0
10 3.0
994 64.0
132 77.0
913 81.0
176 84.0
263 73.0
593 80.0
445 26.0
770 64.0
796 39.0
585 71.0
285 48.0
11 79.0
868 38.0
433 85.0
986 87.0
494 80.0
759 93.0
216 30.0
69 1.0
855 54.0
12 42.0
530 95.0
153 83.0
57 39.0
181 67.0
974 48.0
157 76.0
779 3.0
13 14.0
834 3.0
471 76.0
879 42.0
580 45.0
684 33.0
50 92.0
820 6.0
14 21.0
552 1.0
349 39.0
956 81.0
345 50.0
591 19.0
460 35.0
811 16.0
653 48.0
496 89.0
437 38.0
690 95.0
192 48.0
204 84.0
219 24.0
15 90.0
370 97.0
251 94.0
635 49.0
995 27.0
900 66.0
24 44.0
527 23.0
238 22.0
16 86.0
930 4.0
681 13.0
229 43.0
291 58.0
10 12.0
528 80.0
17 19.0
141 74.0
233 22.0
760 77.0
332 94.0
794 33.0
638 53.0
49 63.0
113 89.0
608 1.0
891 28.0
18 40.0
532 90.0
478 91.0
183 29.0
246 94.0
121 48.0
311 91.0
607 99.0
546 88.0
883 11.0
650 10.0
137 6.0
19 32.0
387 97.0
49 73.0
326 86.0
464 94.0
286 79.0
186 1.0
267 24.0
934 10.0
354 33.0
641 38.0
602 8.0
868 60.0
6 75.0
20 67.0
178 55.0
622 95.0
255 30.0
877 93.0
696 44.0
304 9.0
442 10.0
379 12.0
818 83.0
28 65.0
620 87.0
409 15.0
21 12.0
34 10.0
50 19.0
196 88.0
307 86.0
819 7.0
213 31.0
246 94.0
241 100.0
613 69.0
456 35.0
560 70.0
659 36.0
22 100.0
652 67.0
948 22.0
427 19.0
795 46.0
876 41.0
50 45.0
372 19.0
313 6.0
23 78.0
950 74.0
969 76.0
517 98.0
824 48.0
196 40.0
661 41.0
268 29.0
24 37.0
109 38.0
438 32.0
582 76.0
280 61.0
934 75.0
551 76.0
624 6.0
200 61.0
50 89.0
798 21.0
518 78.0
25 2.0
979 28.0
788 2.0
272 97.0
968 78.0
140 2.0
976 71.0
959 55.0
286 86.0
713 57.0
26 44.0
644 42.0
314 34.0
797 25.0
488 100.0
668 64.0
851 76.0
194 43.0
411 36.0
381 5.0
678 96.0
439 12.0
448 66.0
137 72.0
515 50.0
626 59.0
837 82.0
27 44.0
936 36.0
440 63.0
129 15.0
200 84.0
917 97.0
880 83.0
907 46.0
23 29.0
28 3.0
417 96.0
5 26.0
186 53.0
891 9.0
89 12.0
1 94.0
613 72.0
153 74.0
29 35.0
90 29.0
476 11.0
80 95.0
638 39.0
656 33.0
765 26.0
574 66.0
35 99.0
953 69.0
653 47.0
917 79.0
884 87.0
770 48.0
226 60.0
937 44.0
30 31.0
722 70.0
976 75.0
591 51.0
198 21.0
31 27.0
753 90.0
682 13.0
847 2.0
220 37.0
785 50.0
451 88.0
674 44.0
3 40.0
381 24.0
707 65.0
263 7.0
468 83.0
368 17.0
329 77.0
32 35.0
817 86.0
368 19.0
523 30.0
251 87.0
505 53.0
134 54.0
33 82.0
441 78.0
239 1.0
968 3.0
300 65.0
797 5.0
108 32.0
587 92.0
475 19.0
610 80.0
786 17.0
561 6.0
34 30.0
993 76.0
109 58.0
193 32.0
74 76.0
35 60.0
842 86.0
612 37.0
32 66.0
736 54.0
939 61.0
572 15.0
792 59.0
36 67.0
450 7.0
924 30.0
883 70.0
877 54.0
915 61.0
499 97.0
594 62.0
638 53.0
854 12.0
477 69.0
425 40.0
914 28.0
172 84.0
282 8.0
37 60.0
35 39.0
262 74.0
46 44.0
38 36.0
256 31.0
495 73.0
203 42.0
486 35.0
775 64.0
787 45.0
17 6.0
24 5.0
39 21.0
490 46.0
554 46.0
161 83.0
335 14.0
728 23.0
588 22.0
562 28.0
776 14.0
779 82.0
40 77.0
610 81.0
48 42.0
661 96.0
411 7.0
52 10.0
38 78.0
295 75.0
194 42.0
66 45.0
997 6.0
41 63.0
272 52.0
674 33.0
806 76.0
704 15.0
924 8.0
595 97.0
335 35.0
645 51.0
124 9.0
43 93.0
617 90.0
293 27.0
42 38.0
8 2.0
672 73.0
846 93.0
103 68.0
220 43.0
151 42.0
49 8.0
160 48.0
341 99.0
43 95.0
981 52.0
550 39.0
869 26.0
618 93.0
644 14.0
766 47.0
225 54.0
44 98.0
211 82.0
554 14.0
585 51.0
722 44.0
762 68.0
967 81.0
341 64.0
277 20.0
545 60.0
8 75.0
45 76.0
739 85.0
893 58.0
757 54.0
184 50.0
818 16.0
325 60.0
406 84.0
481 94.0
46 22.0
110 34.0
310 85.0
620 55.0
835 27.0
641 57.0
47 51.0
722 5.0
476 45.0
153 8.0
907 67.0
320 75.0
117 45.0
886 84.0
563 78.0
891 77.0
353 86.0
48 15.0
34 58.0
9 35.0
724 11.0
502 23.0
970 44.0
934 61.0
170 18.0
454 51.0
643 88.0
524 62.0
49 83.0
988 69.0
208 72.0
954 94.0
173 99.0
972 58.0
94 77.0
699 13.0
851 95.0
844 12.0
505 57.0
50 95.0
497 36.0
968 18.0
80 70.0
9 35.0
597 5.0
920 10.0
596 62.0
51 74.0
978 42.0
327 78.0
880 38.0
58 26.0
727 12.0
102 6.0
584 54.0
844 74.0
52 67.0
631 4.0
869 20.0
104 40.0
523 33.0
316 46.0
319 35.0
67 7.0
189 64.0
251 93.0
59 18.0
53 4.0
73 72.0
519 2.0
222 64.0
502 22.0
495 96.0
136 35.0
510 5.0
55 72.0
776 55.0
54 21.0
721 68.0
41 81.0
318 80.0
701 35.0
194 58.0
607 53.0
32 14.0
336 93.0
492 74.0
242 72.0
725 2.0
55 87.0
91 73.0
954 46.0
942 87.0
368 52.0
208 40.0
56 7.0
399 96.0
599 47.0
417 10.0
119 44.0
858 12.0
515 93.0
154 9.0
57 1.0
669 3.0
175 64.0
949 53.0
121 75.0
232 28.0
971 18.0
784 56.0
58 27.0
387 11.0
276 100.0
170 19.0
174 77.0
236 62.0
329 67.0
467 65.0
976 98.0
595 41.0
214 68.0
203 8.0
599 97.0
59 60.0
86 91.0
13 77.0
462 68.0
872 24.0
832 95.0
177 72.0
214 47.0
263 1.0
304 89.0
107 1.0
989 13.0
99 22.0
60 69.0
629 85.0
5 99.0
397 33.0
122 11.0
80 69.0
921 36.0
524 94.0
295 97.0
316 78.0
588 23.0
985 49.0
61 11.0
260 36.0
151 64.0
422 99.0
97 56.0
907 43.0
901 21.0
137 34.0
640 39.0
23 56.0
428 91.0
464 26.0
612 1.0
62 30.0
169 70.0
111 53.0
912 30.0
417 11.0
925 71.0
175 71.0
183 28.0
747 40.0
63 41.0
90 18.0
172 18.0
869 89.0
149 96.0
193 66.0
932 53.0
29 21.0
664 25.0
178 69.0
923 5.0
284 25.0
299 62.0
516 18.0
82 38.0
64 83.0
834 97.0
239 32.0
342 3.0
833 75.0
907 45.0
164 95.0
145 31.0
312 51.0
65 5.0
823 78.0
845 85.0
547 74.0
869 48.0
365 100.0
772 20.0
902 95.0
277 96.0
161 53.0
250 7.0
420 78.0
25 7.0
66 9.0
787 50.0
476 30.0
351 21.0
912 35.0
659 91.0
580 96.0
16 23.0
719 64.0
22 84.0
713 95.0
67 2.0
642 84.0
431 44.0
149 52.0
845 55.0
901 18.0
515 63.0
441 80.0
498 47.0
871 47.0
558 40.0
994 93.0
568 60.0
490 8.0
329 15.0
68 96.0
664 9.0
989 22.0
100 1.0
261 62.0
14 31.0
43 44.0
69 52.0
266 2.0
465 25.0
450 38.0
905 4.0
5 45.0
524 100.0
870 79.0
506 26.0
503 38.0
967 25.0
550 65.0
594 99.0
70 45.0
831 34.0
542 97.0
522 82.0
515 4.0
735 6.0
120 53.0
326 96.0
381 35.0
252 86.0
773 68.0
803 30.0
427 65.0
253 37.0
446 83.0
967 76.0
491 1.0
71 27.0
749 77.0
215 87.0
213 89.0
101 41.0
843 26.0
295 87.0
686 9.0
527 90.0
77 67.0
72 12.0
621 38.0
607 4.0
46 81.0
779 76.0
528 60.0
245 87.0
974 70.0
819 84.0
588 52.0
497 93.0
535 12.0
463 3.0
90 33.0
568 65.0
257 49.0
73 68.0
212 67.0
561 2.0
709 21.0
520 31.0
166 28.0
133 68.0
967 26.0
930 10.0
99 22.0
669 71.0
230 33.0
691 100.0
197 45.0
182 92.0
74 90.0
730 54.0
840 79.0
903 26.0
301 7.0
428 88.0
75 70.0
440 4.0
820 3.0
272 1.0
959 22.0
947 48.0
944 53.0
879 88.0
76 85.0
430 29.0
219 82.0
319 24.0
981 5.0
323 98.0
596 74.0
702 47.0
53 57.0
965 85.0
116 33.0
77 37.0
667 13.0
828 33.0
383 20.0
701 64.0
218 62.0
128 62.0
15 7.0
389 26.0
448 90.0
783 3.0
47 1.0
712 13.0
837 76.0
78 40.0
805 25.0
605 6.0
406 90.0
938 36.0
254 58.0
624 78.0
468 74.0
233 8.0
836 58.0
17 24.0
880 57.0
904 44.0
610 85.0
79 10.0
901 10.0
989 17.0
888 15.0
23 90.0
474 14.0
927 50.0
311 41.0
123 86.0
80 39.0
944 72.0
372 59.0
382 100.0
3 95.0
81 10.0
601 52.0
18 39.0
597 72.0
324 52.0
627 16.0
475 48.0
364 64.0
253 86.0
52 94.0
865 29.0
991 55.0
844 9.0
824 89.0
445 31.0
82 40.0
265 90.0
934 77.0
738 89.0
953 43.0
971 75.0
846 90.0
876 87.0
819 95.0
414 35.0
405 12.0
614 60.0
914 99.0
984 50.0
231 93.0
515 17.0
83 37.0
304 76.0
725 66.0
440 29.0
268 98.0
928 27.0
565 7.0
540 24.0
339 64.0
223 94.0
295 78.0
84 95.0
919 23.0
17 31.0
228 34.0
615 95.0
212 54.0
843 72.0
7 21.0
288 86.0
993 16.0
721 61.0
417 37.0
560 49.0
961 43.0
641 22.0
623 39.0
981 9.0
137 48.0
814 83.0
941 78.0
521 15.0
85 64.0
487 43.0
684 59.0
604 82.0
70 75.0
958 69.0
722 27.0
717 84.0
809 65.0
86 21.0
841 73.0
465 47.0
644 82.0
226 48.0
788 12.0
677 57.0
355 83.0
299 10.0
208 100.0
884 40.0
609 2.0
990 62.0
959 32.0
675 12.0
87 51.0
275 32.0
264 12.0
299 60.0
401 11.0
600 97.0
608 89.0
384 96.0
674 2.0
218 94.0
507 89.0
816 39.0
752 25.0
947 19.0
785 59.0
112 65.0
274 60.0
843 27.0
387 100.0
88 52.0
380 33.0
569 30.0
296 100.0
614 93.0
793 91.0
875 84.0
712 73.0
527 26.0
2 34.0
89 69.0
631 22.0
127 13.0
270 68.0
887 86.0
271 65.0
318 80.0
306 33.0
603 55.0
949 92.0
768 85.0
247 53.0
934 83.0
26 45.0
90 14.0
281 70.0
122 48.0
6 38.0
480 78.0
856 67.0
672 98.0
526 43.0
736 96.0
967 37.0
626 63.0
91 77.0
763 20.0
694 90.0
711 14.0
386 46.0
201 57.0
416 94.0
907 31.0
548 39.0
289 39.0
340 54.0
92 100.0
814 45.0
413 13.0
332 24.0
321 47.0
867 95.0
755 71.0
667 64.0
906 58.0
790 13.0
93 85.0
686 42.0
254 31.0
408 70.0
929 31.0
808 82.0
143 82.0
321 16.0
465 3.0
462 97.0
94 86.0
367 98.0
401 71.0
386 54.0
448 11.0
572 68.0
893 90.0
991 34.0
245 80.0
193 83.0
530 10.0
754 27.0
890 9.0
632 27.0
876 79.0
95 80.0
903 57.0
1 26.0
229 94.0
583 44.0
648 6.0
820 72.0
1000 71.0
96 83.0
680 76.0
598 87.0
556 34.0
324 31.0
114 23.0
517 66.0
18 32.0
990 83.0
546 95.0
414 9.0
933 47.0
97 8.0
931 48.0
294 48.0
615 54.0
109 39.0
490 50.0
355 1.0
571 43.0
635 69.0
641 10.0
830 99.0
854 16.0
145 22.0
795 68.0
98 70.0
180 80.0
538 3.0
556 66.0
753 64.0
290 75.0
951 92.0
153 21.0
129 42.0
523 60.0
99 27.0
523 78.0
141 29.0
821 38.0
630 26.0
802 27.0
818 26.0
9 58.0
351 89.0
512 9.0
674 99.0
127 47.0
56 34.0
301 3.0
483 84.0
69 58.0
602 30.0
552 94.0
100 48.0
252 1.0
462 74.0
414 91.0
686 88.0
568 53.0
783 8.0
449 5.0
302 90.0
426 67.0
278 62.0
297 56.0
444 89.0
647 50.0
168 70.0
101 55.0
710 71.0
784 28.0
478 35.0
831 74.0
716 91.0
824 93.0
777 79.0
998 68.0
904 44.0
409 92.0
885 31.0
462 39.0
102 64.0
981 53.0
896 55.0
642 41.0
263 98.0
130 67.0
778 52.0
312 14.0
688 7.0
399 82.0
833 94.0
544 89.0
103 83.0
533 87.0
593 26.0
499 76.0
732 29.0
726 47.0
940 19.0
160 85.0
104 47.0
902 87.0
422 64.0
733 77.0
907 20.0
147 65.0
282 81.0
684 10.0
693 78.0
72 79.0
104 66.0
164 6.0
341 100.0
282 14.0
275 95.0
533 43.0
531 27.0
668 46.0
105 62.0
542 30.0
259 57.0
922 52.0
663 61.0
516 35.0
106 78.0
103 97.0
723 39.0
15 65.0
727 25.0
870 26.0
87 22.0
724 13.0
944 87.0
107 100.0
385 92.0
677 34.0
415 96.0
732 88.0
380 87.0
960 46.0
97 31.0
187 50.0
575 14.0
378 22.0
26 67.0
108 66.0
998 53.0
619 95.0
704 71.0
467 90.0
756 56.0
251 30.0
994 37.0
774 63.0
870 10.0
590 82.0
109 64.0
21 25.0
676 22.0
431 12.0
571 53.0
766 44.0
771 70.0
451 39.0
110 46.0
342 99.0
516 3.0
540 96.0
291 82.0
843 92.0
959 5.0
399 26.0
671 55.0
151 53.0
273 8.0
816 94.0
834 100.0
111 89.0
231 7.0
470 1.0
315 4.0
709 44.0
828 77.0
84 75.0
345 1.0
900 16.0
961 100.0
424 56.0
153 21.0
861 86.0
726 27.0
373 66.0
112 14.0
997 97.0
812 13.0
386 35.0
614 44.0
537 13.0
986 10.0
380 27.0
113 66.0
274 34.0
955 3.0
527 25.0
440 31.0
205 100.0
290 90.0
485 21.0
910 44.0
114 24.0
23 60.0
32 12.0
248 17.0
268 10.0
739 18.0
844 3.0
949 52.0
115 98.0
474 93.0
297 75.0
555 52.0
792 16.0
143 23.0
97 12.0
1 1.0
698 43.0
152 5.0
344 52.0
72 98.0
428 38.0
116 40.0
734 84.0
87 73.0
741 1.0
858 22.0
448 99.0
569 90.0
117 8.0
209 25.0
985 26.0
247 89.0
543 29.0
598 95.0
954 34.0
680 40.0
136 16.0
696 46.0
784 99.0
676 79.0
118 25.0
839 4.0
797 65.0
710 27.0
22 35.0
525 50.0
119 49.0
111 68.0
556 1.0
718 47.0
667 47.0
129 24.0
498 50.0
100 15.0
913 85.0
534 35.0
569 1.0
120 42.0
710 44.0
569 10.0
790 32.0
677 51.0
263 18.0
239 72.0
227 51.0
141 35.0
741 16.0
329 29.0
750 51.0
121 36.0
263 85.0
637 38.0
768 93.0
262 83.0
973 66.0
317 68.0
205 22.0
743 75.0
976 82.0
162 27.0
866 34.0
217 100.0
77 34.0
122 92.0
999 79.0
684 76.0
58 35.0
882 91.0
683 70.0
499 48.0
648 3.0
664 41.0
387 99.0
119 13.0
123 22.0
725 56.0
136 48.0
255 76.0
371 71.0
509 29.0
124 32.0
41 98.0
886 28.0
955 6.0
958 39.0
807 93.0
300 79.0
56 57.0
415 75.0
541 50.0
532 2.0
856 72.0
125 17.0
349 63.0
577 29.0
518 43.0
538 60.0
544 9.0
247 79.0
932 28.0
412 5.0
53 22.0
126 93.0
789 85.0
460 91.0
929 93.0
124 18.0
108 86.0
788 4.0
53 83.0
941 64.0
920 12.0
765 3.0
127 7.0
855 13.0
188 39.0
606 9.0
368 44.0
228 35.0
299 55.0
62 25.0
850 43.0
680 38.0
935 100.0
128 7.0
772 30.0
199 6.0
436 47.0
728 38.0
427 38.0
953 34.0
405 98.0
275 3.0
197 5.0
102 84.0
606 53.0
435 41.0
895 18.0
877 43.0
451 10.0
156 48.0
700 40.0
129 90.0
422 51.0
414 44.0
559 1.0
895 21.0
840 75.0
726 2.0
322 79.0
997 5.0
292 56.0
699 54.0
304 63.0
701 10.0
788 72.0
713 67.0
130 69.0
770 94.0
773 68.0
189 3.0
630 77.0
905 58.0
815 12.0
705 53.0
742 81.0
859 49.0
131 74.0
932 57.0
323 87.0
909 14.0
844 31.0
275 82.0
908 26.0
666 94.0
713 19.0
790 73.0
385 40.0
132 14.0
587 97.0
405 79.0
51 65.0
358 90.0
278 26.0
244 100.0
852 72.0
991 37.0
535 85.0
636 15.0
5 44.0
363 10.0
830 69.0
382 42.0
133 52.0
105 93.0
303 63.0
266 4.0
667 6.0
651 60.0
371 26.0
476 19.0
795 70.0
726 8.0
909 21.0
586 36.0
134 14.0
58 17.0
812 31.0
273 20.0
210 4.0
664 41.0
442 24.0
777 46.0
37 51.0
782 75.0
757 86.0
609 21.0
998 33.0
292 13.0
135 68.0
450 30.0
323 72.0
985 81.0
707 6.0
313 25.0
783 59.0
983 1.0
121 100.0
280 51.0
136 66.0
551 7.0
1 78.0
654 68.0
701 63.0
269 29.0
67 27.0
893 56.0
710 4.0
619 74.0
506 62.0
137 22.0
170 17.0
854 1.0
395 91.0
343 78.0
256 28.0
363 100.0
948 19.0
537 30.0
261 81.0
997 45.0
454 12.0
947 57.0
863 22.0
219 34.0
237 56.0
753 24.0
123 79.0
138 85.0
51 28.0
47 69.0
43 20.0
262 23.0
185 59.0
570 10.0
781 79.0
195 62.0
741 21.0
74 94.0
274 82.0
725 33.0
656 96.0
945 5.0
249 33.0
368 95.0
139 22.0
276 65.0
743 96.0
57 81.0
385 59.0
11 73.0
821 60.0
818 3.0
508 34.0
140 21.0
664 15.0
140 46.0
250 17.0
164 60.0
571 19.0
371 52.0
249 44.0
812 61.0
308 66.0
529 73.0
348 25.0
563 93.0
215 85.0
141 22.0
985 64.0
184 15.0
438 24.0
651 19.0
46 79.0
118 15.0
291 27.0
443 14.0
306 46.0
952 82.0
966 100.0
940 5.0
87 60.0
809 70.0
969 93.0
142 86.0
743 86.0
459 65.0
66 12.0
566 75.0
967 35.0
398 40.0
288 100.0
841 15.0
143 92.0
281 67.0
716 98.0
684 12.0
91 29.0
853 99.0
43 36.0
801 20.0
922 3.0
144 42.0
456 61.0
645 49.0
797 30.0
304 24.0
931 85.0
762 12.0
22 39.0
977 75.0
737 78.0
145 66.0
376 5.0
620 21.0
534 28.0
228 23.0
416 14.0
909 22.0
332 80.0
146 68.0
435 73.0
172 77.0
635 61.0
186 2.0
611 32.0
15 96.0
203 6.0
753 25.0
168 62.0
309 45.0
485 52.0
745 64.0
5 78.0
147 97.0
639 86.0
409 61.0
54 22.0
52 89.0
225 64.0
76 43.0
850 24.0
33 36.0
613 65.0
898 43.0
177 22.0
505 10.0
919 11.0
480 52.0
148 35.0
252 52.0
457 89.0
974 100.0
333 48.0
60 32.0
155 79.0
864 1.0
767 49.0
205 41.0
596 95.0
990 78.0
149 2.0
242 49.0
438 82.0
150 81.0
281 37.0
537 79.0
318 91.0
274 21.0
449 8.0
961 5.0
815 51.0
151 41.0
962 83.0
753 99.0
983 36.0
285 78.0
313 73.0
424 59.0
593 53.0
106 68.0
145 6.0
869 83.0
960 19.0
677 32.0
152 100.0
416 4.0
371 97.0
452 37.0
843 56.0
613 20.0
882 24.0
396 18.0
673 18.0
703 47.0
30 50.0
20 54.0
123 86.0
153 36.0
806 53.0
535 2.0
86 28.0
25 27.0
39 34.0
589 12.0
462 72.0
349 92.0
623 12.0
568 99.0
698 89.0
154 46.0
953 48.0
304 38.0
638 34.0
536 66.0
344 92.0
964 21.0
535 87.0
711 94.0
380 13.0
705 69.0
155 82.0
520 48.0
176 9.0
933 37.0
924 38.0
390 91.0
353 4.0
890 53.0
316 29.0
311 23.0
955 36.0
156 38.0
913 42.0
510 79.0
927 19.0
420 43.0
464 40.0
652 69.0
166 100.0
566 21.0
163 53.0
392 56.0
806 29.0
879 81.0
157 47.0
682 54.0
883 87.0
49 44.0
782 83.0
390 5.0
288 78.0
127 92.0
465 32.0
9 64.0
860 80.0
225 51.0
158 70.0
957 32.0
179 51.0
123 66.0
571 52.0
549 49.0
484 34.0
895 15.0
65 16.0
159 11.0
242 21.0
320 84.0
734 100.0
651 7.0
512 74.0
713 88.0
459 77.0
160 53.0
531 88.0
6 28.0
383 62.0
608 1.0
590 84.0
161 42.0
175 58.0
759 58.0
261 53.0
833 66.0
667 75.0
707 4.0
611 8.0
999 2.0
380 82.0
96 97.0
172 48.0
290 93.0
162 96.0
954 6.0
738 65.0
926 93.0
699 98.0
687 93.0
653 81.0
456 11.0
136 26.0
168 91.0
330 26.0
163 23.0
405 87.0
813 28.0
294 95.0
452 36.0
744 7.0
38 45.0
159 41.0
993 20.0
701 69.0
610 85.0
213 66.0
412 51.0
276 60.0
528 45.0
789 18.0
50 92.0
9 13.0
164 99.0
800 65.0
724 90.0
422 2.0
448 42.0
181 33.0
591 83.0
174 49.0
698 69.0
784 30.0
151 72.0
390 7.0
165 93.0
190 8.0
251 79.0
721 80.0
755 66.0
560 75.0
566 34.0
934 25.0
831 87.0
14 4.0
166 73.0
628 55.0
348 52.0
669 53.0
432 5.0
616 29.0
315 19.0
456 54.0
619 71.0
167 36.0
127 43.0
838 100000.0
373 38.0
268 93.0
396 36.0
133 4.0
33 48.0
11 74.0
262 94.0
706 26.0
418 25.0
926 92.0
967 21.0
168 74.0
932 76.0
454 42.0
814 90.0
333 100.0
370 67.0
866 25.0
27 58.0
275 97.0
169 10.0
311 82.0
131 83.0
445 71.0
979 14.0
170 11.0
271 32.0
122 4.0
680 21.0
326 67.0
504 15.0
359 36.0
57 30.0
171 46.0
827 8.0
801 7.0
843 80.0
654 28.0
197 59.0
173 41.0
963 51.0
90 44.0
172 96.0
812 12.0
170 31.0
831 58.0
843 84.0
460 36.0
461 32.0
777 77.0
173 47.0
812 8.0
497 97.0
519 43.0
903 97.0
957 57.0
351 72.0
547 84.0
306 12.0
469 39.0
113 61.0
749 62.0
74 72.0
878 87.0
174 65.0
79 99.0
910 99.0
600 92.0
446 49.0
569 98.0
444 57.0
288 77.0
261 20.0
497 100.0
897 25.0
8 15.0
28 24.0
974 28.0
609 15.0
598 14.0
175 25.0
958 58.0
816 58.0
387 86.0
697 47.0
185 31.0
440 77.0
121 74.0
470 25.0
861 31.0
934 67.0
166 6.0
696 38.0
473 27.0
176 90.0
487 85.0
411 61.0
99 33.0
796 24.0
163 39.0
269 18.0
658 44.0
846 90.0
49 82.0
981 31.0
100 87.0
270 72.0
177 76.0
365 6.0
961 43.0
119 4.0
454 59.0
779 58.0
776 76.0
652 68.0
853 20.0
475 67.0
283 59.0
512 62.0
333 12.0
926 3.0
178 1.0
209 26.0
219 54.0
518 99.0
813 21.0
878 84.0
208 92.0
213 27.0
529 53.0
536 65.0
296 46.0
900 56.0
565 81.0
299 11.0
179 54.0
733 22.0
279 72.0
562 60.0
472 79.0
898 60.0
710 66.0
951 57.0
793 28.0
700 23.0
673 51.0
843 58.0
129 58.0
353 46.0
863 78.0
180 64.0
922 66.0
882 9.0
161 69.0
558 97.0
255 83.0
65 23.0
289 43.0
368 40.0
623 86.0
181 23.0
173 73.0
998 77.0
449 20.0
850 40.0
476 67.0
218 46.0
133 80.0
749 2.0
466 96.0
920 96.0
796 3.0
748 81.0
719 18.0
962 60.0
663 88.0
182 61.0
91 70.0
756 35.0
162 88.0
735 47.0
102 89.0
314 64.0
829 74.0
724 3.0
835 58.0
112 74.0
916 17.0
183 68.0
127 94.0
126 27.0
432 39.0
552 28.0
864 86.0
96 92.0
379 54.0
205 2.0
251 1.0
949 87.0
88 6.0
895 38.0
184 68.0
534 76.0
83 85.0
467 6.0
800 76.0
672 4.0
144 67.0
88 18.0
885 73.0
689 27.0
728 47.0
860 75.0
185 32.0
775 23.0
802 35.0
854 65.0
557 27.0
560 42.0
681 55.0
124 96.0
865 36.0
258 99.0
70 15.0
668 28.0
74 56.0
241 63.0
161 80.0
186 84.0
636 51.0
349 91.0
631 67.0
249 46.0
391 70.0
398 55.0
768 57.0
734 10.0
187 60.0
801 73.0
730 63.0
560 3.0
894 16.0
420 35.0
618 79.0
275 14.0
329 89.0
563 57.0
734 64.0
239 27.0
205 74.0
755 54.0
188 68.0
60 67.0
402 16.0
661 23.0
282 95.0
474 82.0
34 20.0
536 65.0
827 71.0
189 48.0
377 81.0
999 14.0
725 9.0
340 92.0
295 64.0
384 62.0
135 22.0
183 19.0
911 83.0
206 26.0
256 41.0
190 3.0
175 45.0
785 21.0
370 82.0
755 2.0
924 56.0
397 67.0
822 85.0
3 58.0
828 28.0
525 96.0
171 10.0
837 87.0
195 74.0
135 7.0
191 87.0
20 59.0
50 47.0
901 35.0
16 3.0
219 64.0
643 79.0
192 59.0
373 40.0
107 64.0
672 59.0
291 5.0
547 44.0
717 9.0
802 88.0
771 58.0
351 2.0
194 55.0
222 1.0
299 71.0
193 73.0
783 36.0
583 60.0
541 36.0
377 33.0
974 32.0
390 96.0
829 63.0
194 26.0
797 43.0
173 22.0
466 29.0
85 100.0
632 87.0
270 66.0
187 61.0
676 74.0
517 82.0
71 44.0
93 73.0
300 66.0
198 83.0
195 59.0
353 26.0
550 63.0
907 57.0
155 38.0
852 83.0
791 73.0
176 39.0
7 74.0
196 92.0
232 83.0
149 62.0
252 93.0
894 20.0
404 30.0
907 41.0
829 62.0
155 69.0
845 69.0
811 9.0
539 31.0
653 82.0
197 49.0
95 86.0
337 78.0
231 33.0
64 24.0
183 87.0
650 21.0
485 80.0
201 72.0
276 44.0
198 84.0
648 79.0
916 13.0
843 16.0
385 3.0
98 98.0
529 41.0
732 18.0
337 94.0
488 30.0
718 4.0
730 36.0
199 38.0
594 59.0
154 43.0
200 16.0
35 48.0
396 92.0
839 56.0
295 21.0
733 27.0
191 69.0
643 74.0
905 8.0
913 35.0
630 13.0
201 19.0
694 25.0
203 80.0
188 12.0
587 96.0
83 61.0
95 3.0
953 1.0
546 88.0
929 39.0
202 69.0
840 84.0
751 90.0
898 51.0
396 11.0
851 43.0
354 70.0
232 38.0
230 6.0
203 93.0
589 27.0
342 12.0
858 94.0
578 77.0
268 80.0
973 61.0
986 53.0
704 13.0
26 31.0
863 8.0
204 1.0
49 38.0
312 20.0
520 40.0
14 58.0
795 88.0
65 19.0
972 66.0
838 12.0
31 34.0
941 77.0
267 22.0
649 83.0
766 31.0
205 48.0
141 30.0
184 62.0
104 39.0
509 38.0
388 56.0
414 81.0
760 57.0
791 74.0
85 89.0
867 63.0
157 54.0
889 50.0
198 81.0
699 26.0
665 77.0
660 69.0
206 24.0
969 43.0
540 19.0
716 71.0
532 60.0
708 68.0
75 78.0
487 13.0
900 85.0
237 95.0
408 63.0
114 7.0
653 54.0
816 27.0
207 59.0
546 45.0
879 71.0
876 20.0
685 75.0
94 35.0
836 2.0
208 55.0
742 87.0
447 89.0
567 55.0
321 80.0
905 84.0
625 34.0
74 13.0
939 44.0
164 89.0
369 77.0
987 86.0
209 26.0
294 34.0
609 27.0
405 17.0
842 88.0
811 86.0
751 95.0
504 42.0
210 92.0
604 97.0
973 100.0
605 87.0
20 24.0
861 70.0
263 3.0
326 38.0
211 49.0
576 13.0
713 81.0
65 20.0
756 84.0
1000 82.0
624 43.0
442 92.0
254 30.0
27 88.0
244 47.0
932 44.0
221 40.0
212 29.0
548 13.0
162 12.0
449 9.0
761 85.0
612 81.0
939 66.0
862 96.0
627 6.0
839 14.0
374 23.0
918 51.0
673 85.0
634 51.0
746 79.0
336 67.0
805 30.0
889 61.0
213 86.0
811 91.0
897 56.0
72 56.0
940 27.0
125 15.0
466 52.0
644 81.0
675 53.0
201 38.0
214 47.0
74 53.0
153 84.0
574 62.0
913 40.0
528 82.0
520 79.0
167 21.0
241 76.0
194 13.0
215 30.0
815 95.0
50 50.0
55 38.0
305 2.0
671 45.0
958 21.0
893 83.0
216 25.0
790 72.0
845 42.0
35 91.0
603 45.0
385 99.0
217 90.0
781 15.0
235 30.0
239 20.0
176 9.0
745 56.0
181 43.0
509 67.0
814 71.0
119 31.0
218 9.0
749 45.0
501 45.0
301 97.0
778 41.0
222 92.0
962 79.0
607 64.0
866 30.0
340 13.0
562 94.0
568 18.0
556 53.0
219 90.0
223 25.0
145 67.0
436 87.0
559 81.0
975 64.0
140 97.0
220 46.0
198 51.0
930 77.0
249 83.0
901 86.0
535 17.0
488 55.0
434 33.0
321 89.0
406 69.0
957 47.0
418 95.0
221 18.0
203 28.0
807 92.0
93 66.0
718 75.0
620 39.0
893 19.0
18 96.0
965 28.0
97 53.0
222 97.0
673 1.0
736 82.0
813 46.0
732 29.0
455 29.0
148 44.0
118 14.0
704 23.0
237 26.0
223 97.0
698 62.0
776 44.0
200 64.0
224 57.0
465 33.0
483 33.0
387 34.0
866 14.0
634 43.0
110 51.0
225 79.0
493 42.0
515 91.0
344 1.0
582 41.0
442 86.0
310 36.0
647 75.0
800 95.0
68 73.0
729 86.0
964 24.0
741 94.0
591 64.0
26 64.0
456 34.0
740 1.0
74 94.0
226 67.0
146 74.0
816 95.0
903 86.0
142 19.0
482 98.0
145 65.0
929 96.0
84 90.0
324 56.0
227 12.0
938 99.0
145 90.0
672 74.0
482 90.0
981 58.0
967 81.0
474 47.0
655 87.0
228 69.0
801 74.0
191 3.0
980 72.0
880 44.0
834 85.0
597 59.0
417 42.0
489 94.0
248 70.0
701 95.0
271 76.0
176 40.0
249 52.0
428 34.0
732 79.0
376 42.0
960 52.0
229 42.0
40 51.0
424 10.0
441 74.0
956 61.0
848 78.0
347 4.0
513 50.0
230 13.0
997 76.0
17 32.0
82 42.0
810 58.0
770 68.0
483 9.0
816 61.0
596 39.0
549 68.0
231 33.0
926 66.0
468 13.0
655 33.0
182 50.0
83 100.0
672 47.0
781 54.0
178 55.0
492 77.0
232 48.0
364 46.0
56 58.0
529 49.0
516 22.0
621 9.0
724 81.0
250 67.0
233 36.0
911 7.0
987 71.0
474 77.0
95 34.0
613 76.0
4 13.0
234 15.0
769 71.0
841 25.0
780 64.0
423 68.0
40 40.0
925 6.0
848 100.0
505 11.0
235 14.0
601 71.0
912 31.0
828 51.0
631 41.0
183 32.0
294 63.0
466 63.0
683 97.0
730 13.0
798 80.0
68 5.0
394 62.0
768 7.0
236 61.0
982 47.0
835 72.0
261 78.0
312 37.0
507 19.0
116 74.0
142 29.0
974 54.0
16 63.0
457 58.0
119 89.0
830 3.0
893 50.0
237 76.0
400 4.0
688 89.0
773 11.0
454 22.0
856 52.0
238 49.0
144 41.0
900 8.0
476 30.0
831 28.0
948 20.0
859 27.0
239 60.0
55 44.0
735 20.0
353 11.0
160 35.0
434 34.0
240 93.0
183 67.0
749 48.0
413 71.0
868 99.0
434 59.0
711 92.0
611 32.0
212 11.0
780 77.0
504 40.0
987 36.0
608 1.0
403 49.0
241 80.0
206 76.0
507 28.0
922 59.0
39 86.0
741 10.0
992 64.0
805 85.0
242 4.0
868 91.0
630 29.0
719 77.0
273 76.0
378 10.0
864 95.0
674 65.0
243 71.0
92 84.0
493 26.0
715 96.0
272 19.0
625 58.0
753 91.0
577 94.0
431 73.0
783 78.0
919 64.0
872 82.0
828 58.0
374 68.0
693 36.0
476 64.0
888 1.0
244 58.0
520 75.0
205 95.0
46 60.0
3 31.0
657 28.0
556 83.0
163 79.0
354 29.0
384 33.0
82 14.0
245 45.0
293 83.0
674 89.0
502 96.0
121 83.0
157 60.0
706 99.0
246 7.0
531 85.0
442 40.0
29 81.0
229 90.0
247 65.0
397 89.0
489 65.0
327 62.0
203 59.0
114 77.0
205 62.0
22 72.0
530 46.0
497 42.0
470 86.0
810 51.0
248 97.0
928 76.0
30 83.0
402 11.0
73 88.0
252 74.0
683 22.0
814 15.0
290 30.0
305 3.0
3 100.0
385 97.0
348 75.0
938 8.0
711 16.0
315 11.0
249 6.0
572 24.0
596 35.0
611 43.0
500 12.0
683 54.0
805 2.0
604 78.0
250 98.0
941 98.0
566 60.0
824 15.0
498 9.0
422 30.0
688 83.0
154 32.0
444 38.0
117 5.0
752 3.0
368 12.0
713 59.0
251 18.0
42 64.0
231 8.0
363 34.0
673 95.0
332 71.0
246 72.0
437 91.0
996 39.0
923 32.0
403 41.0
925 71.0
95 20.0
252 81.0
857 67.0
173 39.0
216 65.0
252 37.0
433 19.0
81 25.0
468 75.0
432 75.0
710 94.0
1 94.0
396 94.0
103 62.0
33 56.0
702 12.0
54 11.0
388 59.0
253 37.0
536 17.0
649 31.0
784 76.0
891 20.0
812 11.0
724 12.0
673 64.0
522 81.0
282 15.0
254 43.0
271 12.0
714 63.0
448 76.0
92 40.0
834 53.0
334 75.0
524 30.0
370 28.0
752 53.0
943 51.0
255 79.0
100 89.0
737 33.0
765 89.0
49 63.0
900 57.0
649 42.0
148 29.0
872 51.0
393 10.0
592 13.0
250 35.0
235 30.0
677 73.0
256 20.0
264 96.0
650 69.0
494 33.0
550 96.0
632 29.0
952 41.0
745 75.0
859 81.0
257 93.0
872 63.0
833 92.0
623 60.0
552 42.0
200 39.0
919 17.0
575 12.0
669 92.0
975 19.0
210 65.0
906 49.0
317 1.0
390 75.0
199 71.0
401 16.0
361 60.0
258 58.0
592 93.0
433 71.0
696 37.0
481 33.0
604 36.0
660 82.0
21 15.0
465 40.0
767 89.0
261 93.0
435 59.0
623 72.0
976 37.0
259 87.0
550 73.0
477 78.0
342 90.0
312 46.0
509 99.0
620 28.0
907 79.0
670 85.0
260 62.0
781 16.0
358 86.0
605 12.0
382 97.0
225 69.0
537 20.0
763 68.0
77 91.0
717 17.0
700 42.0
261 93.0
550 18.0
752 4.0
228 7.0
957 52.0
374 52.0
713 18.0
796 66.0
547 25.0
678 2.0
262 55.0
574 70.0
524 96.0
173 20.0
28 85.0
334 59.0
316 80.0
240 11.0
978 94.0
237 5.0
263 11.0
346 51.0
926 13.0
520 58.0
660 35.0
45 74.0
727 94.0
4 53.0
431 44.0
358 52.0
584 61.0
819 30.0
952 95.0
805 62.0
61 60.0
264 25.0
726 92.0
87 1.0
688 71.0
775 9.0
343 60.0
492 16.0
827 70.0
265 25.0
211 23.0
535 19.0
791 50.0
381 58.0
818 10.0
642 76.0
832 62.0
101 51.0
613 63.0
153 21.0
266 78.0
318 10.0
77 32.0
514 53.0
456 12.0
978 9.0
638 7.0
267 32.0
928 18.0
516 67.0
323 97.0
864 10.0
135 94.0
450 10.0
209 99.0
908 24.0
268 60.0
548 11.0
661 33.0
777 33.0
665 35.0
384 57.0
490 52.0
516 98.0
832 28.0
263 50.0
358 74.0
617 77.0
286 37.0
756 78.0
269 41.0
61 10.0
113 17.0
114 19.0
516 4.0
424 65.0
625 35.0
141 40.0
598 27.0
68 24.0
791 64.0
745 37.0
178 89.0
275 20.0
406 91.0
363 21.0
660 86.0
436 93.0
891 48.0
270 46.0
51 54.0
186 45.0
372 20.0
539 83.0
490 30.0
572 77.0
271 9.0
387 25.0
312 27.0
622 73.0
881 94.0
756 77.0
49 95.0
498 56.0
371 10.0
900 32.0
794 76.0
676 69.0
114 54.0
272 72.0
894 67.0
851 31.0
468 21.0
509 42.0
395 84.0
141 76.0
273 71.0
330 45.0
176 95.0
934 77.0
66 24.0
942 33.0
287 17.0
647 75.0
257 58.0
642 56.0
417 10.0
734 54.0
737 60.0
896 62.0
274 98.0
657 45.0
320 59.0
990 89.0
275 5.0
509 74.0
350 17.0
23 78.0
101 82.0
587 10.0
872 60.0
790 13.0
276 22.0
450 87.0
917 8.0
400 37.0
54 53.0
431 30.0
768 91.0
688 75.0
683 22.0
277 33.0
387 26.0
640 78.0
287 40.0
308 25.0
294 53.0
489 98.0
278 1.0
233 71.0
160 99.0
973 68.0
459 79.0
613 4.0
622 14.0
985 74.0
460 71.0
279 70.0
998 3.0
43 76.0
451 93.0
577 12.0
335 3.0
608 84.0
280 14.0
731 34.0
767 56.0
10 80.0
801 70.0
490 45.0
516 95.0
443 74.0
870 36.0
979 86.0
987 56.0
796 48.0
281 75.0
185 17.0
848 75.0
421 20.0
706 91.0
374 41.0
77 27.0
785 55.0
466 27.0
917 88.0
858 67.0
931 43.0
591 38.0
1000 90.0
358 46.0
282 74.0
769 47.0
231 60.0
454 8.0
211 12.0
164 13.0
697 76.0
719 83.0
283 71.0
771 9.0
936 79.0
46 42.0
443 23.0
284 82.0
923 40.0
343 81.0
932 35.0
117 70.0
448 32.0
337 80.0
424 51.0
752 21.0
498 20.0
297 42.0
285 28.0
23 23.0
90 40.0
92 96.0
998 91.0
286 81.0
485 90.0
65 92.0
257 3.0
620 47.0
759 68.0
244 87.0
256 46.0
618 49.0
417 93.0
289 22.0
287 50.0
46 92.0
976 39.0
983 4.0
476 80.0
259 95.0
708 4.0
366 91.0
659 17.0
946 85.0
937 56.0
288 12.0
270 39.0
859 75.0
847 4.0
478 8.0
914 19.0
900 97.0
44 96.0
289 61.0
453 9.0
646 42.0
459 93.0
284 2.0
393 76.0
677 40.0
134 42.0
331 2.0
824 76.0
708 22.0
290 22.0
849 53.0
781 76.0
335 74.0
961 78.0
305 12.0
386 35.0
442 78.0
39 68.0
719 43.0
291 45.0
93 67.0
8 68.0
389 66.0
264 2.0
604 55.0
613 85.0
869 1.0
836 90.0
367 90.0
990 19.0
949 67.0
808 66.0
699 7.0
959 48.0
868 49.0
292 8.0
458 53.0
344 55.0
834 7.0
415 36.0
616 6.0
690 30.0
410 26.0
877 67.0
818 12.0
293 74.0
54 80.0
446 37.0
523 67.0
38 79.0
396 25.0
506 94.0
294 36.0
951 95.0
552 73.0
129 14.0
751 40.0
964 99.0
84 92.0
308 60.0
298 32.0
827 85.0
865 6.0
279 33.0
883 79.0
295 26.0
668 81.0
428 81.0
148 8.0
695 18.0
941 70.0
966 80.0
316 86.0
643 62.0
451 16.0
296 15.0
294 18.0
73 32.0
339 46.0
560 62.0
992 61.0
722 29.0
973 98.0
582 13.0
438 23.0
29 7.0
255 80.0
330 57.0
297 29.0
71 64.0
953 51.0
310 39.0
237 72.0
793 78.0
166 19.0
929 43.0
395 57.0
346 64.0
867 38.0
298 41.0
559 6.0
818 48.0
648 80.0
398 23.0
652 82.0
873 96.0
85 64.0
560 71.0
749 98.0
404 38.0
290 78.0
107 24.0
142 27.0
299 55.0
22 93.0
683 66.0
924 34.0
971 99.0
491 7.0
589 19.0
644 78.0
388 6.0
282 69.0
609 2.0
190 23.0
300 85.0
39 61.0
315 45.0
141 97.0
508 4.0
10 94.0
962 62.0
858 38.0
301 43.0
378 49.0
664 62.0
220 62.0
948 98.0
25 28.0
83 9.0
714 69.0
522 19.0
39 47.0
687 43.0
457 98.0
426 87.0
631 65.0
773 32.0
813 72.0
351 38.0
15 85.0
302 77.0
34 65.0
61 58.0
443 35.0
176 10.0
76 38.0
634 72.0
683 72.0
303 46.0
831 69.0
926 10.0
372 13.0
286 86.0
342 71.0
365 93.0
599 19.0
702 48.0
753 49.0
330 89.0
326 30.0
159 72.0
445 65.0
488 13.0
575 45.0
929 51.0
304 47.0
689 32.0
832 82.0
620 8.0
312 76.0
265 82.0
843 90.0
366 13.0
794 3.0
590 64.0
541 42.0
207 83.0
209 9.0
305 5.0
53 85.0
921 57.0
932 21.0
776 19.0
582 5.0
885 52.0
623 85.0
746 85.0
464 48.0
306 39.0
45 65.0
759 1.0
700 80.0
547 83.0
997 22.0
657 4.0
908 70.0
703 36.0
466 38.0
436 53.0
307 11.0
71 74.0
614 59.0
396 34.0
228 61.0
758 25.0
391 9.0
916 28.0
716 81.0
594 78.0
755 15.0
635 58.0
617 11.0
317 1.0
694 10.0
308 87.0
633 38.0
237 17.0
44 24.0
524 4.0
290 84.0
309 87.0
571 80.0
430 57.0
584 7.0
178 22.0
275 18.0
240 64.0
210 89.0
612 14.0
740 69.0
827 90.0
310 38.0
940 28.0
231 55.0
228 50.0
955 4.0
507 78.0
452 29.0
147 76.0
712 6.0
575 57.0
647 92.0
311 95.0
225 98.0
183 57.0
963 96.0
18 17.0
221 53.0
503 93.0
109 49.0
420 63.0
592 41.0
791 80.0
546 66.0
312 55.0
111 95.0
823 2.0
930 64.0
301 92.0
521 55.0
479 30.0
467 33.0
431 20.0
30 56.0
313 17.0
644 4.0
162 68.0
473 83.0
237 59.0
628 35.0
401 80.0
754 1.0
713 11.0
193 14.0
834 82.0
293 50.0
218 56.0
337 72.0
314 33.0
335 21.0
468 95.0
679 36.0
527 16.0
356 93.0
255 39.0
83 46.0
387 90.0
701 19.0
315 68.0
321 100.0
204 25.0
953 48.0
31 51.0
763 56.0
709 27.0
633 78.0
89 51.0
744 85.0
316 33.0
933 33.0
208 59.0
419 65.0
742 68.0
980 63.0
82 60.0
173 73.0
495 10.0
317 27.0
772 13.0
549 86.0
256 91.0
901 89.0
565 43.0
289 94.0
957 29.0
449 23.0
155 20.0
666 40.0
318 59.0
858 91.0
29 68.0
465 29.0
626 42.0
553 31.0
545 1.0
614 29.0
537 7.0
590 95.0
718 2.0
609 1.0
319 22.0
658 23.0
399 85.0
293 39.0
184 5.0
738 84.0
752 18.0
798 53.0
320 6.0
63 35.0
987 40.0
508 66.0
201 51.0
584 8.0
321 22.0
299 100.0
306 9.0
616 2.0
751 46.0
995 14.0
335 71.0
180 89.0
834 46.0
456 52.0
535 100.0
116 77.0
322 15.0
645 89.0
450 64.0
981 100.0
412 77.0
505 16.0
571 59.0
317 49.0
216 78.0
21 99.0
63 5.0
817 29.0
323 70.0
521 21.0
816 38.0
142 56.0
555 13.0
320 14.0
182 69.0
656 28.0
780 30.0
512 73.0
126 10.0
859 79.0
841 40.0
663 67.0
324 44.0
304 84.0
207 52.0
508 67.0
231 57.0
380 42.0
272 88.0
416 2.0
807 84.0
19 74.0
811 50.0
640 68.0
294 1.0
12 97.0
63 58.0
661 27.0
250 52.0
268 86.0
8 13.0
325 59.0
660 90.0
210 93.0
178 95.0
330 24.0
946 25.0
824 15.0
858 75.0
756 47.0
520 84.0
710 98.0
367 25.0
229 60.0
326 46.0
26 15.0
287 69.0
510 26.0
952 65.0
191 90.0
456 61.0
915 21.0
249 51.0
357 47.0
1000 55.0
934 72.0
520 31.0
528 74.0
327 59.0
76 45.0
511 70.0
29 54.0
213 41.0
545 32.0
678 84.0
300 56.0
973 51.0
185 100.0
923 28.0
328 76.0
995 7.0
78 59.0
499 59.0
148 38.0
135 58.0
875 4.0
3 94.0
150 48.0
945 97.0
713 92.0
294 96.0
811 29.0
560 10.0
329 47.0
276 15.0
571 97.0
268 24.0
777 68.0
965 91.0
726 74.0
907 26.0
801 66.0
39 53.0
330 78.0
80 69.0
552 79.0
210 41.0
531 94.0
256 12.0
651 75.0
725 6.0
74 19.0
505 84.0
502 45.0
978 99.0
201 22.0
325 84.0
331 16.0
633 83.0
87 64.0
91 33.0
18 97.0
418 26.0
925 46.0
288 56.0
954 35.0
76 76.0
818 40.0
332 23.0
154 82.0
89 3.0
819 84.0
954 35.0
151 64.0
25 95.0
632 52.0
18 98.0
430 72.0
317 52.0
315 68.0
498 62.0
333 79.0
258 4.0
212 17.0
822 90.0
457 65.0
382 51.0
74 16.0
597 97.0
508 99.0
396 74.0
192 79.0
956 93.0
965 59.0
334 67.0
517 76.0
440 49.0
641 65.0
672 48.0
834 13.0
757 13.0
547 21.0
141 12.0
826 100.0
851 51.0
178 12.0
335 11.0
145 1.0
890 75.0
430 95.0
869 43.0
252 55.0
105 69.0
715 28.0
860 85.0
91 20.0
336 8.0
645 65.0
459 92.0
850 8.0
580 14.0
635 85.0
216 53.0
385 11.0
576 2.0
339 96.0
337 4.0
985 90.0
314 95.0
414 34.0
962 62.0
996 33.0
971 63.0
171 55.0
442 43.0
846 56.0
355 26.0
74 54.0
261 79.0
518 80.0
70 36.0
775 19.0
338 51.0
955 90.0
283 67.0
333 67.0
655 14.0
370 91.0
162 63.0
864 4.0
494 21.0
339 32.0
872 100.0
201 22.0
890 68.0
915 33.0
957 45.0
295 69.0
630 8.0
777 25.0
33 56.0
340 83.0
925 44.0
350 68.0
113 35.0
195 84.0
20 11.0
354 54.0
568 70.0
419 19.0
372 66.0
3 4.0
828 34.0
853 100.0
341 57.0
706 68.0
639 61.0
61 83.0
652 1.0
535 60.0
333 49.0
791 82.0
731 11.0
679 41.0
342 57.0
830 34.0
9 97.0
778 29.0
472 30.0
969 50.0
322 26.0
805 78.0
989 95.0
973 11.0
660 59.0
480 61.0
343 12.0
458 41.0
891 1.0
453 58.0
887 15.0
576 60.0
595 86.0
322 17.0
295 38.0
74 30.0
234 70.0
252 96.0
344 10.0
828 90.0
62 36.0
475 98.0
866 87.0
333 50.0
688 93.0
702 23.0
185 9.0
7 9.0
345 11.0
770 81.0
99 63.0
951 18.0
894 72.0
232 62.0
719 58.0
820 55.0
603 82.0
943 72.0
608 95.0
959 35.0
746 28.0
878 41.0
841 24.0
435 83.0
715 58.0
346 94.0
733 10.0
47 38.0
501 59.0
472 42.0
451 77.0
347 42.0
630 69.0
177 27.0
619 85.0
933 9.0
221 98.0
967 87.0
348 44.0
106 66.0
415 53.0
932 44.0
624 97.0
617 86.0
900 63.0
829 55.0
23 64.0
956 22.0
465 43.0
396 77.0
588 32.0
47 37.0
349 5.0
80 18.0
533 20.0
729 48.0
60 1.0
993 75.0
986 53.0
434 12.0
877 89.0
749 79.0
648 78.0
350 29.0
833 35.0
164 27.0
469 54.0
263 93.0
607 69.0
705 71.0
338 22.0
271 100.0
732 1.0
70 44.0
508 68.0
408 52.0
360 35.0
593 93.0
891 39.0
715 7.0
909 72.0
351 56.0
500 44.0
477 100.0
896 96.0
284 18.0
506 36.0
694 49.0
704 19.0
186 81.0
106 83.0
150 74.0
352 41.0
20 95.0
131 81.0
95 1.0
472 27.0
551 85.0
353 75.0
768 60.0
81 47.0
794 19.0
132 44.0
134 82.0
75 7.0
877 27.0
928 5.0
5 89.0
415 89.0
665 87.0
871 10.0
354 60.0
737 10.0
287 46.0
618 69.0
961 98.0
566 68.0
719 58.0
154 38.0
940 98.0
525 80.0
784 21.0
588 30.0
598 28.0
355 61.0
147 46.0
26 29.0
342 35.0
958 71.0
274 42.0
769 67.0
420 76.0
754 73.0
356 90.0
117 49.0
192 64.0
76 39.0
10 52.0
550 89.0
120 26.0
388 86.0
903 34.0
357 2.0
384 87.0
594 31.0
792 76.0
49 35.0
921 6.0
607 8.0
794 91.0
314 75.0
923 54.0
453 24.0
620 25.0
558 87.0
387 97.0
54 93.0
21 75.0
358 41.0
116 98.0
269 1.0
15 41.0
526 48.0
86 60.0
337 100.0
827 11.0
598 51.0
205 53.0
961 42.0
558 90.0
359 6.0
700 18.0
194 44.0
999 89.0
485 78.0
92 38.0
736 48.0
448 65.0
516 37.0
360 83.0
736 45.0
880 29.0
493 1.0
118 38.0
393 49.0
938 30.0
528 65.0
361 88.0
868 84.0
382 85.0
627 87.0
881 29.0
891 18.0
388 71.0
574 42.0
715 56.0
907 1.0
362 33.0
840 86.0
950 70.0
127 26.0
593 4.0
209 45.0
363 99.0
836 17.0
873 26.0
820 8.0
794 82.0
757 86.0
911 78.0
994 100.0
625 51.0
432 21.0
454 22.0
328 25.0
364 8.0
393 44.0
227 43.0
999 80.0
518 37.0
201 39.0
520 30.0
365 72.0
697 64.0
3 31.0
34 29.0
499 28.0
579 11.0
839 79.0
777 34.0
305 94.0
366 9.0
703 19.0
447 4.0
925 28.0
750 37.0
833 93.0
25 46.0
367 41.0
44 76.0
794 12.0
993 34.0
80 8.0
740 75.0
447 44.0
891 25.0
73 37.0
18 70.0
141 22.0
617 49.0
368 23.0
839 53.0
33 58.0
143 38.0
520 29.0
458 58.0
338 61.0
780 45.0
415 74.0
161 22.0
362 81.0
369 29.0
526 28.0
138 55.0
69 49.0
40 57.0
560 17.0
794 66.0
858 38.0
816 24.0
591 79.0
309 9.0
959 5.0
223 18.0
855 72.0
370 35.0
223 61.0
381 42.0
682 67.0
746 97.0
65 18.0
874 90.0
562 54.0
888 98.0
371 81.0
281 22.0
777 80.0
32 38.0
65 75.0
603 44.0
701 89.0
179 48.0
888 13.0
372 27.0
764 25.0
438 40.0
561 55.0
2 17.0
541 14.0
776 75.0
781 86.0
658 97.0
527 36.0
571 63.0
586 26.0
974 82.0
373 97.0
844 93.0
150 33.0
511 25.0
719 85.0
311 20.0
737 44.0
303 36.0
750 89.0
529 73.0
834 16.0
474 14.0
106 20.0
125 23.0
178 42.0
800 76.0
433 97.0
374 66.0
452 92.0
420 52.0
675 95.0
492 56.0
221 75.0
918 13.0
766 16.0
713 41.0
375 34.0
548 7.0
354 29.0
991 18.0
376 35.0
152 29.0
707 81.0
884 72.0
435 25.0
380 13.0
935 66.0
234 87.0
944 59.0
377 38.0
749 90.0
644 44.0
688 66.0
17 57.0
634 8.0
395 67.0
378 92.0
618 65.0
407 8.0
788 23.0
771 100.0
728 8.0
696 57.0
584 40.0
373 35.0
932 76.0
42 5.0
379 49.0
334 38.0
541 78.0
100 84.0
989 59.0
309 39.0
902 33.0
257 17.0
780 24.0
380 24.0
231 56.0
538 68.0
291 95.0
593 40.0
115 84.0
954 40.0
824 14.0
171 7.0
253 66.0
330 92.0
554 2.0
965 48.0
689 69.0
127 94.0
532 78.0
381 31.0
675 80.0
938 2.0
110 65.0
208 78.0
382 90.0
319 18.0
499 85.0
242 56.0
426 95.0
978 42.0
137 95.0
658 53.0
556 45.0
608 53.0
948 26.0
290 82.0
240 51.0
383 20.0
922 28.0
269 42.0
627 63.0
553 46.0
993 77.0
549 80.0
810 1.0
525 49.0
384 53.0
725 20.0
360 20.0
419 90.0
36 25.0
858 44.0
685 32.0
507 4.0
314 10.0
382 77.0
385 83.0
846 60.0
876 27.0
643 91.0
12 23.0
924 99.0
692 67.0
55 92.0
840 11.0
50 12.0
765 59.0
386 72.0
332 88.0
527 50.0
18 87.0
537 67.0
271 95.0
260 38.0
387 2.0
51 78.0
59 74.0
99 66.0
725 81.0
7 9.0
31 64.0
623 2.0
480 20.0
607 66.0
829 13.0
571 84.0
495 70.0
434 45.0
835 45.0
388 73.0
427 13.0
255 78.0
726 5.0
63 71.0
718 7.0
683 79.0
391 88.0
678 11.0
126 2.0
389 68.0
717 88.0
348 69.0
860 68.0
240 70.0
781 17.0
990 10.0
855 82.0
601 40.0
291 4.0
244 14.0
462 84.0
521 17.0
390 76.0
148 62.0
167 10.0
168 49.0
820 95.0
248 58.0
181 7.0
235 45.0
126 46.0
481 48.0
540 54.0
310 90.0
624 29.0
118 5.0
626 33.0
391 89.0
646 39.0
115 20.0
638 4.0
102 21.0
472 55.0
834 13.0
757 25.0
110 63.0
669 77.0
480 97.0
6 44.0
414 39.0
242 59.0
727 71.0
392 86.0
324 42.0
347 60.0
387 82.0
333 45.0
335 25.0
261 16.0
599 17.0
991 30.0
839 28.0
764 89.0
909 26.0
393 36.0
196 66.0
26 28.0
65 40.0
324 8.0
793 67.0
877 87.0
892 86.0
462 86.0
886 32.0
873 73.0
488 85.0
101 86.0
394 38.0
460 72.0
616 70.0
265 1.0
172 37.0
574 13.0
356 87.0
395 6.0
559 76.0
679 14.0
770 64.0
665 9.0
771 39.0
114 63.0
348 62.0
779 87.0
836 61.0
983 69.0
739 80.0
33 8.0
224 8.0
396 54.0
280 73.0
672 89.0
658 32.0
310 12.0
791 14.0
367 52.0
397 1.0
524 12.0
150 63.0
549 98.0
227 23.0
245 89.0
482 81.0
536 29.0
689 78.0
200 49.0
391 21.0
254 42.0
748 76.0
437 96.0
398 74.0
225 65.0
19 74.0
304 7.0
860 71.0
265 86.0
322 39.0
399 66.0
635 40.0
598 4.0
391 55.0
581 46.0
358 53.0
400 55.0
520 13.0
576 17.0
80 52.0
409 44.0
574 80.0
776 31.0
401 87.0
451 15.0
485 62.0
812 34.0
24 46.0
144 68.0
631 98.0
94 81.0
286 30.0
402 12.0
67 52.0
413 68.0
525 68.0
898 27.0
839 91.0
223 79.0
690 7.0
541 98.0
21 72.0
635 25.0
811 33.0
403 32.0
759 38.0
569 96.0
975 29.0
617 65.0
83 59.0
978 14.0
428 22.0
859 66.0
384 14.0
90 23.0
356 13.0
527 41.0
404 39.0
682 90.0
695 99.0
632 54.0
476 50.0
272 5.0
957 98.0
442 63.0
916 78.0
450 85.0
718 76.0
405 94.0
25 43.0
209 24.0
488 56.0
147 9.0
963 80.0
742 2.0
406 91.0
872 47.0
908 19.0
233 100.0
681 48.0
519 80.0
217 19.0
680 37.0
664 92.0
716 37.0
14 32.0
751 37.0
407 39.0
976 38.0
770 7.0
110 51.0
152 66.0
508 27.0
344 73.0
810 67.0
64 55.0
369 10.0
509 91.0
543 40.0
408 25.0
735 82.0
707 27.0
831 28.0
213 26.0
693 15.0
56 89.0
207 35.0
850 4.0
636 77.0
330 50.0
30 74.0
232 41.0
568 48.0
409 91.0
529 72.0
824 72.0
834 17.0
678 87.0
457 77.0
325 26.0
887 11.0
560 31.0
410 5.0
55 49.0
170 3.0
10 10.0
385 48.0
822 75.0
216 75.0
542 43.0
679 5.0
617 39.0
86 83.0
169 78.0
444 15.0
828 42.0
899 100.0
177 57.0
886 97.0
870 97.0
49 100.0
300 32.0
411 40.0
569 95.0
176 78.0
793 34.0
208 50.0
734 86.0
228 18.0
761 51.0
1000 22.0
193 14.0
248 30.0
155 50.0
86 52.0
546 61.0
699 21.0
521 12.0
412 38.0
816 13.0
554 59.0
838 62.0
378 46.0
836 61.0
652 50.0
713 76.0
593 94.0
921 59.0
128 77.0
718 20.0
868 76.0
923 40.0
37 89.0
689 1.0
775 82.0
835 86.0
511 93.0
787 6.0
442 60.0
413 98.0
757 58.0
419 49.0
33 42.0
483 55.0
741 44.0
905 26.0
499 62.0
435 54.0
414 36.0
990 98.0
487 17.0
431 27.0
853 69.0
529 72.0
245 83.0
591 47.0
425 1.0
542 40.0
624 90.0
741 5.0
587 49.0
397 59.0
126 35.0
69 100.0
415 64.0
578 1.0
462 23.0
478 92.0
509 3.0
611 19.0
266 89.0
224 91.0
416 38.0
449 95.0
728 23.0
747 50.0
403 59.0
342 29.0
794 52.0
397 69.0
981 49.0
417 64.0
233 3.0
707 65.0
566 30.0
781 57.0
890 34.0
317 35.0
822 5.0
930 28.0
543 86.0
463 88.0
953 10.0
514 19.0
575 98.0
221 38.0
520 30.0
418 78.0
267 82.0
423 20.0
19 9.0
419 42.0
789 1.0
972 98.0
694 83.0
598 43.0
984 26.0
737 28.0
420 4.0
926 94.0
3 100.0
102 96.0
98 28.0
75 12.0
955 54.0
497 41.0
799 89.0
421 60.0
492 8.0
24 18.0
994 59.0
387 72.0
670 90.0
944 57.0
132 72.0
350 1.0
93 87.0
820 77.0
787 57.0
422 65.0
346 57.0
47 25.0
104 100.0
108 43.0
896 87.0
447 66.0
717 68.0
832 41.0
907 30.0
367 23.0
423 66.0
79 61.0
379 34.0
270 70.0
37 8.0
446 91.0
515 36.0
919 55.0
190 80.0
424 41.0
527 95.0
569 26.0
320 50.0
277 13.0
518 100.0
921 57.0
37 61.0
480 91.0
425 46.0
844 77.0
370 85.0
950 86.0
792 49.0
652 43.0
118 8.0
985 75.0
529 81.0
920 59.0
426 68.0
847 14.0
37 58.0
175 10.0
92 5.0
325 52.0
207 60.0
666 78.0
616 90.0
427 95.0
786 55.0
459 47.0
262 78.0
207 95.0
453 3.0
803 5.0
721 1.0
851 18.0
369 73.0
215 52.0
266 96.0
969 22.0
428 43.0
232 76.0
445 1.0
824 29.0
480 54.0
752 5.0
947 49.0
534 69.0
687 5.0
61 42.0
433 87.0
747 96.0
923 57.0
606 9.0
562 92.0
290 1.0
429 62.0
198 70.0
3 80.0
732 17.0
164 67.0
745 71.0
716 98.0
752 14.0
295 59.0
758 99.0
244 51.0
275 48.0
73 4.0
920 82.0
84 67.0
430 11.0
41 47.0
360 87.0
793 98.0
899 80.0
811 18.0
479 38.0
468 25.0
431 77.0
826 72.0
9 51.0
389 82.0
207 34.0
956 14.0
169 98.0
898 28.0
67 73.0
432 93.0
167 9.0
938 23.0
524 22.0
765 50.0
211 24.0
935 77.0
345 13.0
895 57.0
433 29.0
497 66.0
463 53.0
231 45.0
117 18.0
258 68.0
434 98.0
47 59.0
723 18.0
726 11.0
578 55.0
977 89.0
497 91.0
780 30.0
313 54.0
52 47.0
643 61.0
799 36.0
435 87.0
836 63.0
173 49.0
238 69.0
838 87.0
753 68.0
463 72.0
599 32.0
771 64.0
569 47.0
498 66.0
436 7.0
971 16.0
988 10.0
914 87.0
917 18.0
564 62.0
726 10.0
230 28.0
437 62.0
398 53.0
984 92.0
480 73.0
80 50.0
711 33.0
968 20.0
779 61.0
917 18.0
86 67.0
438 66.0
72 27.0
159 94.0
798 75.0
352 38.0
655 76.0
60 90.0
219 35.0
262 26.0
101 51.0
439 51.0
862 6.0
807 32.0
319 96.0
766 8.0
816 10.0
584 51.0
353 24.0
921 12.0
869 31.0
629 73.0
644 24.0
564 35.0
304 91.0
863 85.0
440 94.0
162 47.0
740 3.0
861 99.0
851 47.0
862 5.0
284 57.0
376 40.0
441 54.0
670 38.0
497 83.0
251 61.0
468 70.0
333 72.0
975 19.0
212 62.0
539 52.0
665 58.0
61 71.0
442 19.0
512 27.0
920 85.0
140 17.0
428 99.0
235 70.0
372 16.0
34 20.0
486 80.0
443 2.0
751 99.0
31 71.0
360 72.0
634 35.0
26 5.0
884 60.0
209 90.0
96 89.0
556 15.0
620 32.0
543 18.0
598 19.0
398 76.0
444 90.0
103 75.0
649 39.0
778 68.0
68 24.0
101 79.0
785 40.0
611 59.0
236 54.0
606 36.0
761 51.0
143 1.0
468 75.0
445 70.0
595 95.0
200 36.0
914 50.0
298 37.0
525 55.0
776 74.0
553 4.0
520 91.0
446 37.0
942 53.0
105 88.0
64 91.0
80 97.0
947 57.0
737 68.0
635 19.0
218 74.0
964 23.0
447 5.0
482 44.0
320 37.0
425 27.0
789 63.0
147 16.0
232 37.0
461 69.0
948 79.0
556 33.0
314 64.0
684 96.0
193 59.0
189 28.0
395 67.0
228 74.0
448 84.0
312 8.0
264 9.0
512 82.0
505 68.0
923 18.0
107 22.0
997 73.0
234 95.0
535 69.0
346 57.0
848 56.0
449 1.0
339 30.0
62 74.0
27 64.0
951 100.0
865 76.0
103 25.0
263 43.0
264 40.0
450 71.0
437 26.0
36 60.0
4 6.0
8 35.0
500 9.0
606 55.0
180 84.0
451 57.0
327 23.0
725 54.0
259 4.0
645 47.0
77 24.0
179 97.0
387 29.0
694 96.0
72 8.0
252 58.0
452 95.0
119 38.0
910 4.0
566 43.0
352 31.0
400 14.0
164 68.0
1 66.0
808 23.0
453 10.0
485 97.0
192 83.0
239 53.0
390 36.0
342 55.0
497 23.0
103 59.0
466 6.0
746 46.0
805 68.0
454 50.0
497 33.0
677 65.0
746 87.0
385 47.0
335 83.0
590 90.0
95 41.0
108 99.0
285 27.0
893 57.0
629 7.0
535 86.0
455 63.0
878 13.0
119 4.0
47 83.0
763 90.0
628 78.0
378 94.0
140 62.0
456 22.0
911 5.0
518 94.0
812 79.0
921 47.0
206 71.0
264 87.0
759 23.0
796 95.0
202 99.0
457 27.0
711 15.0
502 98.0
58 86.0
911 83.0
9 90.0
412 14.0
670 95.0
739 87.0
337 12.0
377 77.0
547 51.0
458 87.0
880 60.0
278 48.0
84 29.0
565 74.0
840 59.0
312 57.0
191 20.0
374 49.0
956 17.0
7 61.0
473 11.0
12 45.0
459 52.0
340 16.0
207 36.0
379 70.0
314 61.0
95 6.0
431 88.0
234 36.0
735 63.0
409 10.0
460 86.0
974 24.0
405 78.0
441 4.0
719 75.0
203 33.0
923 1.0
980 75.0
89 48.0
425 83.0
6 12.0
400 41.0
461 75.0
590 42.0
497 48.0
495 23.0
455 5.0
368 49.0
660 20.0
201 81.0
185 38.0
721 52.0
228 63.0
462 22.0
33 35.0
956 33.0
369 82.0
358 45.0
277 11.0
884 78.0
999 96.0
420 5.0
463 9.0
952 11.0
446 9.0
562 49.0
685 72.0
642 40.0
955 10.0
209 95.0
464 45.0
376 97.0
567 49.0
585 23.0
864 43.0
626 59.0
899 31.0
179 33.0
386 30.0
777 79.0
293 74.0
999 92.0
273 84.0
465 14.0
243 54.0
48 97.0
719 63.0
44 40.0
637 91.0
520 36.0
440 60.0
473 57.0
62 81.0
470 47.0
466 18.0
688 78.0
54 70.0
621 75.0
552 60.0
313 25.0
42 92.0
549 19.0
97 77.0
617 78.0
467 71.0
508 69.0
538 90.0
553 7.0
481 87.0
544 40.0
836 98.0
714 75.0
89 29.0
259 79.0
942 43.0
468 95.0
442 5.0
770 89.0
364 78.0
307 25.0
227 85.0
34 68.0
23 66.0
271 92.0
469 22.0
88 37.0
855 44.0
341 37.0
570 16.0
315 83.0
156 76.0
258 57.0
470 70.0
945 23.0
167 22.0
83 17.0
504 15.0
922 56.0
245 93.0
819 19.0
471 39.0
752 19.0
668 7.0
839 2.0
914 91.0
969 32.0
986 53.0
679 43.0
656 20.0
321 2.0
723 70.0
76 75.0
472 51.0
391 3.0
861 74.0
258 26.0
793 13.0
759 64.0
417 17.0
352 64.0
731 41.0
382 51.0
978 96.0
897 87.0
219 55.0
850 78.0
7 65.0
473 60.0
918 27.0
800 57.0
718 52.0
121 32.0
854 7.0
135 53.0
808 77.0
505 6.0
154 97.0
274 60.0
145 71.0
474 56.0
744 68.0
635 71.0
475 47.0
832 90.0
24 43.0
458 36.0
476 9.0
469 40.0
566 25.0
418 86.0
994 25.0
280 14.0
720 2.0
289 72.0
568 71.0
111 71.0
860 39.0
919 24.0
215 60.0
477 95.0
329 77.0
216 48.0
404 48.0
912 70.0
478 37.0
828 87.0
905 18.0
153 83.0
566 46.0
835 75.0
940 21.0
868 93.0
552 76.0
457 54.0
880 78.0
900 26.0
317 73.0
479 50.0
462 60.0
699 83.0
332 17.0
560 67.0
115 53.0
298 1.0
902 89.0
377 75.0
107 97.0
480 43.0
743 64.0
878 3.0
896 90.0
217 9.0
435 84.0
998 71.0
390 3.0
481 67.0
891 15.0
593 19.0
306 25.0
464 17.0
564 91.0
71 56.0
623 41.0
539 58.0
11 61.0
447 99.0
242 94.0
1000 99.0
482 41.0
79 54.0
407 11.0
612 80.0
823 71.0
489 69.0
533 50.0
594 76.0
105 74.0
85 40.0
815 67.0
99 66.0
729 100.0
846 46.0
483 12.0
701 23.0
767 30.0
405 92.0
222 100.0
274 43.0
375 84.0
345 69.0
592 37.0
37 77.0
738 82.0
775 48.0
484 23.0
815 62.0
826 9.0
482 77.0
331 36.0
749 29.0
293 44.0
257 36.0
173 98.0
779 14.0
59 31.0
79 5.0
36 89.0
251 60.0
485 46.0
128 20.0
249 100.0
743 71.0
1000 60.0
188 14.0
237 38.0
347 56.0
436 92.0
777 70.0
266 55.0
109 58.0
983 98.0
368 42.0
486 21.0
824 14.0
15 35.0
80 5.0
20 66.0
146 58.0
335 17.0
619 21.0
213 50.0
428 75.0
487 25.0
650 82.0
613 2.0
637 2.0
40 57.0
630 71.0
685 20.0
130 81.0
433 15.0
431 59.0
249 12.0
401 25.0
488 79.0
551 26.0
825 89.0
231 45.0
737 49.0
702 33.0
188 77.0
82 17.0
821 67.0
585 14.0
161 41.0
489 83.0
677 17.0
569 18.0
874 55.0
484 17.0
870 35.0
490 15.0
144 7.0
695 54.0
739 59.0
193 63.0
608 12.0
663 64.0
481 66.0
467 64.0
491 24.0
16 49.0
396 71.0
280 97.0
55 16.0
99 21.0
374 9.0
194 2.0
271 93.0
332 6.0
992 85.0
456 7.0
349 86.0
492 66.0
413 59.0
90 57.0
257 23.0
136 49.0
103 22.0
757 20.0
129 94.0
799 5.0
516 49.0
534 20.0
556 85.0
144 84.0
158 12.0
904 12.0
498 38.0
134 48.0
493 97.0
480 51.0
353 70.0
664 97.0
577 63.0
903 64.0
691 95.0
462 93.0
612 43.0
974 19.0
282 54.0
494 56.0
112 29.0
945 99.0
696 2.0
608 13.0
964 7.0
139 97.0
495 56.0
802 89.0
682 32.0
958 99.0
310 94.0
344 2.0
990 63.0
100 74.0
851 42.0
131 70.0
496 20.0
132 20.0
637 42.0
211 3.0
176 84.0
207 24.0
875 92.0
822 24.0
847 70.0
504 13.0
31 96.0
497 2.0
133 17.0
497 88.0
269 77.0
739 80.0
586 97.0
136 26.0
4 2.0
210 61.0
152 86.0
294 77.0
498 58.0
491 81.0
89 28.0
725 74.0
734 5.0
499 75.0
613 17.0
523 61.0
52 36.0
356 16.0
602 1.0
95 7.0
557 11.0
500 44.0
611 90.0
552 70.0
599 21.0
395 29.0
266 5.0
330 10.0
571 53.0
762 69.0
490 65.0
501 84.0
389 48.0
516 83.0
284 75.0
904 6.0
202 11.0
968 42.0
722 4.0
757 94.0
295 38.0
21 71.0
502 97.0
449 5.0
989 54.0
627 98.0
620 98.0
88 34.0
793 18.0
191 2.0
155 45.0
503 3.0
583 23.0
501 17.0
632 70.0
367 80.0
987 75.0
504 78.0
667 18.0
815 3.0
997 3.0
52 2.0
817 83.0
920 24.0
963 44.0
936 75.0
396 1.0
683 90.0
770 93.0
505 50.0
497 48.0
408 6.0
545 93.0
965 49.0
468 54.0
575 15.0
437 61.0
205 6.0
861 100.0
904 48.0
454 5.0
506 42.0
860 65.0
846 81.0
591 27.0
492 5.0
1000 31.0
77 88.0
261 18.0
783 57.0
364 63.0
877 4.0
257 8.0
195 27.0
507 94.0
491 80.0
551 82.0
221 66.0
403 9.0
528 50.0
82 96.0
811 85.0
508 44.0
505 83.0
686 74.0
880 79.0
883 79.0
468 84.0
182 58.0
855 33.0
769 73.0
509 38.0
695 61.0
458 51.0
843 90.0
356 47.0
600 26.0
160 90.0
529 68.0
170 32.0
500 17.0
977 35.0
510 89.0
835 71.0
637 42.0
49 25.0
617 97.0
599 56.0
590 28.0
861 75.0
794 72.0
815 91.0
79 80.0
613 17.0
540 15.0
236 58.0
240 97.0
511 71.0
154 27.0
501 94.0
738 57.0
901 86.0
385 22.0
668 75.0
49 21.0
990 25.0
663 97.0
531 37.0
567 78.0
430 12.0
512 7.0
538 52.0
257 61.0
562 46.0
267 75.0
423 8.0
861 13.0
297 34.0
783 7.0
889 30.0
833 87.0
332 18.0
513 37.0
859 76.0
917 47.0
872 37.0
42 3.0
788 74.0
941 65.0
514 24.0
551 30.0
109 6.0
689 52.0
350 12.0
835 24.0
935 53.0
768 4.0
287 21.0
492 62.0
322 28.0
278 41.0
533 54.0
515 1.0
137 59.0
384 55.0
581 27.0
535 91.0
186 96.0
893 66.0
756 65.0
82 44.0
649 71.0
755 22.0
820 43.0
173 54.0
901 88.0
809 100.0
483 95.0
516 36.0
875 4.0
182 92.0
419 25.0
970 73.0
517 30.0
602 54.0
95 60.0
751 13.0
246 64.0
112 36.0
727 61.0
244 63.0
794 3.0
844 91.0
122 47.0
518 25.0
601 57.0
123 91.0
342 7.0
338 90.0
947 52.0
744 74.0
569 100.0
49 17.0
853 99.0
780 28.0
519 82.0
488 43.0
43 81.0
30 63.0
378 51.0
224 4.0
953 53.0
767 1.0
984 40.0
665 31.0
147 61.0
400 63.0
520 72.0
452 42.0
699 30.0
177 65.0
614 70.0
76 77.0
957 46.0
171 6.0
581 61.0
288 25.0
521 44.0
659 25.0
844 93.0
873 67.0
988 41.0
420 32.0
799 58.0
423 69.0
842 58.0
991 68.0
972 60.0
95 57.0
342 83.0
211 16.0
635 80.0
581 37.0
522 97.0
625 27.0
698 28.0
225 40.0
975 20.0
757 83.0
295 64.0
802 8.0
39 56.0
883 58.0
695 80.0
278 10.0
960 3.0
785 68.0
249 76.0
523 87.0
893 71.0
963 72.0
362 13.0
21 33.0
524 73.0
337 58.0
407 85.0
466 83.0
657 18.0
674 59.0
939 28.0
272 99.0
334 53.0
873 4.0
311 81.0
525 23.0
696 13.0
512 44.0
615 25.0
239 97.0
684 88.0
168 66.0
914 96.0
835 54.0
704 98.0
526 67.0
380 34.0
860 83.0
906 56.0
643 41.0
184 74.0
119 77.0
721 50.0
912 56.0
527 9.0
599 64.0
305 84.0
351 90.0
706 92.0
436 41.0
307 57.0
884 98.0
145 54.0
528 98.0
504 81.0
139 8.0
631 95.0
642 11.0
389 96.0
814 75.0
632 89.0
153 27.0
844 30.0
315 39.0
238 96.0
529 5.0
392 45.0
538 60.0
892 56.0
454 63.0
692 86.0
174 16.0
686 72.0
200 2.0
530 30.0
855 66.0
476 83.0
29 25.0
76 96.0
146 46.0
699 76.0
531 87.0
263 17.0
78 54.0
396 12.0
41 48.0
997 82.0
560 57.0
605 70.0
532 36.0
789 33.0
83 88.0
515 36.0
797 15.0
823 96.0
105 11.0
408 17.0
12 95.0
686 52.0
571 74.0
533 19.0
597 33.0
909 13.0
945 85.0
908 27.0
124 85.0
802 28.0
862 83.0
869 14.0
42 57.0
978 16.0
227 87.0
534 61.0
26 23.0
749 92.0
150 86.0
436 97.0
440 87.0
127 47.0
690 7.0
463 84.0
650 45.0
362 5.0
441 94.0
727 60.0
521 49.0
38 79.0
535 46.0
40 25.0
833 36.0
86 30.0
215 84.0
978 63.0
512 78.0
307 20.0
740 63.0
212 61.0
768 22.0
478 88.0
906 49.0
500 78.0
536 58.0
176 79.0
274 37.0
751 53.0
805 89.0
449 17.0
509 47.0
708 76.0
732 50.0
833 7.0
33 98.0
752 100.0
820 20.0
889 8.0
202 52.0
537 18.0
276 27.0
486 18.0
855 62.0
934 75.0
829 75.0
837 87.0
669 53.0
274 2.0
475 96.0
816 37.0
646 30.0
538 64.0
616 12.0
277 2.0
834 35.0
756 96.0
33 66.0
356 30.0
144 29.0
217 81.0
118 98.0
18 73.0
539 95.0
783 15.0
390 53.0
324 68.0
484 99.0
571 15.0
955 4.0
540 92.0
903 46.0
363 61.0
466 67.0
107 84.0
947 80.0
405 42.0
234 87.0
541 75.0
184 59.0
828 26.0
152 45.0
748 67.0
359 76.0
340 74.0
307 81.0
962 13.0
661 38.0
542 45.0
21 5.0
385 13.0
86 95.0
359 13.0
524 17.0
828 19.0
927 17.0
756 94.0
937 23.0
543 43.0
420 81.0
228 46.0
592 90.0
108 75.0
381 21.0
393 62.0
879 73.0
126 8.0
311 53.0
580 29.0
544 74.0
434 95.0
636 100.0
174 69.0
262 21.0
253 7.0
848 60.0
871 78.0
733 97.0
651 63.0
335 4.0
207 27.0
744 88.0
643 70.0
137 20.0
215 61.0
545 3.0
62 38.0
895 63.0
974 56.0
275 24.0
904 83.0
893 58.0
800 8.0
633 27.0
564 13.0
104 40.0
546 19.0
40 7.0
463 80.0
865 10.0
579 21.0
516 67.0
968 50.0
103 83.0
267 35.0
952 35.0
910 80.0
690 12.0
660 46.0
688 86.0
204 43.0
547 3.0
489 74.0
748 10.0
41 49.0
161 49.0
548 86.0
302 4.0
984 43.0
966 39.0
438 34.0
776 25.0
542 13.0
286 16.0
826 74.0
376 50.0
55 92.0
694 67.0
716 36.0
549 2.0
682 73.0
884 64.0
86 45.0
586 48.0
482 35.0
210 42.0
244 84.0
657 26.0
716 49.0
461 80.0
405 93.0
550 43.0
754 74.0
293 25.0
929 96.0
240 23.0
845 46.0
435 5.0
6 87.0
55 63.0
53 6.0
745 23.0
869 67.0
551 76.0
673 35.0
823 61.0
949 50.0
887 50.0
815 76.0
749 48.0
108 44.0
599 38.0
494 16.0
250 64.0
701 17.0
552 15.0
248 85.0
379 51.0
323 18.0
839 4.0
967 72.0
83 40.0
365 38.0
31 85.0
509 71.0
553 32.0
125 48.0
97 74.0
363 97.0
571 96.0
589 32.0
478 24.0
805 25.0
554 61.0
499 54.0
750 48.0
869 26.0
320 60.0
914 68.0
391 26.0
701 63.0
783 27.0
759 62.0
809 69.0
254 1.0
136 22.0
555 36.0
720 79.0
152 86.0
905 44.0
470 77.0
621 24.0
221 80.0
556 9.0
531 42.0
889 30.0
583 14.0
513 33.0
557 93.0
920 4.0
299 41.0
244 43.0
731 57.0
860 74.0
962 10.0
858 56.0
725 12.0
442 94.0
410 35.0
548 51.0
761 32.0
640 63.0
872 66.0
82 75.0
558 41.0
17 65.0
237 68.0
901 96.0
943 69.0
673 77.0
320 25.0
197 58.0
559 38.0
248 90.0
907 66.0
311 35.0
881 24.0
467 3.0
180 34.0
194 2.0
798 73.0
877 70.0
132 22.0
397 9.0
322 11.0
117 55.0
68 36.0
560 96.0
525 25.0
545 48.0
133 66.0
805 41.0
278 21.0
561 29.0
250 91.0
527 33.0
375 14.0
198 28.0
573 87.0
735 83.0
485 16.0
946 43.0
562 63.0
850 30.0
509 1.0
928 64.0
522 74.0
528 26.0
983 27.0
957 88.0
970 4.0
563 84.0
991 20.0
146 70.0
199 5.0
600 81.0
678 22.0
647 100.0
588 84.0
570 48.0
564 70.0
703 84.0
885 31.0
565 37.0
421 37.0
697 53.0
749 60.0
503 12.0
305 42.0
113 46.0
781 50.0
612 46.0
566 24.0
577 37.0
887 9.0
347 69.0
691 52.0
29 9.0
633 6.0
653 29.0
369 30.0
335 33.0
485 98.0
462 80.0
538 32.0
567 15.0
253 83.0
817 86.0
28 23.0
455 65.0
136 81.0
844 47.0
951 31.0
650 86.0
531 23.0
568 3.0
438 66.0
102 18.0
67 28.0
759 51.0
633 48.0
286 95.0
358 88.0
604 26.0
938 98.0
101 32.0
988 66.0
569 42.0
955 35.0
101 52.0
987 76.0
774 71.0
43 34.0
764 49.0
337 49.0
694 1.0
570 29.0
375 74.0
190 65.0
718 53.0
854 8.0
126 90.0
815 43.0
580 100.0
601 66.0
163 85.0
818 77.0
705 23.0
173 27.0
571 54.0
848 76.0
633 70.0
646 73.0
867 81.0
54 83.0
363 96.0
243 29.0
380 62.0
532 64.0
488 69.0
540 24.0
10 60.0
600 45.0
566 97.0
518 76.0
572 73.0
606 96.0
971 72.0
366 16.0
820 8.0
189 38.0
629 21.0
583 3.0
966 80.0
573 9.0
415 9.0
237 50.0
487 54.0
574 85.0
774 94.0
919 91.0
559 88.0
779 42.0
913 87.0
957 93.0
201 1.0
439 16.0
354 93.0
974 21.0
466 85.0
149 35.0
528 89.0
432 66.0
575 51.0
46 33.0
625 48.0
394 30.0
792 41.0
326 97.0
540 32.0
103 28.0
38 16.0
842 9.0
576 35.0
189 47.0
703 72.0
393 8.0
156 78.0
967 46.0
496 13.0
582 6.0
577 74.0
818 26.0
155 44.0
814 33.0
125 71.0
434 1.0
671 29.0
272 68.0
388 63.0
430 59.0
67 36.0
594 73.0
320 67.0
551 39.0
578 99.0
194 52.0
872 70.0
198 54.0
826 44.0
728 12.0
183 81.0
579 100.0
290 82.0
131 24.0
780 47.0
875 11.0
916 21.0
999 93.0
832 21.0
341 29.0
359 16.0
444 57.0
597 47.0
580 83.0
465 14.0
393 39.0
27 98.0
251 60.0
974 92.0
304 93.0
762 31.0
537 86.0
855 62.0
802 3.0
470 71.0
508 2.0
487 34.0
581 24.0
713 13.0
348 28.0
473 63.0
171 44.0
168 90.0
878 61.0
138 23.0
877 90.0
419 90.0
814 51.0
882 21.0
582 68.0
210 75.0
963 77.0
763 64.0
735 83.0
583 45.0
377 8.0
638 95.0
564 90.0
539 27.0
808 13.0
438 100.0
566 21.0
232 27.0
584 88.0
412 21.0
753 6.0
831 55.0
902 91.0
463 41.0
281 72.0
969 55.0
90 80.0
144 59.0
675 90.0
585 80.0
531 69.0
858 83.0
400 99.0
231 39.0
48 95.0
324 24.0
684 84.0
586 13.0
998 30.0
526 54.0
315 19.0
274 41.0
511 64.0
457 82.0
827 27.0
587 43.0
975 81.0
350 25.0
46 8.0
905 15.0
130 20.0
603 62.0
463 15.0
354 41.0
978 38.0
118 19.0
714 63.0
805 71.0
898 41.0
936 7.0
588 21.0
9 62.0
425 96.0
789 18.0
473 26.0
340 68.0
504 22.0
847 7.0
651 4.0
589 25.0
933 23.0
538 62.0
679 89.0
764 25.0
528 35.0
395 39.0
493 20.0
323 53.0
629 10.0
62 39.0
432 18.0
346 90.0
835 81.0
309 84.0
520 21.0
884 2.0
590 24.0
669 85.0
154 18.0
94 53.0
443 50.0
677 67.0
831 4.0
494 85.0
305 8.0
360 5.0
591 16.0
118 65.0
615 44.0
890 75.0
594 29.0
151 52.0
400 97.0
537 53.0
817 98.0
664 42.0
213 52.0
297 23.0
156 39.0
592 74.0
106 49.0
286 6.0
152 38.0
222 12.0
542 93.0
697 85.0
593 22.0
90 65.0
36 4.0
358 95.0
614 29.0
546 16.0
305 80.0
910 26.0
395 25.0
518 30.0
176 65.0
594 48.0
355 25.0
910 41.0
235 56.0
637 10.0
327 80.0
829 84.0
236 54.0
302 27.0
695 30.0
61 72.0
595 100.0
865 70.0
644 67.0
269 86.0
678 68.0
902 16.0
938 11.0
143 56.0
679 7.0
927 17.0
447 45.0
91 49.0
596 43.0
88 78.0
138 71.0
849 13.0
527 31.0
182 14.0
431 95.0
812 37.0
597 43.0
315 7.0
482 45.0
143 92.0
812 95.0
632 64.0
518 21.0
557 87.0
407 96.0
789 94.0
826 86.0
208 14.0
964 68.0
219 30.0
747 78.0
191 79.0
424 100.0
126 38.0
612 41.0
917 5.0
598 25.0
844 99.0
944 90.0
437 21.0
908 42.0
450 68.0
473 78.0
599 11.0
763 17.0
529 64.0
988 49.0
473 15.0
636 2.0
633 99.0
72 61.0
829 6.0
856 94.0
18 39.0
469 96.0
952 44.0
43 9.0
588 94.0
600 100.0
506 27.0
694 42.0
137 33.0
748 12.0
953 56.0
948 20.0
341 8.0
629 96.0
739 83.0
601 54.0
353 27.0
389 89.0
250 95.0
930 100.0
737 68.0
342 76.0
183 44.0
132 71.0
313 72.0
148 44.0
782 75.0
602 27.0
132 82.0
362 69.0
286 80.0
538 40.0
188 80.0
730 53.0
473 13.0
200 89.0
203 39.0
508 27.0
108 31.0
603 24.0
690 34.0
837 26.0
281 87.0
601 41.0
785 26.0
101 42.0
52 44.0
293 11.0
604 36.0
81 28.0
246 50.0
956 85.0
454 20.0
23 33.0
102 75.0
261 80.0
592 60.0
719 24.0
212 62.0
88 86.0
704 14.0
734 5.0
333 84.0
14 8.0
605 3.0
430 5.0
805 42.0
705 75.0
380 83.0
390 35.0
818 74.0
658 54.0
606 17.0
283 43.0
7 26.0
918 43.0
175 37.0
116 1.0
732 84.0
404 13.0
964 62.0
86 15.0
493 96.0
135 44.0
520 23.0
397 10.0
885 85.0
872 15.0
783 38.0
984 42.0
57 56.0
607 58.0
68 75.0
470 58.0
30 19.0
243 58.0
662 81.0
591 66.0
40 39.0
814 22.0
645 60.0
608 23.0
241 60.0
51 17.0
130 14.0
692 10.0
698 39.0
298 6.0
826 85.0
760 35.0
60 99.0
637 23.0
208 69.0
227 21.0
723 100.0
992 58.0
609 35.0
564 88.0
333 90.0
762 36.0
771 77.0
767 15.0
108 2.0
989 26.0
782 8.0
161 47.0
766 12.0
838 71.0
610 42.0
434 82.0
237 73.0
958 62.0
956 3.0
617 14.0
501 73.0
526 4.0
251 86.0
38 5.0
654 99.0
133 14.0
395 26.0
500 36.0
611 27.0
541 80.0
551 72.0
650 69.0
607 91.0
516 69.0
850 41.0
851 8.0
505 13.0
612 20.0
313 55.0
385 20.0
732 6.0
786 83.0
622 69.0
586 98.0
703 47.0
183 10.0
979 73.0
840 76.0
311 84.0
145 40.0
423 82.0
383 34.0
613 98.0
488 44.0
205 62.0
693 70.0
666 89.0
871 72.0
780 45.0
618 17.0
931 1.0
428 30.0
308 13.0
688 21.0
378 5.0
614 39.0
281 97.0
938 67.0
198 65.0
829 43.0
639 81.0
625 83.0
952 47.0
45 79.0
416 47.0
615 46.0
620 30.0
462 96.0
274 42.0
665 79.0
898 45.0
975 99.0
699 22.0
747 69.0
6 96.0
513 1.0
533 8.0
616 81.0
631 63.0
689 15.0
114 97.0
611 29.0
652 59.0
156 56.0
616 68.0
824 73.0
892 60.0
445 13.0
679 65.0
141 58.0
120 51.0
382 81.0
811 91.0
67 71.0
39 54.0
174 92.0
584 85.0
424 29.0
304 81.0
613 93.0
754 34.0
808 48.0
617 18.0
677 85.0
794 8.0
83 2.0
631 60.0
127 17.0
775 30.0
535 29.0
249 15.0
192 11.0
400 4.0
618 45.0
713 56.0
1 45.0
95 22.0
500 97.0
473 93.0
294 28.0
673 73.0
439 88.0
633 51.0
619 60.0
885 37.0
26 76.0
691 7.0
941 23.0
695 94.0
538 54.0
348 50.0
307 7.0
589 94.0
378 85.0
468 38.0
620 29.0
686 9.0
962 21.0
442 46.0
779 92.0
461 8.0
84 53.0
50 91.0
535 16.0
473 31.0
721 40.0
305 29.0
736 74.0
301 70.0
621 70.0
724 61.0
400 69.0
186 5.0
222 56.0
553 87.0
672 93.0
734 79.0
618 47.0
669 43.0
882 3.0
622 30.0
109 16.0
508 33.0
940 100.0
883 68.0
84 83.0
567 100.0
311 28.0
275 93.0
578 35.0
37 37.0
131 66.0
944 59.0
21 14.0
879 19.0
516 59.0
623 1.0
376 94.0
2 3.0
204 8.0
80 82.0
407 46.0
512 5.0
460 83.0
851 8.0
789 16.0
461 95.0
169 97.0
442 10.0
624 52.0
19 98.0
143 33.0
405 100.0
513 65.0
882 22.0
771 38.0
727 39.0
835 50.0
222 49.0
413 37.0
625 93.0
395 52.0
225 25.0
248 79.0
587 83.0
750 3.0
172 73.0
362 38.0
238 64.0
529 97.0
333 46.0
50 9.0
351 29.0
519 53.0
18 65.0
845 96.0
391 95.0
626 27.0
43 20.0
691 3.0
950 48.0
614 64.0
443 86.0
862 70.0
12 60.0
970 76.0
876 64.0
765 18.0
627 31.0
434 28.0
99 74.0
379 74.0
726 41.0
141 100.0
667 42.0
671 33.0
628 72.0
674 7.0
946 49.0
405 54.0
301 82.0
354 31.0
710 25.0
376 18.0
280 97.0
799 26.0
225 81.0
629 31.0
580 37.0
854 91.0
443 63.0
855 66.0
980 54.0
509 49.0
316 16.0
451 59.0
577 84.0
630 19.0
377 64.0
947 54.0
995 78.0
606 13.0
264 98.0
631 63.0
343 84.0
595 67.0
290 74.0
447 95.0
256 26.0
518 2.0
423 48.0
372 27.0
350 94.0
632 24.0
25 61.0
532 99.0
130 32.0
820 35.0
258 85.0
737 66.0
735 87.0
368 40.0
350 100.0
138 29.0
361 95.0
744 96.0
332 88.0
633 69.0
517 24.0
933 58.0
318 4.0
191 36.0
119 41.0
451 49.0
857 12.0
105 90.0
280 33.0
156 94.0
634 24.0
167 7.0
473 64.0
486 39.0
955 21.0
667 23.0
546 96.0
688 71.0
526 30.0
122 92.0
359 17.0
635 90.0
572 49.0
316 69.0
704 39.0
718 53.0
209 22.0
246 24.0
542 54.0
342 54.0
261 14.0
372 76.0
780 97.0
636 70.0
204 38.0
938 79.0
598 81.0
803 4.0
651 52.0
209 24.0
931 65.0
142 55.0
722 54.0
323 38.0
680 90.0
258 14.0
746 96.0
974 5.0
637 16.0
782 45.0
510 17.0
288 78.0
113 82.0
157 34.0
422 94.0
106 61.0
922 74.0
425 27.0
205 27.0
192 47.0
513 34.0
638 81.0
73 74.0
453 17.0
578 1.0
483 14.0
788 56.0
174 13.0
667 51.0
629 1.0
639 43.0
576 49.0
564 63.0
492 72.0
542 82.0
200 20.0
226 36.0
370 87.0
887 35.0
626 20.0
489 17.0
586 82.0
588 39.0
104 73.0
331 18.0
438 58.0
640 32.0
448 28.0
105 86.0
835 10.0
456 30.0
982 99.0
583 59.0
629 83.0
164 20.0
811 72.0
154 99.0
641 79.0
886 91.0
898 49.0
148 51.0
341 35.0
560 10.0
858 1.0
327 61.0
802 89.0
861 40.0
642 79.0
440 31.0
951 6.0
193 54.0
587 68.0
944 33.0
886 15.0
757 7.0
502 24.0
950 10.0
493 15.0
714 10.0
643 71.0
98 94.0
316 70.0
915 2.0
989 70.0
206 33.0
962 50.0
13 9.0
607 32.0
923 33.0
644 25.0
615 39.0
569 42.0
334 63.0
892 33.0
574 21.0
715 74.0
223 24.0
758 77.0
454 72.0
119 60.0
845 54.0
645 3.0
158 39.0
387 13.0
595 22.0
820 81.0
185 94.0
267 82.0
995 40.0
7 70.0
719 81.0
799 91.0
494 37.0
76 95.0
197 29.0
683 85.0
627 50.0
469 64.0
822 35.0
646 91.0
817 67.0
163 6.0
974 57.0
359 81.0
647 92.0
678 23.0
164 39.0
787 61.0
574 73.0
727 36.0
58 7.0
711 19.0
42 7.0
300 81.0
648 61.0
850 7.0
467 86.0
657 62.0
229 81.0
596 97.0
428 51.0
355 100.0
368 48.0
649 5.0
235 75.0
166 6.0
469 26.0
782 77.0
219 56.0
650 78.0
569 57.0
647 87.0
752 39.0
156 17.0
480 23.0
681 92.0
361 8.0
651 36.0
316 57.0
710 83.0
486 93.0
582 72.0
791 26.0
600 52.0
113 50.0
581 3.0
652 75.0
562 28.0
596 37.0
310 88.0
960 20.0
608 95.0
677 75.0
288 97.0
676 10.0
635 78.0
240 48.0
210 10.0
383 13.0
785 24.0
653 58.0
915 66.0
817 50.0
789 64.0
798 56.0
367 86.0
362 46.0
61 19.0
995 42.0
847 64.0
654 14.0
102 4.0
929 95.0
563 64.0
314 82.0
376 22.0
690 56.0
232 82.0
811 59.0
42 84.0
966 82.0
159 58.0
833 80.0
655 48.0
809 89.0
554 60.0
782 78.0
973 89.0
816 43.0
656 76.0
966 83.0
121 29.0
291 22.0
931 14.0
29 90.0
449 90.0
542 12.0
774 1.0
657 83.0
172 57.0
186 9.0
280 76.0
305 77.0
118 69.0
211 56.0
425 80.0
669 45.0
763 85.0
959 13.0
802 76.0
201 56.0
962 68.0
658 8.0
334 23.0
333 54.0
818 92.0
904 84.0
803 16.0
802 100.0
550 88.0
652 1.0
458 48.0
992 12.0
659 33.0
67 64.0
184 67.0
167 27.0
152 47.0
845 12.0
555 70.0
589 20.0
173 73.0
208 71.0
72 55.0
660 1.0
625 33.0
243 74.0
128 86.0
375 98.0
86 74.0
655 50.0
946 72.0
107 15.0
661 21.0
914 88.0
373 10.0
102 35.0
445 25.0
751 58.0
303 87.0
375 5.0
125 45.0
902 21.0
847 23.0
417 73.0
942 96.0
662 71.0
611 4.0
969 44.0
508 48.0
115 68.0
71 20.0
811 30.0
663 2.0
251 63.0
351 22.0
503 97.0
801 15.0
505 15.0
724 36.0
680 86.0
613 74.0
479 88.0
656 70.0
825 82.0
4 84.0
336 29.0
783 8.0
32 52.0
622 47.0
774 13.0
664 41.0
546 54.0
727 74.0
790 97.0
601 12.0
49 90.0
304 88.0
841 67.0
52 38.0
75 95.0
665 34.0
711 45.0
444 34.0
530 2.0
738 7.0
728 76.0
718 81.0
261 38.0
249 7.0
904 97.0
532 66.0
749 4.0
861 24.0
666 29.0
427 77.0
446 1.0
855 54.0
883 80.0
420 54.0
170 67.0
435 84.0
797 58.0
372 11.0
280 1.0
827 25.0
656 33.0
227 4.0
950 76.0
546 17.0
987 87.0
207 94.0
667 13.0
612 31.0
288 64.0
131 26.0
736 72.0
836 17.0
504 45.0
888 48.0
37 3.0
278 31.0
742 50.0
668 81.0
92 16.0
784 17.0
353 83.0
524 50.0
110 92.0
259 89.0
15 46.0
584 65.0
576 71.0
160 49.0
505 13.0
849 27.0
867 17.0
729 59.0
669 45.0
222 57.0
582 49.0
179 42.0
308 28.0
546 38.0
545 75.0
32 57.0
100 91.0
6 86.0
717 46.0
181 71.0
642 92.0
367 94.0
544 19.0
602 7.0
670 95.0
911 70.0
22 2.0
629 38.0
40 69.0
358 77.0
318 49.0
537 100.0
541 97.0
288 40.0
697 64.0
671 72.0
388 10.0
572 27.0
945 45.0
763 58.0
45 63.0
263 67.0
647 35.0
304 28.0
736 54.0
139 31.0
399 80.0
677 43.0
618 49.0
683 62.0
175 20.0
592 53.0
215 94.0
672 18.0
483 56.0
413 15.0
566 80.0
673 5.0
950 69.0
137 91.0
899 76.0
362 7.0
686 90.0
359 36.0
306 54.0
857 96.0
897 58.0
694 33.0
30 65.0
95 74.0
809 8.0
262 41.0
352 68.0
674 79.0
687 78.0
659 17.0
609 74.0
168 27.0
119 38.0
296 58.0
530 34.0
713 52.0
406 17.0
65 42.0
923 22.0
834 63.0
23 23.0
608 46.0
325 61.0
139 24.0
957 15.0
279 97.0
675 51.0
414 72.0
182 37.0
990 28.0
632 24.0
5 91.0
61 4.0
554 29.0
481 18.0
169 88.0
774 56.0
676 8.0
24 79.0
680 59.0
303 86.0
744 54.0
645 85.0
443 44.0
800 82.0
982 50.0
677 36.0
340 47.0
643 72.0
678 58.0
397 66.0
928 88.0
331 56.0
94 4.0
721 62.0
678 41.0
952 59.0
660 57.0
493 98.0
569 24.0
962 20.0
919 69.0
592 89.0
726 81.0
73 9.0
959 8.0
679 79.0
190 3.0
628 66.0
989 99.0
364 65.0
578 64.0
752 59.0
5 34.0
845 3.0
680 33.0
193 42.0
442 25.0
357 77.0
284 33.0
370 22.0
359 80.0
590 99.0
37 95.0
753 57.0
322 93.0
681 36.0
313 95.0
562 26.0
394 11.0
58 28.0
790 46.0
109 40.0
337 45.0
682 81.0
714 36.0
916 33.0
155 85.0
199 68.0
86 93.0
57 66.0
673 68.0
595 80.0
337 94.0
385 37.0
487 21.0
39 45.0
182 39.0
780 29.0
683 95.0
517 56.0
32 79.0
676 1.0
758 67.0
350 27.0
422 55.0
684 92.0
795 84.0
401 66.0
135 67.0
436 80.0
938 24.0
141 37.0
948 90.0
913 38.0
986 98.0
685 16.0
513 45.0
577 63.0
717 17.0
274 62.0
890 40.0
472 62.0
169 78.0
30 79.0
377 63.0
686 98.0
974 76.0
205 6.0
678 49.0
137 41.0
997 1.0
52 43.0
829 47.0
929 72.0
355 30.0
82 76.0
687 53.0
215 51.0
501 100.0
137 34.0
407 33.0
688 38.0
374 61.0
745 78.0
652 85.0
259 4.0
890 87.0
402 7.0
833 67.0
663 34.0
133 32.0
787 76.0
689 54.0
623 5.0
672 88.0
980 5.0
818 31.0
784 35.0
590 10.0
732 92.0
12 98.0
640 43.0
526 6.0
877 12.0
295 46.0
353 46.0
15 1.0
690 99.0
371 89.0
29 86.0
721 31.0
733 8.0
656 27.0
897 93.0
15 46.0
788 66.0
4 38.0
957 61.0
691 83.0
981 54.0
63 24.0
990 66.0
185 62.0
299 77.0
325 41.0
320 93.0
701 52.0
602 96.0
692 70.0
76 57.0
445 53.0
457 78.0
616 75.0
206 84.0
693 58.0
432 79.0
607 75.0
677 93.0
91 54.0
181 96.0
351 93.0
811 96.0
187 19.0
436 55.0
346 19.0
638 88.0
325 66.0
11 39.0
926 10.0
53 61.0
191 37.0
694 39.0
539 22.0
406 10.0
689 7.0
688 73.0
937 91.0
581 97.0
692 62.0
630 57.0
642 73.0
681 12.0
384 9.0
465 48.0
26 76.0
984 54.0
695 29.0
292 48.0
269 42.0
820 79.0
439 49.0
510 62.0
340 26.0
788 44.0
669 86.0
597 66.0
423 34.0
359 39.0
126 9.0
897 25.0
718 35.0
94 87.0
696 38.0
333 39.0
518 84.0
700 3.0
497 96.0
885 35.0
277 67.0
996 76.0
628 32.0
682 7.0
881 16.0
75 72.0
223 42.0
697 11.0
764 82.0
742 74.0
999 42.0
783 21.0
845 34.0
481 5.0
583 84.0
246 71.0
312 53.0
627 30.0
762 90.0
698 94.0
467 51.0
311 22.0
372 82.0
631 22.0
122 75.0
322 26.0
639 65.0
850 33.0
699 98.0
165 10.0
962 2.0
254 63.0
317 85.0
464 95.0
529 18.0
76 53.0
456 48.0
103 99.0
419 61.0
341 35.0
929 43.0
70 61.0
700 4.0
891 56.0
935 92.0
694 28.0
297 83.0
257 97.0
768 10.0
543 6.0
851 22.0
701 45.0
420 95.0
758 28.0
329 5.0
911 80.0
842 42.0
128 98.0
693 35.0
995 12.0
119 38.0
158 82.0
147 26.0
973 56.0
779 77.0
624 78.0
702 43.0
562 30.0
802 100.0
464 92.0
697 47.0
352 31.0
829 41.0
151 27.0
496 17.0
703 55.0
642 100.0
384 86.0
353 28.0
593 86.0
996 65.0
539 86.0
466 57.0
133 81.0
704 5.0
448 15.0
507 52.0
36 46.0
520 39.0
806 70.0
813 44.0
986 63.0
398 62.0
640 32.0
357 1.0
201 68.0
459 67.0
705 8.0
9 53.0
980 39.0
878 2.0
424 87.0
824 43.0
616 79.0
529 28.0
697 89.0
71 79.0
706 50.0
658 12.0
44 21.0
70 58.0
582 1.0
719 62.0
323 74.0
444 61.0
929 61.0
486 49.0
371 33.0
280 2.0
761 91.0
970 88.0
707 58.0
297 90.0
292 70.0
636 84.0
865 13.0
781 93.0
864 9.0
996 33.0
216 60.0
570 64.0
333 61.0
595 75.0
734 66.0
247 89.0
841 67.0
454 86.0
708 65.0
381 18.0
370 73.0
652 50.0
166 57.0
41 60.0
31 31.0
608 16.0
245 63.0
912 37.0
348 28.0
986 81.0
709 91.0
432 21.0
818 63.0
537 82.0
698 45.0
809 83.0
399 65.0
632 2.0
640 20.0
595 26.0
564 20.0
663 19.0
655 97.0
753 13.0
845 36.0
299 9.0
295 41.0
710 58.0
373 84.0
534 63.0
770 30.0
784 78.0
502 95.0
717 43.0
390 67.0
365 22.0
517 8.0
111 38.0
805 80.0
112 12.0
491 58.0
578 65.0
342 80.0
711 70.0
159 86.0
854 7.0
210 68.0
429 10.0
69 7.0
235 11.0
867 26.0
110 72.0
417 3.0
905 14.0
712 65.0
161 37.0
423 3.0
991 4.0
30 67.0
986 34.0
727 65.0
320 32.0
952 16.0
713 93.0
36 97.0
502 55.0
675 8.0
662 63.0
20 27.0
805 21.0
579 81.0
714 93.0
833 88.0
260 49.0
327 19.0
715 79.0
341 82.0
426 74.0
361 85.0
109 48.0
171 19.0
541 34.0
99 55.0
765 82.0
800 58.0
985 96.0
716 54.0
364 41.0
703 33.0
740 50.0
734 27.0
981 35.0
945 79.0
112 81.0
44 81.0
437 75.0
429 5.0
299 37.0
717 21.0
74 11.0
550 34.0
27 36.0
378 72.0
763 11.0
449 57.0
714 18.0
160 11.0
895 78.0
908 87.0
869 48.0
718 80.0
234 66.0
249 47.0
794 5.0
144 45.0
39 100.0
414 61.0
155 97.0
340 2.0
343 31.0
500 78.0
17 4.0
719 24.0
865 32.0
162 4.0
254 29.0
754 22.0
664 79.0
880 10.0
417 85.0
101 3.0
606 22.0
720 30.0
813 2.0
386 65.0
573 98.0
953 72.0
950 12.0
583 100.0
378 68.0
721 19.0
626 35.0
908 10.0
541 72.0
577 44.0
954 26.0
726 71.0
929 99.0
325 36.0
435 96.0
177 91.0
722 25.0
632 82.0
677 4.0
616 94.0
58 10.0
912 65.0
634 59.0
271 12.0
328 89.0
204 77.0
926 74.0
723 92.0
544 16.0
992 24.0
214 30.0
655 22.0
822 16.0
627 59.0
739 95.0
459 24.0
813 49.0
903 58.0
426 3.0
774 70.0
745 1.0
597 77.0
893 1.0
724 92.0
454 59.0
307 28.0
875 27.0
630 2.0
793 88.0
297 68.0
522 77.0
503 14.0
626 17.0
289 89.0
725 76.0
501 94.0
620 84.0
100 56.0
907 57.0
151 69.0
726 43.0
592 23.0
117 5.0
408 12.0
180 84.0
149 53.0
512 66.0
631 71.0
106 2.0
727 62.0
25 94.0
385 70.0
291 69.0
784 76.0
755 86.0
847 15.0
207 10.0
931 76.0
351 17.0
728 45.0
149 17.0
269 35.0
625 75.0
661 89.0
540 89.0
701 86.0
195 52.0
441 88.0
405 64.0
943 42.0
707 55.0
512 67.0
367 92.0
123 60.0
372 99.0
496 26.0
522 16.0
961 72.0
729 78.0
310 29.0
872 32.0
875 6.0
576 71.0
199 14.0
533 72.0
323 70.0
649 94.0
512 40.0
337 3.0
162 65.0
456 12.0
730 14.0
473 70.0
336 58.0
388 30.0
175 90.0
694 8.0
997 32.0
836 4.0
52 79.0
989 1.0
367 57.0
129 46.0
398 71.0
731 28.0
427 55.0
940 21.0
747 91.0
297 94.0
368 23.0
732 14.0
678 37.0
719 30.0
407 94.0
135 21.0
957 75.0
353 91.0
471 41.0
146 80.0
489 37.0
515 25.0
733 15.0
305 80.0
152 46.0
579 90.0
934 81.0
774 56.0
893 83.0
194 14.0
384 6.0
734 91.0
15 62.0
714 81.0
77 74.0
401 86.0
677 76.0
214 69.0
934 60.0
26 14.0
131 90.0
637 54.0
735 8.0
117 42.0
200 25.0
718 17.0
948 41.0
241 86.0
551 38.0
465 84.0
876 16.0
907 93.0
371 68.0
936 59.0
736 34.0
113 33.0
833 58.0
105 17.0
154 57.0
350 41.0
5 84.0
122 82.0
824 72.0
457 27.0
737 72.0
840 77.0
149 36.0
255 51.0
145 67.0
317 25.0
551 41.0
616 10.0
856 60.0
577 24.0
602 73.0
738 24.0
441 52.0
218 50.0
647 46.0
673 59.0
481 48.0
492 4.0
698 64.0
283 50.0
846 28.0
612 91.0
407 7.0
739 66.0
700 62.0
693 22.0
234 47.0
105 56.0
918 16.0
686 7.0
644 98.0
732 91.0
995 18.0
721 17.0
394 96.0
740 96.0
765 100.0
384 54.0
72 89.0
978 24.0
551 7.0
210 87.0
651 49.0
898 80.0
882 85.0
700 27.0
156 16.0
741 73.0
515 71.0
520 22.0
810 35.0
634 48.0
840 85.0
220 53.0
5 2.0
321 56.0
795 16.0
749 11.0
715 29.0
915 52.0
742 17.0
613 42.0
288 31.0
653 82.0
728 98.0
975 67.0
290 66.0
141 8.0
495 9.0
743 2.0
772 43.0
529 32.0
773 2.0
767 30.0
166 65.0
869 12.0
577 59.0
744 25.0
581 1.0
37 62.0
1 92.0
348 33.0
296 98.0
684 7.0
63 45.0
670 47.0
939 9.0
745 79.0
856 64.0
714 90.0
724 58.0
219 75.0
565 16.0
559 22.0
635 41.0
613 79.0
774 49.0
775 30.0
746 53.0
372 39.0
50 26.0
737 39.0
958 40.0
101 27.0
390 59.0
426 32.0
492 96.0
27 55.0
747 33.0
355 78.0
58 93.0
59 89.0
376 6.0
983 35.0
189 41.0
935 66.0
41 87.0
872 83.0
748 85.0
534 30.0
891 66.0
491 91.0
404 5.0
777 16.0
487 42.0
78 3.0
791 72.0
323 35.0
956 35.0
749 5.0
517 62.0
367 20.0
999 37.0
14 75.0
146 78.0
106 11.0
880 30.0
429 50.0
750 30.0
832 5.0
534 92.0
361 51.0
730 62.0
513 94.0
751 41.0
268 18.0
316 73.0
315 57.0
239 44.0
50 32.0
748 22.0
365 44.0
752 53.0
134 31.0
662 51.0
719 65.0
495 85.0
326 46.0
694 63.0
101 26.0
616 19.0
482 35.0
995 71.0
85 94.0
421 30.0
165 49.0
940 60.0
753 82.0
819 31.0
212 8.0
450 46.0
562 43.0
171 54.0
44 56.0
848 81.0
535 49.0
424 29.0
730 6.0
754 83.0
841 17.0
757 19.0
67 75.0
300 21.0
124 74.0
444 54.0
780 24.0
890 49.0
744 7.0
755 29.0
294 89.0
84 50.0
284 6.0
470 46.0
481 56.0
988 83.0
413 24.0
150 62.0
208 79.0
756 14.0
881 27.0
298 10.0
514 55.0
177 48.0
315 2.0
805 41.0
705 8.0
697 74.0
916 30.0
21 91.0
757 30.0
833 28.0
203 51.0
828 61.0
571 45.0
563 51.0
148 6.0
720 33.0
815 19.0
758 85.0
125 58.0
495 23.0
759 49.0
41 7.0
748 37.0
332 1.0
948 36.0
759 10.0
145 91.0
707 57.0
359 51.0
865 40.0
735 40.0
152 55.0
734 37.0
708 38.0
760 36.0
464 64.0
597 91.0
14 4.0
364 86.0
541 96.0
94 72.0
761 89.0
444 73.0
589 35.0
834 1.0
136 30.0
279 83.0
374 29.0
766 30.0
502 75.0
509 90.0
762 98.0
840 56.0
829 47.0
496 25.0
833 36.0
14 24.0
444 2.0
84 9.0
763 58.0
303 3.0
343 20.0
954 49.0
371 42.0
764 69.0
206 37.0
92 58.0
733 91.0
487 10.0
303 99.0
962 4.0
100 6.0
601 19.0
622 55.0
928 76.0
806 24.0
765 57.0
339 39.0
113 88.0
549 97.0
126 11.0
470 39.0
691 86.0
100 11.0
850 99.0
821 32.0
423 86.0
782 59.0
788 16.0
571 51.0
22 85.0
721 42.0
103 23.0
235 50.0
82 80.0
766 24.0
155 74.0
762 32.0
829 75.0
809 51.0
185 19.0
961 97.0
31 47.0
884 38.0
906 10.0
932 51.0
590 70.0
767 46.0
422 69.0
233 89.0
618 98.0
310 59.0
768 9.0
762 33.0
622 24.0
92 49.0
197 14.0
519 54.0
803 20.0
166 89.0
507 13.0
664 63.0
769 85.0
330 27.0
571 15.0
253 61.0
59 70.0
959 1.0
485 47.0
718 54.0
286 20.0
608 24.0
439 99.0
770 74.0
401 4.0
689 41.0
874 89.0
484 2.0
490 5.0
450 97.0
908 94.0
985 60.0
243 86.0
527 64.0
55 3.0
771 92.0
232 74.0
102 61.0
370 1.0
64 63.0
897 10.0
584 32.0
416 61.0
354 31.0
820 76.0
316 6.0
772 42.0
624 77.0
520 9.0
3 16.0
313 55.0
173 87.0
434 31.0
592 30.0
161 96.0
816 54.0
597 54.0
773 66.0
329 69.0
509 91.0
188 48.0
637 25.0
43 100.0
326 59.0
523 57.0
908 22.0
774 99.0
802 64.0
866 30.0
580 29.0
687 88.0
148 21.0
463 32.0
193 33.0
777 52.0
296 97.0
885 32.0
836 36.0
357 85.0
400 2.0
573 45.0
568 80.0
775 49.0
866 44.0
877 43.0
83 18.0
236 23.0
335 48.0
397 100.0
776 8.0
129 43.0
970 84.0
379 26.0
151 40.0
137 12.0
459 100.0
96 100.0
945 28.0
529 76.0
320 88.0
777 16.0
486 53.0
247 56.0
170 33.0
908 77.0
913 73.0
944 85.0
778 92.0
460 6.0
356 54.0
733 64.0
267 39.0
126 59.0
38 95.0
746 92.0
739 25.0
613 71.0
779 14.0
31 71.0
622 70.0
177 19.0
988 24.0
807 21.0
795 24.0
344 59.0
189 13.0
944 32.0
405 51.0
216 97.0
757 15.0
478 80.0
780 61.0
286 92.0
586 88.0
775 76.0
121 54.0
803 54.0
153 87.0
305 45.0
142 28.0
685 30.0
302 33.0
862 15.0
170 13.0
550 63.0
980 34.0
137 84.0
983 50.0
781 3.0
411 84.0
542 17.0
125 40.0
829 38.0
321 41.0
228 90.0
782 9.0
164 69.0
579 11.0
528 73.0
133 34.0
117 50.0
628 43.0
519 95.0
301 79.0
527 82.0
929 49.0
803 15.0
625 94.0
386 49.0
783 61.0
743 58.0
911 33.0
649 8.0
327 55.0
562 14.0
173 61.0
936 50.0
791 98.0
775 8.0
237 15.0
708 87.0
32 68.0
489 41.0
353 34.0
15 18.0
784 60.0
834 76.0
950 9.0
802 15.0
549 16.0
767 59.0
125 16.0
285 43.0
348 84.0
463 38.0
566 97.0
785 99.0
14 46.0
117 82.0
853 55.0
298 98.0
342 73.0
498 32.0
34 99.0
82 76.0
951 7.0
364 29.0
262 52.0
68 45.0
786 100.0
945 95.0
417 35.0
76 62.0
548 92.0
797 65.0
542 98.0
299 54.0
885 43.0
767 80.0
226 51.0
787 9.0
329 43.0
903 39.0
793 71.0
373 29.0
622 5.0
788 100.0
520 50.0
13 56.0
930 57.0
212 100.0
990 96.0
568 1.0
399 46.0
490 61.0
598 57.0
904 61.0
976 41.0
789 19.0
80 84.0
958 36.0
886 48.0
780 86.0
373 15.0
790 9.0
641 48.0
625 28.0
210 65.0
889 52.0
995 99.0
705 22.0
524 24.0
46 88.0
791 2.0
268 78.0
75 64.0
180 88.0
462 27.0
640 57.0
232 63.0
716 52.0
430 30.0
883 30.0
312 13.0
434 12.0
792 76.0
729 53.0
112 28.0
689 29.0
618 4.0
675 47.0
75 9.0
517 7.0
6 32.0
403 79.0
138 27.0
497 66.0
529 36.0
942 40.0
199 60.0
793 89.0
570 12.0
143 41.0
21 22.0
829 72.0
882 65.0
352 78.0
863 60.0
542 2.0
965 56.0
365 11.0
884 48.0
497 17.0
529 64.0
399 72.0
326 53.0
794 64.0
615 72.0
907 79.0
365 62.0
285 6.0
221 10.0
508 73.0
89 29.0
105 66.0
876 84.0
795 63.0
32 38.0
493 59.0
729 97.0
653 12.0
691 1.0
840 56.0
101 84.0
675 10.0
806 30.0
917 81.0
857 70.0
837 69.0
796 86.0
279 37.0
665 33.0
188 47.0
7 10.0
948 96.0
653 20.0
447 25.0
357 42.0
664 87.0
797 15.0
235 10.0
817 6.0
513 99.0
642 61.0
24 85.0
420 61.0
945 92.0
980 10.0
494 44.0
865 42.0
942 35.0
63 79.0
798 79.0
628 64.0
379 85.0
444 86.0
546 83.0
848 90.0
839 78.0
169 13.0
799 42.0
559 14.0
62 20.0
625 26.0
454 64.0
391 97.0
840 60.0
765 40.0
174 50.0
117 76.0
450 6.0
961 8.0
497 89.0
932 44.0
582 37.0
800 12.0
235 49.0
952 53.0
288 58.0
475 96.0
956 6.0
300 6.0
724 79.0
595 79.0
801 61.0
320 78.0
234 21.0
705 48.0
837 64.0
458 21.0
485 32.0
811 58.0
79 63.0
422 50.0
802 89.0
142 1.0
978 8.0
424 12.0
798 99.0
610 95.0
403 97.0
311 70.0
695 88.0
4 92.0
803 94.0
77 45.0
78 1.0
762 10.0
312 58.0
27 27.0
889 31.0
650 86.0
387 35.0
243 63.0
937 57.0
655 71.0
14 15.0
804 68.0
97 68.0
686 4.0
474 89.0
273 80.0
458 58.0
671 85.0
462 99.0
415 19.0
372 18.0
188 81.0
908 46.0
827 66.0
753 84.0
150 17.0
814 32.0
196 38.0
897 57.0
805 7.0
566 51.0
391 40.0
974 41.0
581 16.0
275 39.0
806 48.0
832 26.0
806 82.0
799 86.0
988 51.0
104 54.0
375 82.0
248 37.0
976 62.0
777 7.0
807 38.0
147 16.0
202 73.0
545 93.0
713 44.0
259 99.0
41 96.0
859 64.0
616 81.0
808 48.0
29 2.0
161 25.0
718 28.0
627 94.0
541 76.0
645 7.0
167 66.0
809 66.0
987 33.0
549 9.0
678 69.0
419 69.0
612 81.0
470 49.0
81 28.0
810 88.0
995 46.0
569 80.0
326 29.0
793 25.0
801 95.0
358 47.0
247 26.0
565 52.0
222 94.0
811 9.0
50 80.0
464 94.0
711 53.0
276 19.0
806 92.0
910 47.0
516 86.0
435 50.0
812 11.0
927 89.0
96 31.0
486 37.0
36 62.0
283 71.0
258 24.0
760 34.0
715 47.0
459 91.0
474 15.0
813 51.0
739 55.0
755 64.0
806 28.0
816 14.0
500 71.0
309 88.0
552 12.0
230 76.0
46 3.0
689 83.0
368 81.0
9 34.0
158 3.0
349 8.0
753 50.0
814 22.0
49 27.0
747 30.0
399 61.0
201 95.0
808 11.0
845 8.0
815 94.0
160 90.0
416 28.0
541 64.0
508 88.0
323 35.0
980 24.0
306 73.0
816 61.0
619 14.0
657 67.0
618 16.0
617 75.0
397 25.0
965 36.0
554 81.0
932 68.0
157 10.0
817 35.0
164 23.0
277 57.0
757 14.0
754 12.0
480 69.0
882 26.0
549 25.0
851 52.0
608 90.0
818 69.0
914 10.0
132 48.0
634 55.0
780 22.0
775 97.0
564 27.0
876 82.0
819 81.0
87 6.0
176 21.0
744 63.0
531 94.0
835 73.0
483 6.0
567 85.0
714 34.0
16 53.0
820 73.0
825 92.0
310 18.0
114 50.0
566 5.0
379 5.0
714 33.0
572 30.0
14 10.0
767 94.0
148 53.0
821 45.0
329 51.0
166 95.0
914 42.0
571 21.0
864 4.0
886 55.0
191 46.0
570 18.0
846 61.0
822 37.0
366 81.0
986 34.0
158 1.0
840 45.0
540 60.0
823 85.0
825 61.0
824 32.0
106 79.0
258 3.0
92 54.0
561 78.0
609 85.0
984 73.0
811 33.0
283 40.0
824 79.0
118 81.0
712 58.0
171 67.0
405 29.0
424 9.0
440 35.0
81 34.0
309 68.0
193 33.0
191 99.0
362 11.0
173 79.0
407 80.0
825 64.0
897 47.0
487 9.0
607 61.0
738 14.0
277 62.0
826 28.0
426 45.0
459 6.0
24 16.0
837 51.0
225 53.0
470 76.0
287 22.0
430 55.0
827 43.0
174 32.0
679 70.0
208 21.0
990 33.0
279 46.0
523 89.0
127 6.0
32 26.0
828 20.0
790 43.0
229 48.0
350 76.0
182 41.0
307 70.0
830 48.0
990 40.0
492 72.0
244 83.0
400 23.0
639 61.0
616 78.0
829 63.0
472 23.0
733 14.0
843 77.0
980 79.0
766 7.0
808 97.0
830 100.0
178 88.0
924 14.0
633 79.0
170 98.0
867 89.0
831 9.0
504 55.0
749 87.0
768 2.0
245 32.0
119 72.0
186 86.0
854 85.0
832 3.0
5 97.0
230 55.0
96 65.0
763 77.0
163 66.0
945 43.0
99 75.0
362 60.0
768 70.0
833 71.0
421 31.0
597 63.0
516 38.0
492 91.0
524 91.0
588 23.0
358 36.0
610 95.0
179 61.0
834 71.0
296 96.0
188 16.0
88 23.0
16 49.0
589 97.0
40 94.0
365 32.0
835 45.0
698 77.0
300 75.0
876 36.0
149 35.0
112 54.0
276 53.0
836 5.0
874 89.0
796 39.0
526 77.0
871 79.0
105 21.0
797 70.0
956 82.0
401 44.0
28 20.0
727 32.0
480 95.0
837 31.0
618 25.0
848 47.0
681 89.0
634 77.0
434 4.0
591 35.0
496 34.0
314 24.0
261 78.0
150 41.0
520 14.0
307 98.0
838 43.0
681 85.0
771 13.0
453 34.0
772 90.0
649 38.0
839 99.0
106 19.0
556 39.0
36 54.0
384 82.0
696 97.0
3 6.0
648 35.0
189 100000.0
383 59.0
718 64.0
476 84.0
2 64.0
670 84.0
973 77.0
355 5.0
840 51.0
484 15.0
238 61.0
357 51.0
850 3.0
301 51.0
280 23.0
718 53.0
914 78.0
279 95.0
251 69.0
542 15.0
793 54.0
106 79.0
307 2.0
841 29.0
265 89.0
601 6.0
988 52.0
597 26.0
952 7.0
45 99.0
260 23.0
954 77.0
842 57.0
232 58.0
105 26.0
2 69.0
615 38.0
448 98.0
763 44.0
885 3.0
577 71.0
275 23.0
478 57.0
936 49.0
843 53.0
961 90.0
780 47.0
755 13.0
815 77.0
485 11.0
287 17.0
844 14.0
313 1.0
335 32.0
823 70.0
349 42.0
546 95.0
66 54.0
989 10.0
271 9.0
845 38.0
591 66.0
239 89.0
983 62.0
262 100.0
43 92.0
174 6.0
334 12.0
664 29.0
373 9.0
846 53.0
933 90.0
947 65.0
674 26.0
737 69.0
60 95.0
471 22.0
40 40.0
552 54.0
540 22.0
490 29.0
847 14.0
773 64.0
443 42.0
988 3.0
685 30.0
638 30.0
149 19.0
696 22.0
59 46.0
691 87.0
288 96.0
173 78.0
349 1.0
848 37.0
400 58.0
595 81.0
884 64.0
123 44.0
963 25.0
530 49.0
633 65.0
341 47.0
377 54.0
802 73.0
677 27.0
849 48.0
721 47.0
928 20.0
439 97.0
935 92.0
588 10.0
850 40.0
924 60.0
18 44.0
150 47.0
111 64.0
817 42.0
851 64.0
698 46.0
412 53.0
892 71.0
232 48.0
753 48.0
691 82.0
255 12.0
786 4.0
499 17.0
13 49.0
754 20.0
456 71.0
679 79.0
4 59.0
852 60.0
674 97.0
811 64.0
263 47.0
843 42.0
103 92.0
896 52.0
372 56.0
729 20.0
664 11.0
386 96.0
532 47.0
853 88.0
169 63.0
575 3.0
354 82.0
712 16.0
987 100.0
823 15.0
939 82.0
500 74.0
829 91.0
284 81.0
68 63.0
854 74.0
283 76.0
224 77.0
843 55.0
334 30.0
698 51.0
829 65.0
471 80.0
969 53.0
755 4.0
263 33.0
733 34.0
102 19.0
855 9.0
288 26.0
92 43.0
501 1.0
869 39.0
916 99.0
882 77.0
567 23.0
922 62.0
604 2.0
856 73.0
691 59.0
748 21.0
626 9.0
724 52.0
108 61.0
551 18.0
641 93.0
278 79.0
617 48.0
656 13.0
515 77.0
638 98.0
857 5.0
879 1.0
30 54.0
624 96.0
536 97.0
910 1.0
160 89.0
997 78.0
858 75.0
828 30.0
640 83.0
987 47.0
220 79.0
791 100.0
463 16.0
706 80.0
160 54.0
859 68.0
649 77.0
512 16.0
874 71.0
449 58.0
592 85.0
394 70.0
378 48.0
128 67.0
903 73.0
348 99.0
870 97.0
860 23.0
122 51.0
241 80.0
862 26.0
231 37.0
881 50.0
882 87.0
542 64.0
504 21.0
477 41.0
861 26.0
265 53.0
671 2.0
912 45.0
222 63.0
392 93.0
385 90.0
166 79.0
862 49.0
156 7.0
507 40.0
943 36.0
994 42.0
869 32.0
906 77.0
280 42.0
413 34.0
625 55.0
208 10.0
863 58.0
739 64.0
944 50.0
668 89.0
202 95.0
340 32.0
408 30.0
515 31.0
216 34.0
849 83.0
459 86.0
898 13.0
864 23.0
735 4.0
480 53.0
416 8.0
436 80.0
90 93.0
585 91.0
541 46.0
131 56.0
508 35.0
613 67.0
543 69.0
347 54.0
670 76.0
309 2.0
865 42.0
657 4.0
982 60.0
320 70.0
284 6.0
207 9.0
814 73.0
860 31.0
976 9.0
168 47.0
866 49.0
487 3.0
946 89.0
600 77.0
987 18.0
361 69.0
29 26.0
168 18.0
189 65.0
152 20.0
623 38.0
828 78.0
181 5.0
854 73.0
867 31.0
151 4.0
418 28.0
278 5.0
439 77.0
274 54.0
239 85.0
10 55.0
141 86.0
387 29.0
352 28.0
755 96.0
868 75.0
381 59.0
219 11.0
992 71.0
523 79.0
346 49.0
814 81.0
820 57.0
429 93.0
113 43.0
869 20.0
365 49.0
847 13.0
63 43.0
665 12.0
851 100.0
191 10.0
684 91.0
576 56.0
867 35.0
168 19.0
55 34.0
138 75.0
225 49.0
939 46.0
42 44.0
800 98.0
870 36.0
53 99.0
872 2.0
599 78.0
649 5.0
466 35.0
244 21.0
410 25.0
325 50.0
369 55.0
871 93.0
951 32.0
773 30.0
948 51.0
552 59.0
542 41.0
872 90.0
837 83.0
877 51.0
922 87.0
431 73.0
26 34.0
873 89.0
29 99.0
261 12.0
707 52.0
902 89.0
799 49.0
487 52.0
960 60.0
874 86.0
174 36.0
934 15.0
288 96.0
664 19.0
548 19.0
268 87.0
424 37.0
31 53.0
355 59.0
963 74.0
891 56.0
389 100.0
875 17.0
189 44.0
841 93.0
88 99.0
879 34.0
919 83.0
374 8.0
876 90.0
667 32.0
438 10.0
770 57.0
51 2.0
860 53.0
461 52.0
122 80.0
844 65.0
492 56.0
877 83.0
512 14.0
8 38.0
923 30.0
184 90.0
47 98.0
678 69.0
273 53.0
128 18.0
854 89.0
487 3.0
208 63.0
691 55.0
878 88.0
228 21.0
620 40.0
387 94.0
886 68.0
965 48.0
643 56.0
569 5.0
879 44.0
295 13.0
707 53.0
214 11.0
515 38.0
523 17.0
213 11.0
240 92.0
999 78.0
848 40.0
532 33.0
557 28.0
33 34.0
538 1.0
506 85.0
101 82.0
936 2.0
730 17.0
696 27.0
48 99.0
880 29.0
570 62.0
476 24.0
750 27.0
734 62.0
539 44.0
83 47.0
232 26.0
682 74.0
832 36.0
620 86.0
636 60.0
144 62.0
303 39.0
981 8.0
881 41.0
627 91.0
225 35.0
266 40.0
995 77.0
572 19.0
10 45.0
921 17.0
676 25.0
1000 62.0
695 22.0
882 52.0
293 16.0
429 95.0
248 63.0
603 87.0
672 74.0
105 26.0
940 6.0
157 69.0
324 27.0
883 52.0
621 47.0
86 44.0
985 64.0
924 34.0
827 94.0
386 70.0
690 12.0
215 67.0
731 89.0
825 5.0
787 57.0
45 67.0
884 85.0
144 8.0
209 10.0
435 14.0
485 86.0
379 55.0
468 92.0
395 94.0
281 32.0
611 97.0
388 76.0
1 88.0
757 76.0
885 8.0
266 48.0
685 37.0
632 16.0
131 51.0
489 93.0
886 16.0
378 91.0
228 75.0
462 13.0
47 23.0
876 1.0
211 77.0
354 45.0
171 98.0
302 99.0
970 45.0
557 19.0
781 38.0
887 100.0
832 72.0
843 24.0
604 89.0
36 66.0
663 82.0
342 12.0
868 25.0
388 98.0
819 87.0
733 54.0
888 60.0
489 22.0
540 77.0
356 98.0
398 23.0
488 58.0
628 90.0
549 91.0
79 46.0
454 25.0
889 62.0
117 59.0
539 40.0
80 81.0
680 98.0
641 18.0
367 29.0
544 61.0
334 8.0
816 97.0
890 10.0
682 44.0
726 57.0
598 46.0
522 41.0
570 96.0
211 34.0
112 68.0
891 21.0
373 85.0
486 32.0
75 77.0
877 45.0
758 56.0
444 34.0
751 56.0
266 69.0
498 61.0
892 91.0
339 93.0
152 67.0
671 87.0
696 95.0
387 2.0
21 30.0
893 48.0
795 34.0
300 32.0
816 19.0
650 34.0
321 80.0
495 39.0
282 6.0
626 95.0
161 99.0
789 62.0
90 20.0
425 52.0
199 76.0
894 54.0
548 30.0
135 80.0
258 92.0
938 94.0
477 33.0
525 48.0
405 85.0
223 24.0
32 97.0
895 40.0
496 90.0
90 19.0
69 93.0
20 25.0
777 10.0
530 76.0
297 29.0
550 35.0
964 98.0
896 4.0
367 59.0
139 40.0
341 72.0
788 3.0
803 27.0
626 63.0
8 51.0
325 72.0
755 38.0
739 51.0
219 10.0
426 47.0
395 40.0
784 11.0
464 34.0
897 33.0
997 33.0
271 42.0
911 64.0
526 18.0
777 62.0
207 54.0
452 64.0
898 73.0
741 36.0
306 8.0
500 48.0
698 45.0
963 11.0
342 5.0
368 12.0
363 82.0
403 7.0
899 64.0
826 11.0
883 29.0
221 46.0
227 56.0
700 57.0
28 82.0
622 9.0
347 68.0
699 98.0
178 85.0
812 11.0
900 75.0
223 18.0
765 30.0
812 66.0
142 86.0
517 16.0
999 25.0
562 14.0
874 5.0
815 8.0
792 53.0
791 16.0
232 41.0
453 75.0
32 13.0
901 45.0
214 54.0
273 27.0
694 22.0
498 28.0
835 62.0
773 3.0
2 20.0
244 31.0
625 100.0
698 58.0
129 63.0
902 79.0
660 54.0
539 100.0
744 30.0
637 57.0
564 99.0
749 59.0
753 41.0
856 86.0
346 6.0
869 76.0
821 62.0
358 87.0
152 1.0
862 99.0
903 14.0
315 76.0
730 11.0
576 25.0
613 63.0
397 75.0
342 52.0
894 32.0
933 56.0
706 94.0
900 47.0
784 14.0
615 63.0
53 100.0
238 8.0
502 86.0
381 69.0
910 62.0
904 65.0
824 62.0
429 11.0
842 55.0
837 97.0
574 86.0
162 65.0
622 26.0
860 59.0
121 23.0
866 7.0
905 33.0
145 35.0
266 79.0
431 62.0
670 99.0
341 8.0
240 24.0
966 65.0
201 4.0
278 67.0
523 23.0
294 45.0
639 35.0
329 37.0
906 21.0
334 84.0
264 67.0
673 84.0
58 12.0
8 57.0
428 84.0
220 31.0
992 12.0
934 76.0
908 93.0
571 75.0
50 82.0
907 53.0
735 22.0
284 31.0
77 14.0
286 43.0
618 38.0
985 99.0
297 53.0
816 82.0
292 79.0
690 71.0
273 26.0
449 74.0
908 48.0
950 34.0
345 67.0
405 4.0
64 49.0
909 4.0
48 86.0
835 86.0
526 85.0
696 14.0
790 21.0
823 88.0
766 81.0
910 34.0
297 88.0
176 66.0
588 77.0
863 71.0
628 6.0
841 15.0
604 75.0
350 18.0
167 9.0
344 15.0
904 22.0
900 61.0
384 28.0
772 28.0
969 30.0
569 62.0
911 22.0
394 50.0
361 82.0
854 24.0
641 62.0
79 95.0
184 50.0
5 53.0
401 99.0
528 13.0
996 33.0
15 88.0
84 97.0
849 75.0
714 97.0
864 33.0
52 17.0
256 36.0
912 43.0
280 26.0
628 100.0
647 58.0
640 56.0
144 59.0
2 71.0
826 82.0
650 43.0
94 70.0
714 14.0
418 20.0
706 64.0
913 71.0
502 25.0
153 94.0
407 13.0
434 8.0
92 74.0
960 46.0
871 17.0
416 10.0
872 28.0
914 90.0
400 2.0
327 81.0
807 96.0
731 55.0
666 65.0
905 12.0
117 6.0
342 94.0
831 19.0
227 13.0
498 91.0
324 30.0
950 82.0
915 10.0
69 32.0
410 95.0
776 100.0
448 43.0
751 88.0
679 1.0
587 96.0
597 33.0
916 32.0
694 12.0
230 17.0
205 81.0
630 49.0
469 89.0
306 36.0
699 4.0
812 89.0
867 23.0
50 65.0
297 40.0
361 40.0
990 29.0
168 82.0
993 1.0
917 60.0
173 14.0
987 59.0
200 57.0
509 76.0
578 57.0
167 85.0
521 19.0
40 57.0
380 66.0
738 69.0
640 64.0
59 51.0
918 69.0
531 50.0
354 49.0
324 68.0
29 36.0
828 35.0
848 59.0
9 81.0
588 54.0
229 87.0
653 98.0
422 7.0
919 49.0
474 14.0
789 10.0
58 77.0
940 8.0
745 79.0
60 39.0
206 54.0
696 90.0
920 92.0
955 67.0
112 48.0
927 50.0
756 87.0
408 11.0
502 47.0
805 45.0
162 13.0
6 31.0
952 59.0
887 57.0
921 17.0
429 92.0
18 30.0
705 26.0
987 79.0
126 41.0
972 39.0
58 45.0
275 5.0
871 60.0
406 98.0
387 56.0
922 1.0
514 24.0
896 6.0
15 41.0
228 64.0
728 93.0
923 30.0
301 12.0
248 51.0
780 54.0
833 95.0
364 22.0
404 50.0
44 66.0
601 17.0
510 16.0
924 37.0
930 99.0
917 50.0
986 89.0
58 46.0
726 27.0
446 20.0
536 99.0
866 70.0
619 41.0
132 58.0
925 77.0
689 9.0
334 43.0
581 53.0
336 59.0
770 49.0
238 34.0
2 84.0
507 62.0
138 63.0
601 92.0
740 71.0
105 70.0
926 27.0
800 93.0
770 53.0
490 26.0
906 83.0
929 69.0
991 86.0
524 100.0
208 37.0
663 60.0
337 18.0
689 70.0
894 19.0
246 59.0
927 46.0
81 65.0
960 88.0
403 10.0
206 72.0
529 45.0
320 18.0
84 56.0
79 84.0
928 53.0
814 76.0
138 27.0
935 25.0
929 69.0
382 24.0
663 49.0
387 22.0
422 80.0
13 7.0
93 25.0
930 80.0
3 53.0
125 4.0
961 6.0
618 21.0
931 64.0
268 62.0
908 32.0
726 79.0
632 29.0
473 59.0
541 82.0
932 21.0
949 14.0
424 100.0
814 12.0
592 71.0
703 40.0
605 21.0
397 19.0
103 10.0
30 40.0
520 58.0
175 74.0
131 36.0
702 46.0
448 27.0
933 2.0
919 69.0
847 22.0
753 35.0
799 27.0
598 43.0
365 42.0
937 58.0
738 13.0
782 47.0
694 82.0
606 39.0
156 24.0
608 81.0
614 24.0
934 58.0
171 32.0
285 86.0
121 7.0
556 76.0
735 82.0
111 85.0
931 37.0
984 49.0
234 2.0
675 27.0
478 16.0
755 39.0
158 36.0
935 78.0
953 35.0
605 43.0
695 27.0
464 1.0
994 57.0
473 86.0
663 4.0
221 7.0
377 62.0
893 4.0
30 78.0
995 60.0
729 40.0
353 40.0
403 96.0
827 78.0
543 10.0
262 100.0
936 22.0
797 26.0
248 77.0
160 29.0
545 32.0
354 16.0
614 81.0
495 36.0
937 10.0
750 42.0
907 19.0
241 83.0
369 34.0
118 88.0
207 63.0
223 20.0
333 27.0
846 86.0
236 90.0
938 100.0
383 39.0
493 24.0
476 59.0
588 24.0
178 26.0
183 94.0
288 47.0
982 9.0
733 86.0
939 53.0
966 48.0
354 56.0
279 92.0
960 70.0
289 20.0
104 95.0
903 86.0
210 77.0
121 84.0
800 91.0
940 8.0
700 88.0
909 46.0
659 4.0
412 41.0
45 61.0
804 42.0
941 15.0
713 37.0
811 31.0
776 69.0
340 93.0
75 44.0
10 21.0
45 76.0
351 15.0
80 37.0
284 5.0
312 3.0
215 37.0
275 31.0
942 53.0
857 37.0
228 38.0
391 31.0
961 74.0
330 50.0
30 41.0
545 82.0
867 42.0
949 39.0
943 51.0
458 61.0
615 27.0
148 35.0
284 2.0
138 58.0
983 91.0
21 58.0
685 43.0
469 76.0
145 57.0
944 54.0
547 24.0
286 69.0
201 9.0
115 38.0
341 80.0
183 47.0
355 12.0
955 60.0
945 88.0
443 97.0
86 72.0
143 33.0
311 35.0
162 54.0
401 58.0
217 89.0
978 58.0
488 7.0
946 83.0
801 46.0
371 2.0
412 52.0
929 20.0
792 99.0
359 13.0
525 84.0
947 31.0
643 61.0
689 46.0
159 3.0
628 30.0
4 79.0
140 91.0
153 73.0
135 97.0
926 24.0
391 96.0
948 30.0
985 4.0
104 18.0
200 19.0
853 62.0
114 11.0
591 70.0
176 2.0
990 6.0
74 26.0
949 62.0
115 66.0
328 39.0
492 97.0
662 43.0
605 17.0
996 53.0
798 27.0
282 23.0
195 64.0
950 89.0
907 20.0
347 35.0
754 28.0
889 55.0
127 81.0
162 12.0
939 61.0
921 77.0
920 46.0
982 70.0
933 24.0
837 98.0
367 16.0
951 85.0
524 70.0
229 93.0
982 10.0
32 28.0
765 19.0
945 51.0
167 37.0
769 95.0
629 98.0
323 46.0
845 41.0
859 78.0
172 35.0
574 100.0
952 43.0
247 61.0
295 28.0
963 6.0
109 59.0
743 11.0
4 99.0
591 54.0
322 15.0
970 59.0
276 62.0
340 90.0
953 47.0
582 52.0
561 15.0
172 16.0
161 95.0
243 91.0
53 14.0
766 16.0
511 94.0
135 18.0
954 14.0
244 20.0
270 57.0
656 18.0
263 23.0
22 92.0
698 69.0
308 70.0
955 92.0
776 87.0
210 35.0
144 50.0
266 55.0
235 85.0
390 86.0
4 91.0
41 67.0
602 12.0
716 61.0
956 63.0
349 89.0
768 78.0
79 16.0
215 64.0
329 34.0
225 50.0
275 95.0
470 14.0
74 79.0
717 35.0
759 96.0
343 81.0
957 9.0
248 88.0
794 12.0
292 8.0
749 61.0
624 44.0
675 46.0
859 45.0
269 7.0
904 49.0
958 3.0
212 11.0
913 38.0
807 73.0
958 54.0
167 11.0
525 66.0
846 79.0
78 61.0
139 37.0
303 36.0
440 59.0
208 7.0
703 20.0
959 55.0
586 9.0
656 80.0
597 53.0
687 3.0
984 55.0
40 22.0
44 2.0
816 86.0
740 70.0
141 43.0
590 67.0
960 66.0
565 69.0
519 54.0
696 78.0
605 95.0
817 70.0
362 38.0
91 81.0
309 7.0
925 62.0
608 70.0
958 73.0
72 70.0
100 40.0
944 65.0
893 75.0
252 41.0
353 100.0
961 61.0
412 26.0
533 35.0
711 60.0
781 36.0
226 56.0
328 66.0
67 85.0
79 19.0
159 34.0
266 89.0
611 66.0
962 96.0
196 22.0
298 66.0
103 76.0
539 11.0
543 81.0
617 76.0
43 30.0
416 11.0
556 56.0
611 5.0
963 23.0
801 30.0
984 4.0
824 25.0
651 99.0
964 16.0
327 79.0
90 35.0
126 62.0
785 98.0
832 37.0
119 95.0
362 77.0
254 48.0
958 18.0
560 95.0
349 49.0
884 22.0
902 3.0
968 28.0
355 15.0
490 26.0
965 33.0
197 64.0
232 29.0
121 98.0
639 80.0
938 91.0
506 4.0
48 23.0
585 90.0
558 91.0
901 5.0
880 53.0
324 60.0
966 81.0
794 77.0
692 98.0
891 50.0
289 27.0
431 46.0
492 42.0
299 86.0
6 87.0
967 57.0
531 65.0
922 63.0
141 51.0
717 30.0
700 37.0
439 50.0
232 88.0
343 14.0
145 74.0
281 45.0
593 91.0
993 98.0
950 99.0
968 48.0
711 41.0
612 56.0
373 21.0
833 55.0
226 73.0
811 9.0
93 66.0
51 21.0
74 46.0
969 47.0
974 4.0
480 84.0
778 100.0
849 37.0
495 57.0
577 100.0
517 24.0
796 28.0
205 67.0
692 37.0
970 52.0
158 76.0
436 34.0
380 15.0
847 90.0
42 66.0
160 88.0
594 15.0
267 74.0
668 91.0
630 74.0
971 97.0
131 35.0
973 58.0
815 5.0
83 24.0
797 39.0
243 1.0
167 90.0
720 97.0
242 80.0
712 72.0
382 14.0
680 89.0
905 99.0
921 100.0
972 29.0
752 79.0
764 97.0
65 84.0
984 21.0
438 53.0
548 82.0
409 91.0
973 31.0
350 34.0
285 18.0
603 63.0
67 73.0
928 81.0
818 96.0
987 10.0
218 76.0
974 89.0
216 44.0
79 21.0
629 93.0
657 40.0
760 69.0
314 88.0
564 54.0
975 11.0
387 83.0
92 2.0
119 94.0
601 38.0
968 22.0
612 10.0
976 32.0
657 52.0
669 92.0
410 64.0
382 75.0
573 70.0
10 24.0
288 33.0
464 66.0
516 63.0
648 8.0
473 29.0
977 19.0
228 49.0
120 91.0
32 69.0
493 40.0
655 20.0
284 41.0
950 82.0
513 61.0
978 68.0
612 81.0
734 28.0
766 79.0
722 15.0
141 4.0
497 74.0
565 92.0
833 79.0
16 80.0
227 76.0
107 4.0
269 57.0
128 81.0
498 7.0
979 100.0
810 78.0
957 64.0
913 39.0
631 58.0
493 5.0
40 30.0
658 36.0
671 29.0
646 76.0
980 19.0
152 99.0
66 70.0
769 41.0
15 57.0
685 9.0
95 63.0
683 70.0
496 71.0
922 26.0
574 94.0
981 67.0
347 77.0
469 76.0
972 54.0
982 25.0
675 7.0
126 16.0
963 69.0
245 62.0
822 9.0
288 50.0
827 34.0
919 74.0
995 20.0
193 26.0
983 77.0
346 2.0
533 57.0
715 84.0
504 18.0
341 3.0
984 23.0
931 35.0
496 2.0
369 1.0
258 55.0
965 100.0
291 85.0
929 64.0
94 40.0
601 69.0
583 73.0
343 72.0
134 98.0
985 60.0
156 38.0
632 86.0
924 10.0
50 38.0
6 1.0
99 52.0
986 94.0
386 94.0
475 44.0
671 46.0
177 81.0
21 50.0
806 21.0
419 20.0
890 3.0
156 7.0
987 65.0
699 2.0
250 34.0
940 12.0
798 15.0
924 64.0
958 25.0
203 62.0
117 5.0
635 89.0
441 66.0
135 27.0
988 14.0
143 31.0
838 5.0
266 42.0
743 40.0
599 85.0
708 35.0
103 97.0
371 4.0
621 96.0
667 60.0
558 58.0
559 50.0
989 61.0
402 14.0
895 65.0
546 35.0
540 71.0
745 99.0
950 31.0
629 3.0
33 58.0
14 29.0
904 42.0
872 39.0
86 71.0
683 29.0
990 80.0
92 19.0
300 23.0
163 19.0
906 61.0
792 96.0
678 38.0
45 63.0
6 70.0
396 36.0
612 38.0
748 86.0
821 70.0
941 46.0
89 11.0
334 44.0
384 95.0
674 68.0
972 47.0
951 66.0
982 91.0
5 3.0
991 15.0
235 15.0
518 25.0
425 49.0
871 19.0
104 29.0
178 21.0
992 77.0
885 28.0
747 85.0
242 68.0
366 76.0
602 89.0
169 46.0
652 51.0
957 72.0
173 51.0
196 21.0
207 74.0
680 40.0
29 92.0
924 35.0
993 48.0
81 50.0
188 87.0
629 8.0
575 73.0
371 90.0
508 82.0
994 52.0
642 83.0
269 39.0
501 52.0
927 52.0
217 98.0
588 32.0
166 71.0
170 46.0
676 98.0
477 78.0
876 47.0
126 30.0
172 63.0
757 49.0
437 86.0
995 15.0
152 64.0
927 41.0
407 9.0
149 90.0
511 39.0
677 88.0
495 13.0
183 29.0
707 87.0
239 97.0
371 97.0
649 56.0
304 78.0
996 26.0
429 61.0
967 9.0
7 95.0
908 85.0
835 74.0
2 50.0
460 90.0
960 58.0
938 8.0
772 96.0
997 61.0
680 22.0
250 10.0
150 27.0
732 3.0
854 35.0
351 77.0
798 32.0
840 41.0
998 50.0
929 27.0
771 8.0
525 50.0
69 79.0
419 30.0
192 39.0
31 8.0
14 82.0
639 50.0
588 87.0
999 10.0
361 20.0
721 82.0
132 17.0
962 53.0
685 48.0
681 83.0
1000 11.0
841 91.0
37 57.0
683 89.0
796 68.0
375 16.0
49 59.0
923 47.0
540 90.0
914 76.0
251 61.0
401 94.0
93 22.0
918 60.0
102 70.0
88 1.0
531 75.0
46 57.0
166
189
1 166
18 343 568 20 632 831 489 59 262 933 274 378 390 740 995 178 340 519 838
1 189
