1000 10989 0  0 12
12
12
9
12
15
10
11
14
14
7
8
14
13
10
11
16
15
9
10
11
15
12
11
12
11
14
11
8
17
7
12
9
10
8
9
13
10
15
13
10
9
16
6
12
14
9
15
15
19
12
12
17
10
7
23
10
14
16
9
9
11
14
14
13
17
13
11
12
9
18
13
12
15
8
12
15
8
5
7
16
6
5
10
10
13
12
11
12
12
7
10
7
22
8
10
9
10
7
6
9
15
8
11
13
9
7
8
8
12
11
9
10
4
11
11
11
9
10
8
11
9
6
10
17
13
9
6
12
12
7
3
9
9
14
11
13
14
9
11
12
9
12
9
9
10
10
11
8
13
11
18
14
8
14
16
8
14
8
10
11
11
10
11
8
12
13
15
10
10
8
10
12
11
19
11
12
16
12
12
8
8
16
11
6
11
10
13
16
10
17
8
13
14
17
13
9
11
8
15
8
7
14
10
9
8
14
8
9
10
14
12
11
9
6
11
17
14
17
12
7
8
8
10
17
11
12
8
12
4
10
13
12
9
7
9
10
11
17
10
7
13
19
8
11
11
10
17
9
13
14
9
13
16
10
10
13
12
7
11
7
9
9
12
14
10
14
10
17
13
13
8
6
8
16
8
12
12
10
21
10
6
13
11
11
4
6
19
13
13
9
10
11
7
13
13
10
11
13
11
11
6
14
11
11
9
11
15
9
12
12
6
6
13
11
15
11
12
17
13
6
7
14
7
14
10
14
9
6
12
17
10
10
10
7
10
7
10
19
9
13
10
13
11
12
6
10
18
8
8
14
7
13
6
10
9
6
7
14
8
13
6
9
8
11
6
16
11
12
11
11
10
10
16
7
12
10
10
14
13
8
9
14
13
8
9
10
16
11
10
12
9
13
7
11
10
12
8
12
9
13
11
9
9
16
8
11
10
7
13
9
10
7
11
13
8
8
8
6
11
9
9
9
11
10
14
8
9
14
11
10
10
13
8
7
10
12
6
8
9
10
11
11
15
14
16
9
11
13
14
7
9
10
13
14
11
11
9
14
15
13
14
10
11
7
11
11
15
15
13
13
14
13
11
7
9
13
10
11
12
12
16
15
13
8
10
12
13
13
8
15
10
5
16
9
9
13
12
12
9
9
3
13
14
9
13
14
10
12
13
14
8
6
15
4
10
8
7
9
9
20
5
13
11
9
10
5
12
15
14
8
9
11
9
5
10
6
11
15
6
11
9
7
14
12
11
12
12
13
18
12
16
10
11
8
8
11
10
11
11
12
16
7
7
13
8
16
10
8
10
10
10
10
12
11
12
11
10
9
13
17
13
9
13
4
11
10
17
10
10
9
8
6
9
9
14
8
9
12
11
14
20
15
9
11
11
13
10
15
14
8
15
10
18
9
15
11
9
16
10
9
16
16
13
12
14
8
10
10
7
12
10
4
9
11
10
8
11
10
7
15
10
16
10
9
20
16
11
14
9
12
9
13
10
10
10
8
8
13
15
9
16
7
12
10
8
10
10
9
11
11
13
9
12
10
12
8
9
10
14
16
10
16
2
7
12
11
10
9
9
17
9
10
12
10
15
9
10
14
16
11
9
11
4
15
16
12
10
10
16
11
13
13
10
13
7
13
10
7
8
12
11
13
6
14
10
9
4
11
7
11
6
12
3
12
9
10
13
8
12
14
16
9
12
11
15
9
17
11
12
14
22
13
6
17
18
9
8
12
10
15
8
10
10
19
17
7
13
10
14
6
13
11
8
11
8
11
10
5
9
13
10
11
16
13
9
9
10
17
17
12
11
17
9
14
12
7
10
12
11
10
15
11
10
13
7
9
11
7
14
12
11
13
12
14
9
11
11
17
11
8
8
11
5
8
10
8
8
7
9
12
17
17
11
10
15
6
10
11
11
6
7
11
9
8
13
10
6
13
16
8
10
13
7
6
12
10
11
15
14
7
12
10
15
12
6
14
14
13
13
12
12
7
14
8
10
10
13
7
9
13
9
13
8
15
8
4
17
12
12
11
6
10
13
11
13
8
14
11
11
9
14
14
10
7
17
8
13
11
11
8
13
16
8
11
14
10
19
12
11
9
7
6
16
10
10
13
13
9
12
14
10
6
14
16
5
5
9
11
6
7
5
16
9
9
16
13
10
17
8
15
5
13
15
8
14
18
15
17
8
10
12
9
10
8
11
10
15
8
12
10
7
11
18
7
9
12
7
16
15
11
9
13
15
11
10
12
13
7
11
11
12
12
7
6
13
9
9
13
10
8
2 23.0
802 6.0
655 27.0
217 79.0
816 24.0
723 54.0
996 99.0
710 57.0
158 9.0
298 52.0
946 4.0
381 71.0
3 42.0
762 77.0
364 41.0
845 34.0
287 68.0
537 89.0
654 79.0
575 54.0
532 79.0
552 22.0
175 27.0
981 65.0
4 16.0
955 36.0
74 72.0
536 95.0
656 1.0
373 50.0
190 83.0
622 20.0
444 12.0
5 73.0
270 61.0
758 78.0
174 63.0
765 67.0
898 53.0
474 21.0
350 91.0
485 90.0
30 74.0
859 20.0
28 56.0
6 84.0
652 65.0
932 27.0
400 23.0
538 59.0
449 55.0
265 81.0
302 93.0
674 64.0
58 3.0
159 85.0
630 91.0
289 17.0
794 35.0
99 85.0
7 17.0
932 85.0
855 64.0
914 81.0
785 18.0
986 51.0
358 71.0
822 13.0
884 69.0
393 63.0
8 8.0
165 28.0
569 59.0
129 86.0
331 23.0
847 39.0
703 50.0
893 23.0
900 31.0
509 20.0
152 78.0
9 47.0
135 71.0
388 59.0
807 87.0
363 48.0
788 3.0
318 100000.0
649 87.0
460 98.0
256 90.0
497 35.0
947 20.0
95 97.0
679 1.0
10 58.0
79 82.0
114 37.0
289 75.0
193 20.0
219 32.0
981 26.0
620 69.0
409 20.0
489 59.0
295 83.0
474 86.0
354 68.0
228 23.0
11 2.0
672 26.0
204 11.0
101 85.0
320 25.0
532 2.0
368 77.0
12 14.0
84 7.0
743 59.0
388 3.0
585 9.0
931 45.0
480 89.0
906 84.0
13 66.0
344 23.0
267 22.0
999 25.0
529 97.0
832 55.0
33 57.0
536 58.0
524 35.0
309 73.0
871 77.0
305 100.0
442 42.0
391 85.0
14 17.0
877 33.0
260 44.0
847 91.0
840 92.0
719 80.0
642 63.0
579 61.0
332 76.0
159 34.0
866 45.0
747 51.0
183 36.0
15 44.0
310 22.0
706 66.0
584 72.0
462 2.0
518 83.0
838 51.0
475 85.0
702 97.0
67 87.0
16 69.0
195 58.0
522 79.0
797 55.0
181 51.0
303 31.0
879 1.0
448 28.0
676 63.0
291 54.0
175 56.0
17 94.0
965 6.0
177 96.0
886 99.0
107 84.0
622 86.0
711 28.0
851 95.0
34 3.0
286 23.0
131 50.0
744 44.0
578 65.0
388 41.0
722 33.0
598 20.0
18 30.0
331 42.0
511 51.0
277 40.0
774 64.0
309 82.0
448 72.0
811 23.0
593 96.0
472 22.0
425 27.0
139 74.0
152 3.0
758 9.0
146 56.0
19 45.0
207 72.0
734 77.0
792 2.0
685 66.0
123 22.0
168 54.0
862 18.0
143 79.0
20 58.0
723 50.0
87 6.0
445 60.0
58 93.0
458 90.0
439 33.0
606 55.0
655 74.0
587 96.0
21 32.0
234 52.0
699 35.0
236 63.0
318 8.0
439 37.0
435 19.0
560 12.0
34 75.0
748 40.0
314 10.0
22 74.0
949 68.0
381 97.0
97 43.0
823 69.0
887 40.0
613 55.0
323 37.0
916 72.0
368 64.0
785 61.0
100 57.0
279 38.0
501 7.0
474 45.0
23 21.0
705 83.0
159 99.0
573 24.0
544 70.0
993 99.0
520 83.0
223 27.0
392 41.0
987 66.0
847 15.0
5 73.0
24 64.0
370 57.0
643 41.0
386 52.0
214 92.0
88 91.0
112 71.0
510 43.0
354 19.0
490 46.0
14 34.0
25 38.0
112 10.0
6 57.0
742 71.0
46 42.0
825 97.0
787 1.0
92 60.0
567 20.0
389 64.0
40 40.0
906 45.0
26 25.0
99 72.0
144 24.0
186 38.0
605 98.0
921 59.0
513 59.0
463 28.0
72 67.0
477 35.0
135 67.0
27 77.0
321 78.0
709 25.0
290 60.0
531 11.0
681 76.0
565 74.0
113 8.0
859 19.0
491 28.0
588 66.0
419 35.0
46 15.0
407 67.0
28 87.0
788 32.0
814 82.0
870 44.0
384 53.0
311 11.0
303 67.0
919 71.0
827 94.0
776 17.0
14 63.0
29 59.0
51 80.0
812 99.0
348 57.0
939 38.0
831 3.0
887 26.0
729 75.0
30 13.0
130 50.0
504 2.0
646 38.0
739 30.0
306 14.0
857 41.0
422 55.0
754 49.0
961 89.0
117 92.0
859 44.0
511 27.0
845 90.0
535 11.0
591 80.0
408 97.0
31 51.0
618 44.0
37 99.0
373 84.0
622 78.0
471 53.0
945 23.0
32 87.0
389 14.0
248 55.0
966 40.0
711 60.0
902 74.0
235 55.0
132 36.0
622 55.0
222 10.0
721 84.0
772 86.0
33 5.0
828 14.0
743 21.0
522 96.0
180 30.0
941 47.0
47 23.0
581 52.0
588 71.0
34 91.0
290 69.0
931 5.0
658 18.0
262 55.0
306 82.0
606 56.0
881 20.0
599 39.0
106 47.0
35 90.0
999 7.0
442 7.0
760 83.0
20 89.0
568 20.0
692 85.0
949 52.0
36 29.0
174 15.0
58 41.0
567 27.0
308 58.0
934 69.0
416 66.0
282 48.0
644 89.0
37 99.0
218 90.0
785 16.0
385 94.0
317 83.0
300 21.0
487 97.0
200 94.0
187 76.0
958 86.0
521 63.0
400 74.0
996 60.0
38 63.0
933 96.0
6 94.0
868 45.0
746 58.0
682 5.0
701 67.0
149 26.0
922 49.0
339 23.0
39 72.0
293 14.0
144 59.0
745 21.0
633 80.0
444 43.0
475 6.0
800 15.0
104 67.0
42 67.0
317 92.0
656 42.0
628 41.0
425 96.0
431 40.0
40 47.0
888 40.0
409 50.0
173 39.0
34 8.0
201 25.0
13 50.0
138 18.0
672 1.0
401 9.0
901 27.0
452 91.0
774 46.0
41 94.0
559 7.0
433 11.0
640 28.0
907 48.0
518 19.0
850 59.0
53 10.0
719 5.0
323 57.0
42 6.0
28 7.0
752 71.0
50 48.0
154 4.0
19 99.0
136 90.0
296 50.0
370 87.0
43 93.0
838 86.0
376 83.0
655 51.0
148 46.0
748 20.0
979 59.0
433 3.0
438 8.0
794 99.0
244 26.0
795 73.0
88 79.0
994 97.0
623 65.0
499 56.0
44 93.0
9 11.0
496 3.0
348 58.0
710 86.0
900 66.0
45 22.0
612 60.0
220 85.0
231 48.0
854 78.0
168 47.0
137 2.0
296 78.0
297 99.0
948 49.0
953 95.0
235 61.0
46 48.0
200 4.0
684 4.0
727 41.0
589 18.0
155 35.0
6 26.0
492 35.0
536 64.0
388 88.0
50 52.0
70 77.0
595 2.0
922 4.0
47 44.0
162 5.0
854 20.0
441 17.0
748 40.0
83 85.0
777 14.0
62 75.0
551 97.0
48 37.0
407 85.0
301 82.0
803 64.0
289 87.0
746 32.0
618 58.0
714 32.0
566 50.0
144 33.0
169 64.0
907 81.0
506 45.0
717 91.0
643 24.0
49 35.0
693 51.0
366 42.0
429 84.0
419 50.0
74 39.0
984 99.0
51 4.0
243 86.0
639 75.0
338 16.0
213 98.0
724 52.0
709 10.0
928 83.0
50 10.0
239 62.0
720 54.0
789 73.0
917 47.0
941 28.0
445 13.0
589 43.0
122 48.0
777 39.0
642 49.0
738 90.0
977 96.0
836 76.0
287 88.0
872 41.0
282 66.0
69 52.0
438 95.0
51 92.0
4 79.0
379 25.0
408 76.0
648 4.0
393 21.0
554 30.0
296 54.0
10 96.0
566 98.0
735 55.0
585 85.0
52 80.0
228 53.0
723 11.0
27 40.0
288 77.0
141 77.0
602 41.0
193 32.0
414 95.0
675 37.0
804 27.0
445 70.0
53 59.0
525 67.0
98 86.0
86 25.0
903 40.0
66 77.0
218 96.0
200 16.0
740 13.0
562 65.0
30 41.0
534 89.0
342 44.0
257 71.0
456 81.0
423 95.0
654 47.0
54 98.0
539 21.0
106 69.0
350 54.0
696 45.0
821 58.0
221 1.0
767 82.0
176 87.0
321 77.0
55 40.0
99 33.0
440 65.0
287 90.0
811 12.0
95 18.0
868 57.0
56 52.0
993 99.0
90 87.0
571 64.0
703 96.0
280 35.0
927 18.0
883 65.0
169 28.0
913 50.0
260 48.0
110 85.0
322 16.0
860 27.0
908 54.0
270 61.0
71 72.0
867 52.0
302 5.0
103 61.0
332 93.0
494 84.0
452 54.0
57 85.0
60 21.0
674 21.0
866 22.0
308 86.0
519 30.0
624 48.0
331 24.0
409 6.0
336 41.0
58 37.0
878 87.0
669 46.0
34 17.0
933 5.0
422 82.0
317 96.0
906 24.0
509 58.0
448 67.0
624 79.0
302 76.0
679 34.0
571 7.0
59 38.0
135 13.0
402 26.0
519 67.0
929 69.0
655 24.0
256 2.0
547 69.0
48 35.0
645 82.0
673 42.0
98 62.0
369 41.0
513 61.0
449 65.0
960 52.0
60 74.0
315 4.0
859 90.0
411 7.0
521 6.0
956 59.0
778 8.0
16 42.0
246 82.0
61 45.0
904 81.0
120 78.0
458 66.0
731 40.0
134 44.0
668 83.0
803 46.0
452 90.0
62 96.0
723 66.0
442 34.0
350 62.0
679 90.0
950 63.0
97 45.0
864 36.0
958 14.0
286 66.0
639 14.0
63 58.0
316 7.0
968 42.0
175 2.0
132 24.0
48 16.0
664 36.0
446 84.0
815 8.0
168 8.0
950 84.0
716 22.0
200 32.0
564 48.0
64 1.0
858 5.0
721 43.0
148 98.0
986 2.0
503 15.0
499 77.0
250 25.0
658 3.0
657 25.0
1000 77.0
621 43.0
315 96.0
302 59.0
65 41.0
213 97.0
962 14.0
798 67.0
808 69.0
914 53.0
830 84.0
200 67.0
714 27.0
245 48.0
10 66.0
553 77.0
440 26.0
66 30.0
195 22.0
159 53.0
642 83.0
882 28.0
866 43.0
21 66.0
338 62.0
716 11.0
584 54.0
486 67.0
405 73.0
125 6.0
219 96.0
543 40.0
194 30.0
705 87.0
67 58.0
262 24.0
781 75.0
807 10.0
908 84.0
672 50.0
163 8.0
899 31.0
964 64.0
766 6.0
542 49.0
596 9.0
199 89.0
68 6.0
386 56.0
325 51.0
814 61.0
210 60.0
593 64.0
259 2.0
490 52.0
156 60.0
471 90.0
3 9.0
69 78.0
987 37.0
460 30.0
6 27.0
599 94.0
901 46.0
223 52.0
508 3.0
877 3.0
25 55.0
611 12.0
832 34.0
70 87.0
557 41.0
828 25.0
966 89.0
780 22.0
521 74.0
74 50.0
867 33.0
353 6.0
71 43.0
48 65.0
806 14.0
42 47.0
353 88.0
122 72.0
28 28.0
510 19.0
410 79.0
298 71.0
414 19.0
845 19.0
283 91.0
209 85.0
509 92.0
25 54.0
546 67.0
214 60.0
72 18.0
887 10.0
364 23.0
926 20.0
63 72.0
106 90.0
462 88.0
328 47.0
479 40.0
400 5.0
523 47.0
807 30.0
110 51.0
73 30.0
119 95.0
565 11.0
66 36.0
247 70.0
464 60.0
50 21.0
612 98.0
84 17.0
210 74.0
864 31.0
856 78.0
74 20.0
815 22.0
883 100.0
130 70.0
135 6.0
947 59.0
645 95.0
306 7.0
901 87.0
658 61.0
975 68.0
805 49.0
679 11.0
589 21.0
555 91.0
75 45.0
85 52.0
923 22.0
509 58.0
442 95.0
489 28.0
506 17.0
147 16.0
76 28.0
412 67.0
821 26.0
365 34.0
889 56.0
44 21.0
583 52.0
593 71.0
292 57.0
198 21.0
694 89.0
284 71.0
77 95.0
496 35.0
38 93.0
352 39.0
934 96.0
603 41.0
211 39.0
216 22.0
382 63.0
431 31.0
251 57.0
790 88.0
797 44.0
971 93.0
695 14.0
78 30.0
15 63.0
17 62.0
712 47.0
302 76.0
53 77.0
35 29.0
678 42.0
79 4.0
53 66.0
610 25.0
429 39.0
702 69.0
80 46.0
611 90.0
48 53.0
885 59.0
994 15.0
330 60.0
336 1.0
81 78.0
826 23.0
1 67.0
744 7.0
74 76.0
545 73.0
313 17.0
418 13.0
4 60.0
789 91.0
582 88.0
935 79.0
941 12.0
714 95.0
40 68.0
272 54.0
82 66.0
821 1.0
578 4.0
284 39.0
83 98.0
972 51.0
83 28.0
991 77.0
323 10.0
674 21.0
171 20.0
84 64.0
606 40.0
806 16.0
201 47.0
776 87.0
598 72.0
32 98.0
682 27.0
287 15.0
222 66.0
85 91.0
682 14.0
739 90.0
409 35.0
240 81.0
789 54.0
538 7.0
360 34.0
167 37.0
737 6.0
86 52.0
781 69.0
785 96.0
205 9.0
394 61.0
548 42.0
166 26.0
169 93.0
271 31.0
931 40.0
345 71.0
949 50.0
509 7.0
87 29.0
533 98.0
202 79.0
29 71.0
463 95.0
604 69.0
16 47.0
539 71.0
649 93.0
104 45.0
609 56.0
10 34.0
88 86.0
802 10.0
213 50.0
169 50.0
438 57.0
36 6.0
583 53.0
751 69.0
853 54.0
429 84.0
796 19.0
89 25.0
246 27.0
682 85.0
256 35.0
722 82.0
980 6.0
375 79.0
372 63.0
357 100.0
302 3.0
606 48.0
91 1.0
90 12.0
815 41.0
822 62.0
768 3.0
425 55.0
462 92.0
482 65.0
619 76.0
748 23.0
143 66.0
999 66.0
155 1.0
91 82.0
618 49.0
701 17.0
363 75.0
468 40.0
4 21.0
976 16.0
92 21.0
719 25.0
674 97.0
105 63.0
935 77.0
409 59.0
408 22.0
840 82.0
433 91.0
7 62.0
93 33.0
173 85.0
951 18.0
559 25.0
600 62.0
356 68.0
538 10.0
94 93.0
285 58.0
275 30.0
330 40.0
316 24.0
517 46.0
817 77.0
231 97.0
946 68.0
375 7.0
266 90.0
927 46.0
304 86.0
263 63.0
396 44.0
110 48.0
750 47.0
468 54.0
462 8.0
451 77.0
996 44.0
283 72.0
95 77.0
466 94.0
423 27.0
902 47.0
389 49.0
540 58.0
216 60.0
964 27.0
96 64.0
845 99.0
893 55.0
974 86.0
80 55.0
521 4.0
380 67.0
827 41.0
762 3.0
50 18.0
97 76.0
514 29.0
654 53.0
888 21.0
818 43.0
718 68.0
790 8.0
455 61.0
240 42.0
98 4.0
4 59.0
109 3.0
227 57.0
551 93.0
582 49.0
408 7.0
153 49.0
688 41.0
299 62.0
99 17.0
671 80.0
331 66.0
727 64.0
742 26.0
914 70.0
770 41.0
100 48.0
491 48.0
406 92.0
468 80.0
898 71.0
998 12.0
101 56.0
468 43.0
470 70.0
350 63.0
734 72.0
696 58.0
754 27.0
246 9.0
275 8.0
102 74.0
400 35.0
161 75.0
789 6.0
272 22.0
966 84.0
957 39.0
905 68.0
670 67.0
953 24.0
706 51.0
742 49.0
434 20.0
781 70.0
792 20.0
103 33.0
701 40.0
37 98.0
520 90.0
635 1.0
115 1.0
490 98.0
882 74.0
104 28.0
59 14.0
227 62.0
838 91.0
301 7.0
429 49.0
948 50.0
813 91.0
293 4.0
794 15.0
731 12.0
105 66.0
376 27.0
375 45.0
160 68.0
813 98.0
231 53.0
99 75.0
37 39.0
459 16.0
710 62.0
943 65.0
43 57.0
382 30.0
106 41.0
941 6.0
892 52.0
146 98.0
507 57.0
567 55.0
890 95.0
452 53.0
716 69.0
107 69.0
16 78.0
112 28.0
988 6.0
803 50.0
941 99.0
765 57.0
108 94.0
942 29.0
626 10.0
8 100000.0
270 14.0
266 18.0
524 50.0
941 28.0
109 40.0
427 12.0
74 74.0
33 6.0
168 12.0
293 44.0
961 91.0
77 14.0
110 96.0
180 44.0
675 80.0
802 49.0
131 58.0
680 90.0
854 58.0
504 64.0
875 6.0
312 22.0
913 64.0
98 42.0
111 44.0
213 22.0
218 36.0
685 15.0
938 8.0
503 51.0
311 14.0
647 15.0
7 48.0
633 91.0
273 5.0
112 76.0
228 68.0
767 94.0
467 8.0
140 72.0
202 5.0
265 39.0
115 96.0
22 7.0
113 34.0
1 82.0
800 60.0
726 11.0
782 61.0
958 64.0
156 94.0
561 100.0
246 18.0
610 15.0
114 6.0
509 67.0
610 99.0
458 16.0
115 72.0
807 64.0
813 13.0
760 94.0
821 16.0
189 8.0
151 66.0
895 18.0
977 69.0
638 40.0
167 63.0
116 82.0
736 24.0
823 70.0
634 67.0
68 71.0
524 53.0
302 39.0
972 27.0
681 84.0
993 61.0
539 81.0
117 39.0
273 27.0
503 15.0
130 47.0
275 94.0
459 100.0
898 73.0
499 4.0
35 72.0
18 74.0
857 30.0
118 95.0
151 61.0
109 42.0
675 43.0
315 62.0
184 54.0
165 81.0
261 97.0
430 60.0
119 30.0
767 39.0
412 10.0
223 36.0
408 8.0
163 68.0
851 34.0
800 48.0
754 9.0
142 80.0
120 20.0
744 50.0
113 23.0
272 94.0
187 93.0
393 91.0
985 3.0
870 38.0
121 2.0
128 67.0
588 23.0
980 98.0
945 82.0
207 6.0
217 28.0
594 26.0
665 18.0
180 48.0
47 29.0
122 86.0
937 45.0
876 50.0
915 6.0
816 46.0
457 6.0
551 76.0
624 52.0
53 64.0
123 91.0
101 96.0
996 65.0
489 7.0
637 23.0
713 67.0
124 46.0
575 93.0
494 56.0
233 66.0
165 1.0
860 12.0
394 38.0
366 34.0
598 96.0
955 44.0
125 83.0
821 88.0
18 55.0
515 31.0
579 90.0
931 16.0
722 12.0
372 69.0
461 73.0
786 4.0
105 75.0
691 77.0
422 53.0
784 35.0
848 51.0
955 69.0
605 22.0
126 29.0
809 82.0
728 97.0
542 60.0
409 28.0
791 48.0
97 28.0
162 8.0
358 43.0
927 95.0
218 69.0
117 48.0
935 1.0
127 34.0
709 7.0
69 63.0
755 88.0
900 77.0
269 76.0
361 89.0
226 58.0
405 78.0
128 19.0
918 19.0
317 52.0
731 36.0
403 17.0
635 10.0
129 76.0
322 97.0
25 73.0
750 41.0
132 59.0
370 39.0
576 95.0
374 49.0
985 78.0
69 48.0
884 22.0
582 12.0
130 79.0
768 40.0
243 30.0
890 39.0
391 4.0
797 54.0
499 96.0
161 80.0
964 51.0
563 26.0
739 69.0
635 84.0
131 74.0
179 48.0
521 49.0
940 93.0
470 31.0
609 64.0
134 15.0
132 21.0
894 18.0
151 64.0
133 64.0
285 34.0
28 79.0
457 99.0
164 63.0
672 32.0
156 53.0
305 95.0
304 74.0
134 38.0
803 40.0
405 24.0
945 26.0
655 98.0
697 93.0
916 43.0
282 44.0
738 90.0
135 55.0
434 100.0
23 47.0
278 31.0
374 100.0
317 15.0
914 98.0
13 16.0
188 62.0
484 40.0
844 28.0
299 10.0
964 61.0
913 49.0
136 74.0
45 43.0
764 7.0
179 62.0
557 17.0
6 26.0
775 99.0
248 28.0
765 66.0
717 83.0
805 21.0
137 29.0
14 23.0
780 82.0
911 32.0
138 79.0
431 73.0
142 73.0
663 9.0
560 32.0
505 34.0
586 4.0
129 79.0
774 67.0
138 93.0
591 56.0
785 80.0
453 4.0
861 36.0
445 73.0
423 28.0
210 85.0
994 78.0
651 74.0
211 21.0
277 40.0
264 64.0
28 67.0
139 61.0
513 88.0
815 20.0
472 36.0
526 43.0
563 24.0
18 20.0
390 85.0
438 2.0
140 13.0
589 14.0
887 20.0
167 10.0
210 99.0
851 11.0
708 69.0
42 67.0
761 28.0
174 35.0
560 34.0
141 45.0
441 37.0
801 92.0
397 99.0
913 67.0
673 4.0
20 78.0
514 5.0
793 76.0
734 72.0
842 10.0
276 36.0
142 10.0
581 86.0
549 86.0
46 8.0
83 5.0
790 26.0
966 94.0
695 61.0
954 8.0
143 5.0
71 30.0
17 99.0
284 100.0
241 65.0
433 29.0
853 44.0
171 87.0
438 50.0
245 95.0
363 53.0
398 53.0
144 34.0
89 2.0
911 43.0
529 21.0
186 51.0
375 31.0
948 37.0
441 77.0
754 56.0
145 50.0
820 25.0
795 96.0
971 95.0
268 12.0
777 9.0
252 60.0
952 78.0
231 28.0
146 96.0
711 5.0
918 47.0
638 14.0
3 71.0
647 67.0
795 53.0
453 86.0
861 76.0
917 60.0
147 46.0
790 75.0
905 28.0
620 45.0
948 12.0
296 10.0
213 27.0
657 40.0
696 94.0
491 82.0
148 67.0
118 78.0
826 63.0
242 7.0
132 84.0
691 68.0
571 48.0
569 21.0
936 6.0
167 83.0
104 47.0
149 50.0
629 71.0
926 3.0
421 61.0
963 13.0
633 19.0
258 40.0
390 23.0
150 3.0
786 35.0
908 100.0
646 94.0
844 81.0
664 54.0
491 51.0
505 45.0
711 6.0
37 94.0
707 52.0
279 48.0
463 35.0
151 99.0
112 2.0
635 67.0
401 5.0
671 42.0
505 17.0
822 67.0
987 44.0
345 89.0
972 78.0
231 82.0
152 1.0
765 43.0
870 59.0
240 19.0
667 26.0
131 2.0
795 89.0
915 79.0
670 1.0
437 17.0
618 37.0
36 71.0
319 7.0
5 91.0
787 27.0
985 32.0
370 77.0
880 34.0
153 13.0
182 49.0
109 69.0
917 80.0
893 4.0
552 26.0
125 35.0
889 34.0
132 76.0
241 56.0
935 41.0
993 49.0
985 8.0
601 68.0
154 97.0
320 22.0
665 7.0
890 86.0
893 82.0
692 74.0
138 17.0
847 85.0
155 48.0
989 8.0
986 59.0
961 65.0
847 94.0
686 100.0
709 59.0
166 69.0
754 9.0
48 17.0
821 10.0
230 50.0
783 64.0
505 43.0
156 49.0
943 66.0
393 80.0
84 95.0
685 8.0
38 41.0
955 50.0
906 92.0
402 49.0
217 39.0
941 71.0
107 100000.0
136 41.0
612 42.0
166 57.0
815 55.0
157 7.0
992 42.0
592 19.0
108 62.0
677 67.0
951 65.0
186 34.0
262 84.0
158 59.0
996 17.0
892 99.0
36 67.0
527 61.0
760 22.0
835 63.0
452 38.0
550 70.0
981 83.0
596 54.0
545 30.0
22 68.0
316 19.0
159 68.0
77 58.0
446 44.0
950 98.0
88 49.0
812 65.0
880 42.0
686 27.0
160 18.0
208 15.0
598 95.0
982 25.0
771 24.0
302 30.0
790 24.0
930 75.0
255 63.0
409 22.0
161 72.0
148 38.0
572 72.0
176 28.0
443 74.0
441 8.0
874 82.0
125 35.0
10 9.0
521 75.0
646 66.0
162 17.0
909 18.0
253 46.0
565 35.0
863 2.0
269 99.0
673 47.0
771 7.0
960 9.0
364 31.0
722 44.0
163 92.0
854 59.0
147 86.0
460 3.0
624 67.0
889 42.0
573 99.0
396 91.0
719 52.0
732 56.0
164 34.0
436 51.0
411 59.0
144 91.0
179 44.0
716 86.0
959 61.0
302 85.0
768 92.0
13 32.0
1000 21.0
165 63.0
50 3.0
896 97.0
988 74.0
110 37.0
8 71.0
578 91.0
802 36.0
166 32.0
447 20.0
545 24.0
625 60.0
761 88.0
624 67.0
232 37.0
832 60.0
983 100.0
46 60.0
148 85.0
678 89.0
167 85.0
502 56.0
896 46.0
748 33.0
921 99.0
162 7.0
612 63.0
730 35.0
419 68.0
870 71.0
119 42.0
653 16.0
744 81.0
168 32.0
244 73.0
443 31.0
813 95.0
393 32.0
47 66.0
390 60.0
202 75.0
858 11.0
211 5.0
175 1.0
260 40.0
869 77.0
991 18.0
489 46.0
169 23.0
312 36.0
928 91.0
555 3.0
993 80.0
975 63.0
746 74.0
896 26.0
497 70.0
708 47.0
170 41.0
846 15.0
682 74.0
439 28.0
787 12.0
513 84.0
282 78.0
250 13.0
252 64.0
885 78.0
171 37.0
481 41.0
532 91.0
711 82.0
57 57.0
912 55.0
559 55.0
588 37.0
172 86.0
649 84.0
963 82.0
829 1.0
79 74.0
756 92.0
889 66.0
430 79.0
408 62.0
374 72.0
173 8.0
699 20.0
861 83.0
443 81.0
866 18.0
471 28.0
811 36.0
555 48.0
80 33.0
842 26.0
949 33.0
638 40.0
174 80.0
227 6.0
317 76.0
413 62.0
573 18.0
256 8.0
172 92.0
180 86.0
601 87.0
950 2.0
687 69.0
175 71.0
504 73.0
382 10.0
549 4.0
680 56.0
951 62.0
536 80.0
9 90.0
288 28.0
591 4.0
344 87.0
659 28.0
68 93.0
385 32.0
721 10.0
448 27.0
81 14.0
207 88.0
177 5.0
176 57.0
850 45.0
318 59.0
644 56.0
336 56.0
658 23.0
905 21.0
351 9.0
462 13.0
587 46.0
364 93.0
177 48.0
627 36.0
204 85.0
43 1.0
226 84.0
950 26.0
384 71.0
432 16.0
493 58.0
677 64.0
885 28.0
272 73.0
178 26.0
366 2.0
5 24.0
907 29.0
362 42.0
807 76.0
616 80.0
195 87.0
398 50.0
179 19.0
734 93.0
469 74.0
308 6.0
456 67.0
700 70.0
211 19.0
179 22.0
371 44.0
42 95.0
220 5.0
493 90.0
906 85.0
900 63.0
650 26.0
562 78.0
191 98.0
943 89.0
915 9.0
180 39.0
487 20.0
942 36.0
152 27.0
155 1.0
514 70.0
28 66.0
793 52.0
997 66.0
492 71.0
109 79.0
502 49.0
181 25.0
171 66.0
164 49.0
2 42.0
515 47.0
43 72.0
782 74.0
499 29.0
182 89.0
333 92.0
137 91.0
86 52.0
245 2.0
165 62.0
566 55.0
430 55.0
183 80.0
812 39.0
842 53.0
173 9.0
565 60.0
413 5.0
405 62.0
478 47.0
563 9.0
863 24.0
170 32.0
810 99.0
770 88.0
660 69.0
658 68.0
715 82.0
184 71.0
799 52.0
550 55.0
226 17.0
51 34.0
556 10.0
825 17.0
964 43.0
689 93.0
318 18.0
763 77.0
185 23.0
183 23.0
385 75.0
806 12.0
907 46.0
529 87.0
186 54.0
675 86.0
642 4.0
908 12.0
246 94.0
422 37.0
453 16.0
996 55.0
197 72.0
838 8.0
457 57.0
187 4.0
177 82.0
380 62.0
846 94.0
433 13.0
632 33.0
133 91.0
653 36.0
624 49.0
793 36.0
188 71.0
343 24.0
78 25.0
439 41.0
738 95.0
969 77.0
241 57.0
399 91.0
365 83.0
140 8.0
483 8.0
517 92.0
650 18.0
189 5.0
208 40.0
885 39.0
953 94.0
511 8.0
328 29.0
29 82.0
889 20.0
818 51.0
335 51.0
224 97.0
693 92.0
546 39.0
641 13.0
259 49.0
758 75.0
190 91.0
341 60.0
598 59.0
502 88.0
618 63.0
421 8.0
830 28.0
386 61.0
896 37.0
829 19.0
191 69.0
691 87.0
295 21.0
349 81.0
315 45.0
414 14.0
429 13.0
569 59.0
30 41.0
458 59.0
438 14.0
432 4.0
356 75.0
343 24.0
721 28.0
365 84.0
424 25.0
192 18.0
278 97.0
444 78.0
347 67.0
846 40.0
176 37.0
363 55.0
828 39.0
193 38.0
598 39.0
157 30.0
167 92.0
648 59.0
99 45.0
709 79.0
262 47.0
229 7.0
348 77.0
822 51.0
935 87.0
234 46.0
194 16.0
493 41.0
736 70.0
200 92.0
505 45.0
821 98.0
72 36.0
678 38.0
453 64.0
805 41.0
986 8.0
636 4.0
691 1.0
587 72.0
195 3.0
163 45.0
925 80.0
714 23.0
436 92.0
155 72.0
599 18.0
602 69.0
330 73.0
728 89.0
482 68.0
193 84.0
253 100.0
40 99.0
127 45.0
388 17.0
429 52.0
196 39.0
635 5.0
733 44.0
898 16.0
807 42.0
108 79.0
63 74.0
43 21.0
17 99.0
790 80.0
142 87.0
957 81.0
669 1.0
197 57.0
671 88.0
715 17.0
80 73.0
856 22.0
780 32.0
718 59.0
156 62.0
731 74.0
198 71.0
997 76.0
945 40.0
4 39.0
663 60.0
356 94.0
468 34.0
851 55.0
477 22.0
647 44.0
291 90.0
199 50.0
716 49.0
672 81.0
948 26.0
721 54.0
518 64.0
12 32.0
27 84.0
200 17.0
761 24.0
24 67.0
867 24.0
44 83.0
484 9.0
946 19.0
384 14.0
375 44.0
582 57.0
268 28.0
315 31.0
249 21.0
608 99.0
358 70.0
201 12.0
183 53.0
256 14.0
875 70.0
211 83.0
543 87.0
212 46.0
893 49.0
202 81.0
477 73.0
771 37.0
585 100.0
247 59.0
603 34.0
396 38.0
203 34.0
284 73.0
293 26.0
671 70.0
29 79.0
224 29.0
920 61.0
229 18.0
369 44.0
905 1.0
805 45.0
494 55.0
214 7.0
30 30.0
204 8.0
880 10.0
567 40.0
397 98.0
975 39.0
970 3.0
772 33.0
602 84.0
954 39.0
585 96.0
205 24.0
999 42.0
145 35.0
396 22.0
625 33.0
265 97.0
909 83.0
375 8.0
260 48.0
206 1.0
458 29.0
996 74.0
976 87.0
149 5.0
865 17.0
979 46.0
452 49.0
207 11.0
780 61.0
404 5.0
52 90.0
556 56.0
745 82.0
885 47.0
518 67.0
391 86.0
892 75.0
861 5.0
433 70.0
196 13.0
874 74.0
208 86.0
255 13.0
761 63.0
800 32.0
72 3.0
586 40.0
645 71.0
438 6.0
209 28.0
308 98.0
719 14.0
98 55.0
339 66.0
914 49.0
56 47.0
336 82.0
223 26.0
210 80.0
143 85.0
6 82.0
774 89.0
439 91.0
803 84.0
101 9.0
667 52.0
175 44.0
690 19.0
211 39.0
413 34.0
565 99.0
241 23.0
740 62.0
951 28.0
68 44.0
346 82.0
884 61.0
761 27.0
353 9.0
461 10.0
601 32.0
874 77.0
212 34.0
51 79.0
495 22.0
903 71.0
788 27.0
913 90.0
155 6.0
383 93.0
466 6.0
964 98.0
19 55.0
103 43.0
213 52.0
839 63.0
973 51.0
954 96.0
716 99.0
257 2.0
530 54.0
319 87.0
549 83.0
795 83.0
56 7.0
214 30.0
143 34.0
908 94.0
707 14.0
416 48.0
246 13.0
892 2.0
833 96.0
901 4.0
215 69.0
343 30.0
110 61.0
756 53.0
833 79.0
81 34.0
216 25.0
110 64.0
106 71.0
512 22.0
265 15.0
716 10.0
227 81.0
435 90.0
417 49.0
379 71.0
877 28.0
217 14.0
792 93.0
666 72.0
43 11.0
960 80.0
209 75.0
661 56.0
545 58.0
382 20.0
831 13.0
823 14.0
401 91.0
206 43.0
910 49.0
503 5.0
942 26.0
521 63.0
218 79.0
493 11.0
459 96.0
923 34.0
743 80.0
756 36.0
762 74.0
116 85.0
77 59.0
342 100.0
246 9.0
717 77.0
3 79.0
702 28.0
219 80.0
334 30.0
826 49.0
407 53.0
409 11.0
771 14.0
880 37.0
17 96.0
609 41.0
388 73.0
358 14.0
294 93.0
749 54.0
629 2.0
919 67.0
51 73.0
889 8.0
220 3.0
157 85.0
824 16.0
664 60.0
447 65.0
966 39.0
671 37.0
687 98.0
60 87.0
274 2.0
746 32.0
150 93.0
221 66.0
153 3.0
634 71.0
682 33.0
230 88.0
729 88.0
565 40.0
222 10.0
593 63.0
475 59.0
303 34.0
185 55.0
710 62.0
5 70.0
917 85.0
223 79.0
47 68.0
751 12.0
421 14.0
592 80.0
44 39.0
181 38.0
569 85.0
224 14.0
578 46.0
523 95.0
702 25.0
484 53.0
242 59.0
453 86.0
764 67.0
963 75.0
662 14.0
225 57.0
238 27.0
984 7.0
521 73.0
508 25.0
886 18.0
401 53.0
189 19.0
110 22.0
932 8.0
853 7.0
366 99.0
247 54.0
1000 51.0
469 25.0
672 38.0
141 80.0
226 13.0
708 62.0
840 30.0
264 8.0
726 71.0
219 57.0
196 94.0
642 43.0
806 33.0
947 35.0
25 22.0
227 11.0
193 34.0
433 7.0
850 89.0
640 24.0
720 6.0
533 65.0
992 92.0
883 67.0
325 75.0
389 85.0
45 15.0
228 1.0
418 14.0
440 87.0
475 39.0
186 1.0
948 9.0
507 66.0
733 83.0
229 19.0
367 39.0
49 26.0
309 6.0
4 85.0
739 57.0
712 6.0
920 67.0
879 29.0
570 70.0
997 21.0
659 90.0
230 82.0
994 84.0
442 99.0
165 31.0
231 89.0
324 67.0
194 23.0
366 50.0
434 15.0
385 85.0
699 34.0
876 57.0
647 57.0
64 98.0
232 92.0
62 86.0
289 85.0
180 64.0
404 91.0
366 100.0
834 53.0
343 84.0
380 39.0
346 55.0
986 74.0
833 22.0
78 11.0
233 20.0
48 5.0
861 46.0
417 50.0
505 97.0
347 2.0
212 8.0
681 52.0
902 47.0
568 30.0
545 37.0
696 2.0
234 72.0
337 93.0
773 52.0
128 46.0
707 30.0
101 38.0
601 39.0
550 82.0
701 19.0
235 36.0
393 70.0
582 75.0
976 100.0
633 26.0
153 79.0
356 24.0
236 20.0
919 63.0
971 89.0
769 87.0
385 43.0
91 5.0
10 16.0
71 67.0
17 37.0
237 76.0
10 40.0
124 25.0
541 30.0
367 84.0
703 61.0
222 87.0
881 44.0
601 29.0
828 87.0
238 73.0
411 94.0
55 36.0
485 12.0
690 38.0
309 27.0
628 73.0
835 100.0
829 53.0
319 50.0
508 62.0
239 12.0
192 25.0
82 23.0
599 78.0
293 39.0
34 33.0
564 60.0
637 93.0
621 55.0
26 14.0
486 73.0
503 26.0
150 78.0
750 81.0
746 31.0
974 66.0
654 70.0
240 64.0
579 11.0
866 88.0
30 14.0
676 5.0
903 31.0
771 97.0
976 64.0
159 66.0
226 81.0
241 98.0
958 94.0
153 28.0
201 12.0
701 48.0
893 60.0
989 79.0
242 70.0
233 72.0
598 94.0
401 25.0
961 57.0
299 96.0
778 27.0
831 87.0
264 28.0
995 35.0
127 45.0
479 35.0
393 81.0
243 87.0
719 76.0
233 83.0
699 41.0
51 97.0
445 3.0
830 42.0
74 18.0
220 68.0
439 100.0
313 68.0
248 71.0
822 83.0
820 65.0
346 1.0
764 62.0
229 83.0
292 13.0
154 65.0
244 92.0
853 42.0
792 97.0
389 13.0
518 16.0
56 87.0
312 62.0
900 9.0
245 42.0
611 74.0
806 17.0
442 32.0
776 97.0
744 44.0
362 50.0
240 60.0
301 82.0
674 60.0
491 56.0
246 40.0
159 35.0
65 93.0
855 39.0
967 18.0
964 36.0
709 83.0
727 67.0
568 14.0
248 96.0
204 86.0
247 35.0
751 39.0
382 38.0
943 73.0
927 1.0
703 32.0
999 8.0
861 38.0
735 41.0
800 76.0
248 46.0
116 77.0
367 27.0
56 30.0
487 27.0
355 80.0
1 3.0
604 34.0
841 4.0
821 70.0
351 49.0
718 83.0
148 54.0
743 9.0
879 23.0
142 11.0
884 98.0
249 65.0
393 8.0
682 65.0
940 50.0
492 19.0
350 35.0
954 4.0
395 93.0
981 38.0
250 19.0
322 45.0
739 65.0
471 19.0
94 51.0
136 69.0
810 61.0
662 100.0
787 99.0
853 76.0
350 77.0
361 29.0
852 83.0
251 57.0
953 12.0
67 11.0
230 96.0
214 61.0
519 85.0
438 33.0
592 34.0
876 84.0
131 36.0
201 41.0
227 14.0
881 21.0
558 44.0
252 97.0
518 63.0
582 28.0
329 45.0
82 94.0
15 86.0
1000 95.0
838 58.0
968 1.0
253 57.0
616 55.0
963 13.0
368 44.0
516 52.0
326 91.0
945 21.0
339 38.0
300 49.0
563 54.0
11 78.0
992 59.0
37 100.0
254 12.0
149 25.0
769 71.0
989 43.0
630 84.0
124 16.0
771 32.0
429 39.0
105 11.0
327 67.0
807 97.0
246 79.0
603 77.0
741 52.0
664 26.0
126 27.0
255 100.0
891 12.0
23 49.0
612 16.0
202 63.0
214 10.0
53 77.0
367 13.0
16 98.0
951 82.0
256 23.0
553 63.0
77 76.0
575 55.0
720 98.0
294 52.0
24 74.0
691 100.0
791 36.0
968 16.0
257 7.0
509 48.0
907 38.0
116 11.0
330 75.0
348 28.0
968 3.0
458 8.0
359 23.0
769 97.0
130 33.0
102 72.0
350 29.0
258 88.0
681 46.0
1 29.0
911 31.0
123 23.0
942 82.0
611 19.0
602 35.0
391 58.0
910 16.0
623 55.0
545 73.0
259 72.0
832 100.0
291 22.0
941 53.0
543 23.0
285 16.0
315 92.0
260 14.0
873 63.0
595 81.0
569 24.0
951 60.0
369 76.0
445 67.0
41 81.0
293 3.0
893 35.0
625 46.0
261 94.0
356 58.0
444 43.0
134 70.0
55 4.0
880 16.0
37 91.0
262 23.0
938 26.0
582 65.0
579 46.0
633 71.0
209 35.0
103 85.0
388 82.0
464 32.0
263 25.0
406 71.0
931 31.0
790 16.0
965 100.0
738 87.0
628 25.0
847 83.0
115 48.0
264 8.0
26 54.0
958 9.0
687 77.0
30 10.0
825 64.0
819 87.0
621 14.0
440 13.0
394 20.0
21 87.0
212 75.0
265 9.0
761 3.0
165 14.0
501 75.0
488 71.0
960 39.0
760 25.0
26 60.0
708 17.0
164 54.0
301 6.0
257 70.0
516 47.0
980 28.0
266 18.0
697 20.0
18 47.0
751 5.0
173 51.0
621 64.0
291 13.0
990 67.0
625 77.0
743 20.0
267 16.0
235 70.0
953 60.0
969 45.0
199 73.0
114 42.0
496 29.0
890 12.0
661 53.0
63 13.0
40 68.0
583 89.0
754 73.0
642 40.0
268 14.0
201 83.0
146 89.0
133 64.0
906 8.0
641 40.0
80 100.0
715 21.0
529 9.0
941 74.0
269 75.0
826 66.0
405 8.0
154 69.0
387 61.0
356 91.0
238 89.0
853 39.0
369 57.0
187 2.0
588 6.0
37 52.0
86 13.0
79 39.0
97 50.0
838 5.0
778 40.0
270 53.0
632 34.0
745 69.0
190 25.0
596 48.0
823 48.0
120 37.0
451 14.0
828 52.0
541 91.0
799 34.0
186 65.0
111 99.0
271 63.0
597 94.0
438 91.0
689 70.0
517 63.0
50 32.0
690 85.0
201 68.0
252 78.0
427 85.0
373 35.0
266 24.0
374 2.0
272 71.0
892 53.0
770 54.0
358 62.0
42 73.0
869 87.0
751 75.0
174 16.0
273 4.0
395 46.0
46 96.0
577 83.0
101 98.0
628 83.0
274 77.0
741 10.0
876 84.0
82 19.0
99 45.0
10 34.0
601 77.0
886 75.0
275 25.0
965 70.0
839 2.0
177 23.0
825 97.0
305 62.0
211 90.0
641 83.0
150 70.0
340 33.0
607 52.0
373 54.0
468 64.0
866 52.0
137 25.0
606 8.0
276 37.0
218 44.0
753 61.0
24 92.0
338 71.0
149 27.0
450 55.0
798 84.0
277 25.0
851 27.0
916 25.0
938 26.0
846 36.0
472 34.0
220 36.0
572 36.0
660 47.0
281 43.0
498 65.0
17 22.0
278 13.0
519 44.0
152 76.0
56 81.0
267 58.0
328 33.0
714 16.0
693 27.0
706 48.0
387 43.0
355 45.0
214 7.0
279 59.0
129 11.0
450 73.0
900 64.0
345 3.0
594 2.0
39 59.0
136 79.0
180 18.0
443 19.0
280 1.0
595 23.0
203 2.0
758 40.0
244 99.0
906 65.0
533 7.0
305 100000.0
959 29.0
710 75.0
53 99.0
238 9.0
922 96.0
46 49.0
137 15.0
746 78.0
395 30.0
677 40.0
736 51.0
689 69.0
21 55.0
281 57.0
399 75.0
982 99.0
72 56.0
188 26.0
406 19.0
791 81.0
973 65.0
644 93.0
846 71.0
282 78.0
467 35.0
266 69.0
238 31.0
110 33.0
915 85.0
283 18.0
975 74.0
723 99.0
817 50.0
677 68.0
987 33.0
754 12.0
922 21.0
42 30.0
916 99.0
433 57.0
368 20.0
146 88.0
284 11.0
997 66.0
226 37.0
666 67.0
483 4.0
329 35.0
399 2.0
114 89.0
412 31.0
314 1.0
542 65.0
285 45.0
774 80.0
668 92.0
599 52.0
501 59.0
852 84.0
728 90.0
987 30.0
564 76.0
15 59.0
190 71.0
286 80.0
359 68.0
925 22.0
88 44.0
287 92.0
713 45.0
799 9.0
899 64.0
583 62.0
574 86.0
288 37.0
9 24.0
69 55.0
711 84.0
280 93.0
110 14.0
559 78.0
313 69.0
880 36.0
779 47.0
351 62.0
187 67.0
899 5.0
732 25.0
859 28.0
95 20.0
632 95.0
795 18.0
517 96.0
289 29.0
817 77.0
745 18.0
564 45.0
364 81.0
394 62.0
782 85.0
199 74.0
730 18.0
135 2.0
64 71.0
266 18.0
192 90.0
290 95.0
963 37.0
67 2.0
150 11.0
235 46.0
564 57.0
119 60.0
897 31.0
993 9.0
852 42.0
862 21.0
958 21.0
592 75.0
291 25.0
893 32.0
957 99.0
14 47.0
117 98.0
326 32.0
419 81.0
341 56.0
778 8.0
292 55.0
534 82.0
647 78.0
290 90.0
948 71.0
914 66.0
222 26.0
834 85.0
482 27.0
983 20.0
293 42.0
973 82.0
890 9.0
277 45.0
949 76.0
797 10.0
367 14.0
960 23.0
962 85.0
432 12.0
972 36.0
294 79.0
176 34.0
357 46.0
762 66.0
242 70.0
475 81.0
957 92.0
295 53.0
296 73.0
116 41.0
265 45.0
333 47.0
514 16.0
838 38.0
409 5.0
258 91.0
967 99.0
753 76.0
132 6.0
392 55.0
296 34.0
816 85.0
643 92.0
119 84.0
219 41.0
6 1.0
835 52.0
574 45.0
933 6.0
442 79.0
752 17.0
150 21.0
158 78.0
297 13.0
316 20.0
797 23.0
518 94.0
110 29.0
2 52.0
154 12.0
335 1.0
289 11.0
954 70.0
298 46.0
208 81.0
151 27.0
806 24.0
896 24.0
900 78.0
251 81.0
683 75.0
727 43.0
118 97.0
197 97.0
299 62.0
691 97.0
864 75.0
73 96.0
874 41.0
876 82.0
467 94.0
938 29.0
841 92.0
507 15.0
944 54.0
847 59.0
78 72.0
300 23.0
621 48.0
680 51.0
625 43.0
877 96.0
807 84.0
722 71.0
66 8.0
91 38.0
600 92.0
749 15.0
301 77.0
199 4.0
798 41.0
436 28.0
29 6.0
476 15.0
401 14.0
282 46.0
169 19.0
997 56.0
223 35.0
302 83.0
527 55.0
919 1.0
356 76.0
849 24.0
891 37.0
303 15.0
762 29.0
633 9.0
541 82.0
360 16.0
477 87.0
374 60.0
283 36.0
592 71.0
963 10.0
380 21.0
668 81.0
199 20.0
792 18.0
304 1.0
997 87.0
785 76.0
736 22.0
128 78.0
413 89.0
130 89.0
129 33.0
494 79.0
102 16.0
35 98.0
305 93.0
849 1.0
474 8.0
117 14.0
888 42.0
163 26.0
541 82.0
289 28.0
753 64.0
597 87.0
959 25.0
306 100000.0
617 38.0
686 26.0
445 70.0
13 82.0
71 89.0
285 99.0
33 71.0
917 99.0
307 77.0
238 51.0
102 22.0
612 68.0
568 65.0
477 5.0
342 4.0
759 42.0
587 100000.0
488 34.0
603 27.0
308 94.0
693 31.0
421 95.0
315 8.0
312 88.0
7 50.0
360 28.0
224 34.0
487 9.0
180 56.0
565 76.0
425 18.0
776 46.0
443 98.0
965 8.0
309 37.0
69 9.0
279 1.0
535 73.0
13 65.0
223 17.0
621 75.0
176 42.0
219 89.0
310 65.0
793 99.0
502 13.0
635 59.0
483 50.0
345 67.0
356 54.0
854 42.0
946 19.0
521 35.0
679 29.0
305 80.0
311 89.0
914 32.0
966 63.0
545 52.0
279 22.0
434 62.0
224 52.0
42 77.0
478 37.0
394 93.0
22 29.0
746 28.0
312 36.0
689 20.0
323 38.0
501 93.0
849 40.0
548 11.0
313 34.0
236 32.0
577 81.0
253 77.0
784 32.0
970 98.0
314 86.0
423 44.0
887 82.0
290 52.0
114 99.0
241 71.0
278 100.0
123 69.0
87 25.0
1000 91.0
626 56.0
645 21.0
697 92.0
315 100.0
615 61.0
85 43.0
841 14.0
453 32.0
30 54.0
355 27.0
825 15.0
23 60.0
115 87.0
576 70.0
316 52.0
79 58.0
249 26.0
998 24.0
819 89.0
45 58.0
522 8.0
565 42.0
716 94.0
51 91.0
899 97.0
536 29.0
544 7.0
818 92.0
234 60.0
317 60.0
689 86.0
809 89.0
155 31.0
784 95.0
921 25.0
392 28.0
865 15.0
660 4.0
947 41.0
679 34.0
318 48.0
434 24.0
231 54.0
557 80.0
715 10.0
597 29.0
746 15.0
735 60.0
636 5.0
62 2.0
315 5.0
769 19.0
319 36.0
28 35.0
463 12.0
365 31.0
431 57.0
482 65.0
630 100000.0
130 97.0
525 52.0
168 51.0
66 94.0
338 76.0
735 90.0
921 96.0
498 71.0
845 41.0
705 79.0
320 39.0
997 43.0
986 91.0
931 38.0
531 48.0
603 12.0
789 13.0
426 17.0
98 94.0
328 25.0
262 32.0
813 61.0
343 23.0
321 16.0
197 23.0
167 6.0
100 26.0
637 92.0
946 14.0
322 48.0
243 26.0
152 81.0
885 100.0
199 46.0
683 68.0
378 75.0
323 59.0
57 28.0
265 5.0
319 50.0
729 61.0
492 35.0
70 65.0
884 98.0
87 97.0
382 17.0
77 71.0
212 12.0
639 47.0
996 36.0
324 89.0
547 75.0
118 12.0
571 80.0
807 42.0
220 56.0
39 62.0
325 30.0
965 5.0
350 42.0
704 72.0
118 99.0
506 32.0
199 94.0
99 54.0
139 6.0
45 76.0
304 17.0
987 81.0
912 18.0
277 54.0
326 63.0
421 32.0
450 40.0
64 70.0
586 47.0
995 16.0
802 42.0
503 32.0
963 70.0
56 20.0
327 16.0
659 96.0
736 53.0
648 100.0
508 12.0
747 57.0
433 39.0
820 26.0
592 69.0
406 64.0
754 3.0
225 30.0
54 64.0
242 5.0
328 44.0
986 78.0
735 59.0
481 20.0
92 65.0
910 13.0
804 76.0
673 57.0
603 35.0
329 81.0
887 80.0
984 76.0
692 95.0
282 71.0
477 85.0
330 10.0
897 60.0
575 3.0
121 17.0
58 12.0
31 79.0
91 32.0
975 38.0
691 16.0
535 21.0
30 88.0
996 93.0
331 31.0
429 88.0
703 37.0
605 98.0
856 23.0
277 40.0
159 33.0
723 58.0
107 72.0
941 57.0
206 13.0
272 81.0
691 80.0
686 80.0
904 80.0
502 47.0
938 3.0
332 10.0
757 60.0
963 75.0
994 31.0
637 99.0
12 38.0
957 40.0
467 72.0
279 55.0
167 92.0
333 11.0
33 84.0
581 24.0
869 99.0
150 79.0
337 34.0
210 70.0
305 40.0
16 97.0
770 84.0
334 50.0
554 100.0
576 11.0
973 95.0
602 76.0
599 28.0
340 45.0
73 32.0
493 4.0
967 54.0
335 8.0
942 41.0
919 79.0
249 5.0
740 84.0
130 100.0
712 87.0
336 90.0
292 67.0
304 7.0
721 44.0
657 24.0
763 88.0
574 28.0
246 34.0
711 80.0
884 93.0
337 70.0
525 13.0
696 43.0
459 42.0
242 22.0
547 22.0
671 17.0
338 21.0
690 75.0
610 29.0
421 56.0
416 23.0
775 47.0
177 44.0
688 19.0
939 17.0
409 3.0
339 52.0
989 8.0
45 67.0
638 55.0
359 43.0
474 16.0
65 70.0
199 5.0
264 58.0
905 86.0
621 52.0
404 27.0
612 18.0
96 43.0
653 61.0
448 7.0
141 63.0
775 63.0
637 67.0
340 56.0
519 19.0
552 8.0
420 1.0
464 100.0
578 38.0
842 25.0
777 59.0
616 11.0
341 5.0
842 44.0
50 9.0
532 72.0
124 85.0
446 96.0
390 78.0
589 81.0
718 13.0
443 13.0
51 33.0
624 64.0
817 50.0
342 93.0
427 22.0
477 48.0
120 60.0
442 48.0
365 2.0
283 50.0
650 10.0
816 65.0
612 23.0
343 34.0
856 60.0
903 83.0
367 25.0
819 23.0
457 35.0
287 94.0
781 25.0
852 23.0
572 67.0
861 57.0
771 25.0
986 40.0
344 79.0
691 42.0
319 7.0
354 10.0
721 8.0
468 14.0
718 83.0
968 47.0
322 95.0
446 13.0
94 67.0
345 25.0
529 34.0
511 55.0
246 99.0
923 14.0
453 87.0
848 86.0
90 15.0
431 68.0
249 91.0
752 54.0
612 45.0
346 42.0
221 33.0
666 68.0
369 82.0
607 2.0
507 57.0
347 64.0
177 90.0
84 45.0
464 21.0
523 83.0
230 22.0
78 33.0
689 18.0
380 14.0
483 98.0
348 69.0
951 29.0
946 46.0
337 11.0
854 7.0
721 35.0
779 40.0
678 73.0
443 74.0
906 79.0
986 45.0
340 63.0
470 26.0
475 73.0
335 17.0
572 18.0
140 45.0
43 9.0
349 4.0
810 37.0
992 35.0
239 96.0
476 10.0
394 72.0
67 40.0
505 82.0
350 27.0
435 55.0
479 10.0
85 99.0
808 51.0
268 97.0
717 48.0
744 29.0
351 26.0
488 81.0
463 78.0
924 45.0
744 76.0
348 84.0
230 71.0
364 96.0
448 57.0
141 98.0
417 84.0
843 19.0
117 7.0
528 40.0
352 79.0
133 99.0
674 31.0
659 29.0
455 99.0
691 24.0
698 100.0
353 55.0
620 29.0
981 2.0
834 48.0
635 10.0
884 51.0
560 30.0
134 37.0
999 89.0
502 97.0
18 83.0
778 93.0
7 68.0
354 26.0
11 34.0
809 36.0
568 96.0
675 97.0
600 5.0
355 37.0
101 28.0
215 46.0
513 72.0
851 76.0
939 97.0
741 73.0
844 52.0
178 20.0
729 46.0
356 91.0
353 38.0
257 51.0
50 75.0
186 98.0
155 11.0
641 30.0
325 34.0
972 5.0
357 66.0
272 74.0
679 38.0
928 68.0
166 87.0
551 19.0
358 78.0
701 46.0
113 93.0
972 29.0
757 16.0
930 74.0
247 17.0
359 14.0
379 54.0
942 67.0
172 32.0
921 18.0
102 81.0
621 21.0
275 61.0
688 58.0
615 11.0
343 59.0
633 93.0
162 62.0
729 62.0
360 22.0
695 65.0
560 40.0
109 46.0
856 29.0
60 39.0
905 22.0
636 23.0
361 53.0
438 49.0
303 49.0
328 82.0
541 38.0
967 79.0
145 34.0
972 77.0
233 2.0
760 25.0
764 28.0
154 94.0
580 79.0
362 48.0
862 53.0
82 24.0
125 97.0
807 55.0
887 78.0
363 43.0
536 14.0
680 68.0
663 41.0
148 55.0
870 7.0
804 31.0
730 71.0
310 49.0
364 76.0
622 75.0
493 27.0
438 42.0
40 50.0
652 98.0
572 98.0
761 61.0
365 95.0
861 7.0
964 36.0
662 33.0
735 30.0
196 86.0
732 36.0
105 77.0
886 37.0
235 66.0
335 39.0
366 75.0
554 90.0
413 81.0
738 1.0
956 18.0
533 84.0
367 60.0
889 29.0
17 83.0
250 37.0
524 17.0
321 56.0
349 97.0
646 15.0
252 33.0
377 61.0
343 34.0
335 51.0
635 83.0
23 100.0
819 94.0
923 88.0
368 67.0
669 51.0
205 18.0
256 92.0
602 54.0
443 86.0
923 26.0
528 22.0
994 68.0
510 97.0
198 8.0
369 85.0
155 16.0
313 40.0
632 78.0
243 24.0
73 39.0
977 98.0
517 66.0
149 15.0
238 74.0
974 22.0
883 34.0
370 14.0
230 85.0
405 97.0
880 92.0
760 32.0
72 29.0
605 66.0
220 43.0
957 53.0
864 45.0
654 20.0
371 1.0
40 67.0
232 57.0
332 64.0
865 59.0
599 43.0
17 64.0
805 45.0
360 57.0
564 32.0
317 6.0
372 44.0
995 64.0
170 91.0
293 62.0
377 36.0
623 97.0
289 47.0
196 48.0
210 1.0
622 85.0
373 65.0
963 19.0
84 20.0
507 94.0
782 41.0
509 100.0
583 68.0
478 94.0
682 80.0
581 54.0
374 70.0
7 100.0
931 85.0
450 52.0
240 25.0
212 23.0
897 46.0
686 24.0
329 94.0
571 41.0
933 75.0
185 2.0
417 10.0
51 61.0
283 86.0
750 82.0
375 94.0
621 61.0
740 16.0
244 49.0
37 92.0
857 69.0
343 74.0
376 88.0
639 14.0
792 24.0
668 86.0
293 43.0
145 50.0
2 79.0
647 87.0
204 74.0
25 51.0
56 55.0
533 25.0
377 85.0
238 33.0
172 77.0
565 54.0
347 6.0
826 49.0
296 95.0
886 33.0
540 69.0
3 10.0
378 56.0
83 83.0
215 9.0
419 30.0
997 23.0
850 59.0
388 6.0
107 33.0
787 98.0
532 73.0
379 54.0
741 77.0
129 46.0
179 90.0
767 46.0
668 81.0
217 29.0
166 47.0
894 79.0
140 35.0
649 95.0
863 22.0
885 58.0
160 13.0
380 94.0
624 2.0
345 64.0
658 54.0
544 36.0
497 11.0
1 33.0
936 21.0
647 95.0
934 26.0
205 87.0
980 29.0
219 23.0
381 22.0
700 69.0
951 81.0
108 22.0
562 99.0
163 19.0
101 28.0
568 39.0
382 83.0
758 23.0
367 57.0
15 39.0
706 98.0
664 16.0
370 38.0
860 9.0
737 40.0
383 16.0
208 19.0
288 25.0
861 92.0
298 38.0
6 35.0
935 59.0
536 36.0
837 16.0
537 73.0
23 18.0
841 51.0
388 39.0
142 30.0
384 70.0
911 17.0
229 92.0
947 86.0
751 66.0
138 85.0
392 32.0
628 87.0
694 29.0
957 17.0
496 90.0
728 25.0
735 4.0
385 50.0
664 39.0
844 61.0
487 61.0
542 88.0
490 29.0
502 18.0
134 13.0
386 26.0
199 31.0
535 39.0
568 93.0
180 100.0
308 45.0
617 40.0
567 9.0
861 34.0
387 74.0
563 74.0
69 96.0
403 35.0
909 58.0
845 25.0
395 28.0
47 73.0
813 94.0
616 73.0
388 22.0
989 71.0
84 25.0
822 79.0
677 39.0
419 28.0
982 81.0
313 63.0
184 88.0
510 65.0
158 50.0
877 99.0
128 10.0
644 68.0
681 3.0
106 56.0
389 40.0
340 31.0
470 80.0
292 63.0
221 30.0
312 34.0
944 39.0
739 68.0
926 5.0
735 40.0
338 97.0
390 16.0
458 27.0
775 3.0
567 36.0
436 91.0
172 28.0
394 31.0
207 49.0
525 15.0
453 66.0
391 54.0
100 84.0
557 8.0
587 92.0
27 15.0
775 71.0
939 70.0
355 68.0
638 95.0
735 21.0
140 95.0
19 79.0
392 21.0
339 22.0
467 40.0
422 81.0
705 37.0
361 27.0
251 49.0
922 76.0
836 24.0
393 22.0
768 67.0
352 25.0
913 24.0
18 52.0
498 92.0
951 81.0
481 43.0
252 66.0
75 29.0
365 1.0
22 42.0
295 97.0
394 72.0
7 75.0
830 88.0
786 89.0
987 37.0
712 78.0
52 99.0
395 93.0
567 17.0
849 68.0
862 21.0
497 41.0
47 86.0
668 46.0
673 72.0
587 1.0
662 60.0
89 35.0
396 60.0
402 7.0
555 93.0
971 51.0
575 60.0
255 11.0
46 99.0
997 25.0
271 35.0
562 92.0
397 28.0
133 9.0
806 3.0
566 68.0
568 27.0
493 50.0
899 75.0
168 90.0
79 89.0
810 21.0
159 38.0
693 88.0
398 72.0
70 85.0
794 100.0
505 69.0
846 34.0
963 62.0
349 80.0
915 19.0
399 17.0
408 80.0
283 73.0
439 71.0
788 57.0
562 83.0
366 1.0
557 10.0
349 74.0
306 93.0
691 82.0
840 85.0
400 16.0
739 89.0
308 20.0
128 5.0
53 46.0
145 13.0
857 65.0
474 73.0
456 34.0
401 35.0
737 3.0
546 63.0
804 37.0
844 82.0
309 58.0
77 59.0
472 60.0
459 27.0
639 42.0
356 29.0
133 58.0
628 63.0
402 68.0
342 84.0
370 74.0
583 44.0
532 65.0
710 73.0
709 94.0
695 15.0
640 16.0
430 45.0
897 12.0
403 23.0
22 71.0
511 33.0
609 100.0
134 18.0
405 76.0
547 32.0
474 58.0
534 14.0
404 33.0
769 80.0
340 28.0
971 31.0
488 60.0
387 5.0
644 49.0
948 5.0
760 24.0
405 68.0
558 44.0
624 34.0
126 24.0
197 12.0
330 32.0
891 95.0
213 56.0
652 33.0
177 41.0
762 92.0
183 69.0
841 15.0
713 31.0
372 74.0
978 19.0
406 97.0
859 78.0
989 71.0
229 43.0
54 96.0
638 45.0
649 50.0
622 95.0
407 11.0
736 59.0
233 61.0
263 36.0
861 99.0
555 29.0
833 96.0
385 74.0
657 78.0
259 89.0
438 26.0
408 29.0
685 24.0
69 51.0
946 42.0
985 68.0
833 62.0
889 40.0
838 26.0
657 89.0
932 25.0
409 79.0
689 69.0
90 32.0
960 30.0
645 6.0
188 56.0
980 70.0
410 1.0
466 45.0
82 80.0
523 57.0
864 63.0
475 10.0
346 86.0
7 95.0
401 88.0
680 10.0
613 21.0
806 21.0
665 2.0
411 77.0
141 80.0
289 64.0
970 34.0
61 25.0
684 87.0
837 37.0
172 69.0
134 73.0
412 58.0
612 58.0
440 26.0
906 66.0
152 20.0
564 21.0
265 86.0
324 62.0
292 44.0
27 18.0
413 3.0
644 55.0
252 28.0
71 72.0
843 76.0
240 68.0
873 33.0
414 66.0
756 97.0
984 75.0
278 39.0
778 42.0
15 91.0
943 71.0
866 8.0
193 8.0
230 55.0
851 59.0
415 16.0
360 81.0
961 93.0
594 29.0
52 12.0
91 34.0
184 74.0
742 87.0
46 89.0
412 50.0
24 1.0
611 94.0
498 92.0
416 96.0
323 2.0
842 31.0
184 39.0
389 46.0
161 24.0
314 42.0
68 66.0
417 62.0
98 7.0
280 34.0
146 77.0
560 26.0
789 98.0
443 5.0
250 48.0
418 97.0
635 95.0
766 97.0
300 74.0
722 79.0
49 78.0
571 33.0
972 82.0
419 57.0
279 73.0
492 14.0
189 6.0
1000 27.0
747 72.0
420 49.0
496 84.0
271 66.0
293 9.0
788 79.0
909 54.0
747 45.0
733 92.0
632 52.0
762 43.0
316 43.0
421 22.0
875 38.0
482 80.0
282 92.0
652 58.0
474 57.0
894 85.0
721 97.0
541 1.0
422 22.0
168 98.0
468 100.0
524 68.0
739 18.0
218 59.0
452 21.0
380 41.0
665 51.0
423 64.0
650 11.0
153 8.0
279 6.0
89 61.0
639 75.0
467 30.0
879 67.0
330 47.0
424 32.0
912 28.0
624 57.0
157 1.0
733 25.0
3 69.0
361 93.0
649 47.0
820 82.0
571 58.0
363 95.0
425 48.0
598 29.0
280 82.0
506 88.0
62 21.0
535 66.0
158 93.0
348 46.0
278 41.0
83 92.0
426 29.0
969 45.0
935 34.0
934 25.0
811 43.0
832 1.0
813 12.0
143 18.0
629 99.0
490 71.0
610 58.0
505 2.0
453 36.0
705 11.0
427 68.0
590 54.0
601 86.0
849 3.0
335 63.0
327 55.0
306 58.0
539 75.0
428 54.0
64 46.0
402 87.0
905 75.0
732 39.0
426 14.0
387 27.0
441 62.0
767 34.0
429 39.0
213 47.0
210 29.0
58 13.0
711 21.0
10 73.0
486 61.0
535 8.0
240 43.0
686 51.0
249 42.0
201 90.0
616 24.0
415 38.0
430 57.0
123 76.0
971 40.0
572 82.0
57 29.0
782 27.0
792 73.0
35 7.0
833 13.0
351 3.0
770 92.0
431 97.0
856 99.0
372 54.0
161 27.0
323 59.0
281 63.0
932 47.0
149 24.0
350 14.0
854 26.0
432 82.0
166 46.0
568 26.0
414 28.0
495 57.0
167 60.0
548 37.0
794 60.0
726 47.0
460 49.0
433 41.0
32 46.0
955 29.0
77 56.0
318 40.0
58 51.0
997 46.0
936 23.0
685 72.0
969 93.0
300 53.0
776 50.0
360 60.0
434 26.0
926 49.0
528 70.0
52 94.0
432 75.0
503 68.0
581 88.0
442 10.0
435 7.0
582 91.0
902 62.0
316 33.0
346 68.0
134 47.0
152 82.0
436 65.0
106 53.0
132 55.0
678 14.0
160 29.0
172 17.0
373 7.0
748 30.0
622 11.0
755 76.0
437 30.0
584 33.0
416 83.0
168 28.0
916 76.0
634 93.0
314 72.0
391 60.0
180 63.0
46 42.0
419 5.0
374 91.0
438 41.0
102 78.0
276 47.0
307 64.0
521 59.0
163 50.0
439 15.0
354 79.0
65 34.0
835 34.0
780 40.0
786 65.0
359 19.0
50 25.0
440 37.0
702 66.0
815 9.0
202 1.0
855 97.0
963 68.0
419 21.0
387 91.0
120 66.0
441 27.0
353 91.0
33 94.0
563 48.0
433 45.0
301 70.0
987 52.0
254 37.0
59 9.0
838 3.0
442 55.0
154 68.0
331 5.0
283 19.0
324 46.0
494 30.0
822 24.0
742 64.0
781 50.0
487 59.0
51 72.0
443 32.0
294 21.0
879 48.0
512 49.0
594 21.0
681 68.0
532 12.0
194 40.0
800 2.0
614 74.0
286 92.0
444 61.0
480 7.0
715 56.0
228 27.0
220 99.0
556 27.0
672 14.0
66 4.0
910 74.0
125 39.0
260 46.0
84 4.0
664 1.0
831 79.0
554 4.0
445 45.0
30 31.0
545 17.0
522 22.0
583 79.0
322 18.0
348 82.0
876 100.0
311 53.0
526 84.0
198 61.0
949 91.0
187 10.0
305 42.0
446 79.0
319 96.0
484 51.0
177 56.0
433 56.0
483 2.0
848 31.0
893 3.0
611 43.0
574 36.0
644 27.0
730 72.0
194 95.0
32 8.0
659 89.0
824 46.0
447 54.0
166 49.0
286 2.0
334 14.0
601 25.0
985 50.0
568 86.0
864 89.0
77 22.0
448 37.0
86 62.0
487 60.0
890 30.0
855 58.0
864 5.0
690 62.0
666 7.0
493 85.0
959 80.0
398 54.0
449 3.0
819 30.0
141 6.0
401 42.0
238 69.0
149 99.0
334 50.0
140 79.0
326 38.0
422 15.0
354 56.0
17 81.0
572 29.0
450 53.0
260 44.0
760 94.0
857 14.0
363 65.0
778 86.0
707 16.0
851 31.0
640 43.0
163 5.0
653 21.0
302 69.0
508 65.0
432 18.0
451 84.0
714 91.0
651 7.0
172 88.0
706 68.0
235 65.0
703 71.0
452 55.0
891 37.0
38 82.0
638 76.0
705 73.0
154 74.0
786 92.0
307 27.0
44 24.0
453 99.0
157 58.0
367 36.0
847 83.0
493 51.0
642 15.0
692 40.0
91 62.0
457 11.0
759 82.0
454 23.0
862 97.0
535 53.0
928 95.0
152 34.0
336 5.0
853 30.0
663 56.0
776 1.0
977 68.0
33 88.0
710 20.0
670 16.0
455 24.0
880 99.0
753 36.0
621 12.0
763 76.0
899 16.0
483 35.0
776 90.0
804 66.0
552 87.0
349 80.0
536 17.0
188 2.0
371 24.0
456 26.0
583 26.0
46 7.0
204 61.0
942 66.0
732 94.0
258 80.0
524 42.0
682 79.0
1 1.0
954 73.0
457 42.0
760 3.0
472 25.0
817 23.0
470 27.0
548 31.0
696 34.0
381 31.0
464 18.0
81 48.0
145 47.0
458 13.0
612 60.0
140 44.0
134 40.0
570 31.0
586 86.0
857 46.0
179 77.0
493 59.0
459 54.0
242 37.0
150 94.0
447 92.0
166 81.0
817 7.0
539 64.0
777 13.0
984 9.0
16 39.0
769 86.0
535 13.0
851 32.0
153 94.0
460 84.0
185 77.0
418 97.0
160 47.0
520 77.0
575 70.0
8 83.0
395 49.0
801 94.0
579 14.0
853 25.0
162 26.0
830 55.0
364 18.0
406 54.0
461 23.0
865 52.0
556 100.0
509 58.0
956 27.0
534 49.0
31 4.0
803 43.0
833 31.0
600 14.0
193 7.0
818 16.0
252 29.0
462 99.0
245 19.0
64 69.0
539 30.0
862 93.0
229 27.0
702 1.0
685 64.0
768 75.0
206 52.0
946 16.0
522 56.0
336 44.0
851 87.0
463 93.0
890 3.0
277 23.0
743 37.0
433 80.0
233 4.0
567 83.0
835 37.0
14 65.0
139 99.0
464 46.0
882 56.0
808 83.0
120 28.0
101 86.0
252 70.0
565 43.0
928 94.0
245 51.0
428 40.0
982 5.0
465 51.0
148 30.0
859 22.0
271 28.0
499 43.0
961 74.0
288 43.0
466 35.0
199 52.0
605 70.0
358 91.0
573 39.0
589 40.0
438 11.0
99 18.0
370 100.0
945 16.0
881 81.0
467 69.0
172 72.0
181 89.0
664 36.0
210 17.0
554 20.0
533 78.0
705 5.0
549 40.0
325 50.0
471 47.0
468 100.0
792 23.0
735 61.0
891 47.0
734 42.0
917 96.0
850 74.0
240 77.0
859 4.0
702 51.0
646 8.0
180 24.0
275 16.0
608 68.0
696 42.0
469 72.0
406 71.0
605 6.0
794 7.0
147 18.0
847 28.0
866 71.0
444 26.0
574 47.0
56 78.0
787 18.0
188 25.0
270 75.0
690 73.0
838 5.0
470 84.0
402 56.0
499 51.0
295 54.0
599 28.0
6 83.0
161 73.0
272 52.0
586 3.0
326 97.0
829 61.0
105 43.0
40 84.0
471 86.0
509 45.0
978 77.0
766 21.0
565 90.0
403 15.0
205 89.0
17 2.0
259 54.0
288 22.0
419 25.0
432 35.0
654 31.0
472 63.0
211 78.0
687 88.0
104 16.0
50 32.0
43 53.0
175 94.0
726 47.0
340 55.0
488 45.0
283 13.0
437 96.0
460 76.0
992 63.0
473 73.0
889 59.0
140 1.0
429 75.0
40 12.0
150 70.0
16 44.0
221 30.0
486 53.0
353 80.0
45 65.0
625 87.0
888 94.0
474 52.0
459 49.0
460 82.0
141 73.0
116 36.0
37 85.0
406 16.0
678 93.0
463 96.0
673 48.0
498 33.0
475 60.0
181 22.0
588 43.0
567 85.0
930 42.0
492 97.0
36 23.0
476 73.0
126 46.0
407 57.0
642 60.0
868 11.0
568 33.0
654 7.0
743 80.0
988 83.0
477 81.0
861 67.0
42 28.0
920 54.0
31 30.0
942 87.0
563 53.0
254 84.0
451 51.0
26 6.0
387 34.0
203 69.0
10 38.0
478 9.0
959 25.0
690 88.0
708 77.0
676 93.0
438 99.0
283 35.0
871 79.0
348 33.0
722 59.0
479 16.0
186 30.0
50 21.0
507 4.0
944 57.0
518 72.0
746 96.0
775 57.0
605 86.0
889 87.0
517 99.0
480 48.0
231 79.0
418 7.0
926 78.0
854 21.0
432 67.0
975 22.0
66 58.0
550 77.0
833 39.0
459 69.0
377 8.0
481 4.0
693 42.0
580 86.0
814 23.0
304 80.0
401 22.0
954 73.0
494 46.0
359 63.0
871 57.0
650 78.0
443 66.0
482 9.0
898 39.0
559 28.0
969 99.0
716 2.0
149 55.0
695 57.0
98 82.0
620 8.0
751 42.0
252 56.0
412 78.0
198 3.0
212 54.0
547 33.0
558 7.0
483 77.0
705 6.0
832 56.0
337 36.0
616 86.0
192 79.0
382 97.0
588 97.0
837 98.0
789 45.0
530 66.0
528 4.0
378 94.0
580 24.0
226 44.0
484 25.0
736 3.0
732 50.0
738 12.0
498 12.0
255 84.0
438 50.0
453 2.0
832 98.0
943 37.0
575 64.0
235 48.0
199 9.0
485 100000.0
711 68.0
742 50.0
964 61.0
220 89.0
89 52.0
196 47.0
241 23.0
486 14.0
657 2.0
161 42.0
155 100000.0
572 43.0
660 94.0
251 51.0
965 5.0
59 76.0
778 93.0
487 100.0
616 95.0
645 43.0
314 69.0
296 85.0
223 88.0
338 68.0
745 81.0
550 62.0
624 51.0
307 21.0
758 13.0
488 12.0
932 83.0
128 46.0
211 21.0
489 43.0
912 36.0
985 96.0
657 88.0
598 13.0
823 57.0
495 68.0
947 69.0
880 39.0
489 39.0
950 48.0
101 63.0
722 12.0
644 87.0
428 61.0
308 13.0
732 75.0
53 97.0
775 44.0
288 74.0
242 82.0
204 56.0
490 1.0
417 21.0
45 94.0
634 84.0
688 17.0
818 62.0
9 36.0
428 12.0
491 12.0
912 17.0
868 37.0
146 65.0
47 1.0
178 7.0
771 43.0
532 42.0
743 64.0
341 78.0
902 6.0
326 41.0
767 66.0
335 25.0
8 95.0
492 68.0
363 57.0
879 16.0
593 92.0
282 63.0
211 10.0
677 69.0
957 65.0
733 18.0
890 39.0
493 3.0
966 24.0
892 29.0
449 12.0
781 4.0
494 42.0
798 96.0
290 34.0
548 7.0
134 32.0
998 65.0
142 22.0
662 47.0
586 17.0
522 70.0
643 27.0
292 5.0
207 39.0
352 58.0
191 37.0
583 82.0
495 1.0
331 63.0
178 35.0
3 63.0
527 4.0
193 6.0
546 85.0
140 45.0
604 60.0
496 9.0
960 78.0
104 78.0
988 85.0
643 83.0
471 44.0
205 35.0
366 70.0
676 62.0
497 72.0
903 42.0
632 85.0
571 46.0
834 28.0
31 90.0
578 74.0
728 48.0
782 10.0
246 75.0
324 39.0
348 93.0
866 6.0
498 96.0
746 95.0
519 39.0
568 51.0
389 59.0
402 74.0
361 90.0
724 53.0
815 34.0
951 64.0
465 82.0
701 100.0
499 96.0
906 86.0
951 12.0
765 58.0
728 3.0
987 48.0
115 77.0
743 47.0
382 95.0
932 29.0
586 38.0
386 80.0
500 38.0
769 56.0
579 84.0
155 86.0
452 58.0
318 66.0
880 94.0
408 49.0
608 81.0
501 10.0
325 39.0
396 17.0
403 2.0
586 10.0
985 32.0
165 80.0
180 24.0
24 69.0
502 51.0
18 76.0
378 10.0
503 70.0
247 47.0
451 15.0
792 38.0
619 91.0
677 2.0
43 31.0
73 74.0
783 90.0
562 26.0
238 76.0
648 61.0
316 89.0
504 17.0
32 44.0
226 97.0
809 10.0
655 52.0
216 95.0
754 83.0
53 63.0
354 74.0
20 22.0
460 21.0
525 63.0
608 7.0
828 43.0
505 36.0
92 24.0
331 8.0
961 73.0
723 43.0
413 7.0
534 21.0
337 25.0
9 22.0
506 5.0
582 97.0
764 78.0
202 58.0
978 31.0
918 95.0
144 33.0
399 31.0
845 81.0
71 38.0
905 5.0
321 98.0
431 41.0
507 19.0
874 27.0
398 68.0
717 90.0
486 93.0
83 67.0
136 65.0
503 42.0
126 99.0
565 23.0
24 40.0
563 44.0
946 40.0
839 10.0
508 41.0
935 4.0
927 41.0
175 22.0
37 2.0
825 79.0
50 90.0
139 64.0
133 85.0
40 20.0
509 86.0
794 56.0
561 34.0
314 9.0
304 99.0
312 73.0
406 55.0
194 13.0
383 24.0
352 22.0
907 10.0
239 17.0
510 51.0
560 42.0
215 55.0
967 73.0
89 48.0
442 47.0
286 21.0
45 22.0
948 18.0
794 2.0
915 10.0
372 56.0
636 57.0
511 47.0
744 60.0
646 70.0
310 37.0
420 70.0
632 86.0
393 79.0
627 86.0
388 4.0
838 49.0
210 4.0
63 91.0
304 76.0
142 87.0
512 91.0
64 6.0
963 29.0
809 15.0
154 55.0
13 99.0
567 81.0
677 77.0
513 29.0
902 4.0
146 32.0
2 71.0
392 54.0
86 85.0
514 36.0
747 13.0
57 96.0
134 63.0
725 68.0
802 49.0
592 72.0
453 36.0
465 81.0
59 64.0
750 20.0
793 91.0
345 47.0
738 31.0
56 67.0
515 91.0
68 79.0
826 68.0
971 59.0
516 38.0
880 44.0
479 99.0
806 73.0
396 48.0
566 75.0
780 15.0
582 63.0
197 35.0
371 84.0
517 83.0
531 70.0
312 75.0
783 30.0
602 4.0
380 94.0
107 9.0
39 83.0
518 64.0
887 79.0
950 10.0
660 76.0
741 16.0
849 53.0
191 68.0
519 19.0
724 65.0
252 45.0
100 59.0
500 20.0
48 38.0
46 43.0
221 8.0
383 99.0
520 88.0
776 23.0
827 12.0
32 25.0
964 10.0
301 54.0
898 98.0
713 65.0
908 19.0
521 55.0
714 98.0
368 85.0
219 32.0
103 48.0
649 9.0
635 98.0
304 73.0
564 52.0
684 35.0
426 73.0
231 91.0
40 96.0
294 36.0
528 78.0
823 68.0
141 57.0
406 97.0
962 46.0
205 68.0
522 14.0
496 94.0
762 95.0
207 48.0
707 72.0
523 38.0
346 83.0
418 27.0
686 69.0
224 2.0
411 53.0
230 65.0
380 5.0
272 3.0
520 87.0
35 16.0
66 17.0
690 51.0
524 23.0
315 29.0
413 29.0
40 41.0
209 36.0
654 38.0
847 99.0
144 98.0
503 42.0
477 81.0
379 71.0
525 30.0
793 72.0
54 30.0
27 84.0
336 37.0
597 65.0
874 55.0
700 88.0
499 5.0
526 100.0
596 73.0
63 20.0
540 28.0
490 44.0
713 59.0
408 53.0
126 31.0
58 38.0
343 25.0
527 42.0
78 13.0
124 73.0
246 7.0
177 16.0
528 19.0
725 75.0
610 1.0
439 7.0
400 35.0
675 56.0
132 9.0
802 36.0
235 93.0
707 91.0
979 65.0
150 28.0
529 6.0
272 59.0
475 5.0
709 31.0
724 8.0
674 60.0
796 58.0
238 29.0
947 57.0
788 94.0
421 25.0
429 77.0
780 18.0
146 96.0
309 21.0
530 58.0
210 58.0
198 50.0
937 55.0
666 88.0
966 13.0
389 74.0
581 63.0
534 33.0
590 24.0
525 87.0
895 15.0
377 2.0
552 11.0
531 99.0
737 23.0
400 56.0
323 47.0
812 58.0
873 36.0
376 23.0
797 49.0
532 18.0
196 12.0
379 62.0
770 54.0
880 61.0
349 87.0
807 49.0
854 27.0
897 70.0
533 97.0
134 85.0
678 13.0
94 70.0
608 97.0
39 7.0
388 84.0
643 95.0
724 37.0
288 61.0
894 73.0
534 55.0
77 92.0
139 35.0
805 60.0
735 4.0
671 73.0
894 21.0
646 18.0
499 43.0
535 74.0
235 85.0
961 31.0
490 88.0
589 52.0
536 70.0
183 52.0
867 68.0
966 94.0
256 56.0
359 68.0
257 13.0
74 86.0
270 20.0
194 4.0
537 57.0
576 49.0
793 83.0
431 4.0
297 1.0
815 30.0
538 33.0
487 76.0
975 86.0
211 99.0
926 85.0
627 86.0
470 59.0
418 12.0
498 70.0
717 23.0
368 91.0
539 29.0
603 91.0
782 29.0
382 3.0
344 15.0
505 97.0
4 30.0
812 36.0
840 53.0
143 81.0
677 6.0
166 37.0
36 7.0
665 22.0
959 56.0
540 21.0
829 65.0
521 77.0
596 56.0
428 25.0
613 94.0
541 6.0
979 12.0
662 9.0
210 100.0
588 66.0
205 62.0
49 80.0
655 69.0
707 84.0
358 39.0
891 66.0
542 68.0
16 69.0
145 84.0
825 8.0
427 25.0
459 88.0
565 17.0
740 47.0
767 45.0
543 41.0
778 96.0
514 29.0
792 71.0
52 56.0
123 46.0
575 6.0
544 74.0
475 67.0
820 67.0
980 16.0
531 81.0
450 75.0
862 54.0
55 49.0
141 70.0
712 93.0
639 79.0
644 54.0
374 28.0
701 32.0
545 30.0
824 50.0
955 6.0
565 32.0
439 54.0
620 63.0
282 14.0
210 64.0
277 53.0
348 7.0
860 10.0
288 61.0
546 82.0
696 36.0
293 78.0
602 91.0
242 34.0
898 19.0
860 22.0
225 78.0
883 43.0
399 55.0
10 92.0
547 25.0
645 39.0
378 67.0
778 69.0
783 2.0
946 52.0
156 58.0
967 71.0
135 86.0
37 31.0
950 17.0
867 53.0
548 32.0
585 15.0
153 22.0
815 58.0
686 67.0
190 5.0
846 37.0
654 93.0
241 32.0
887 35.0
515 91.0
718 21.0
549 87.0
535 2.0
435 37.0
676 18.0
239 68.0
928 57.0
848 50.0
50 90.0
521 62.0
837 65.0
315 73.0
666 26.0
583 62.0
550 27.0
718 99.0
187 94.0
540 69.0
97 25.0
144 96.0
616 31.0
637 38.0
534 49.0
38 83.0
866 38.0
635 41.0
876 77.0
919 28.0
145 56.0
238 78.0
956 27.0
275 48.0
551 95.0
196 83.0
415 14.0
200 33.0
403 92.0
969 46.0
247 89.0
83 88.0
86 30.0
832 89.0
324 24.0
865 84.0
552 66.0
73 34.0
771 73.0
628 68.0
541 36.0
474 11.0
663 56.0
850 21.0
260 74.0
540 12.0
189 91.0
630 57.0
404 28.0
1000 8.0
852 6.0
939 57.0
553 43.0
312 99.0
251 6.0
258 83.0
408 7.0
396 91.0
726 63.0
809 3.0
863 4.0
610 31.0
554 92.0
193 63.0
273 87.0
975 14.0
765 54.0
382 60.0
859 85.0
252 27.0
992 22.0
95 43.0
667 9.0
555 84.0
880 44.0
387 64.0
126 41.0
385 65.0
737 86.0
398 44.0
264 82.0
556 23.0
138 55.0
429 80.0
928 62.0
528 61.0
297 63.0
955 84.0
953 32.0
557 98.0
709 40.0
892 77.0
306 66.0
787 58.0
813 66.0
674 48.0
209 13.0
293 67.0
163 8.0
524 9.0
558 66.0
143 8.0
457 28.0
733 87.0
126 22.0
373 90.0
726 94.0
433 97.0
973 66.0
641 65.0
559 39.0
695 7.0
152 31.0
308 60.0
150 27.0
795 84.0
994 66.0
188 73.0
531 59.0
78 34.0
962 94.0
560 73.0
152 95.0
301 76.0
283 75.0
93 14.0
743 97.0
173 94.0
263 57.0
579 90.0
483 14.0
977 89.0
561 32.0
645 64.0
275 15.0
870 70.0
828 13.0
639 4.0
768 17.0
683 27.0
414 76.0
51 7.0
165 67.0
636 90.0
562 13.0
992 19.0
651 100.0
446 74.0
331 37.0
115 82.0
177 19.0
935 35.0
266 1.0
734 30.0
199 87.0
440 37.0
467 10.0
149 51.0
910 77.0
938 46.0
563 19.0
423 54.0
735 11.0
641 70.0
738 28.0
62 1.0
876 26.0
564 49.0
795 85.0
711 67.0
88 90.0
92 99.0
811 20.0
290 19.0
565 24.0
217 88.0
946 56.0
225 30.0
998 68.0
259 84.0
544 11.0
291 63.0
661 87.0
987 89.0
823 70.0
665 90.0
381 98.0
566 87.0
641 88.0
484 60.0
577 45.0
67 67.0
261 5.0
561 76.0
49 83.0
567 28.0
999 67.0
876 18.0
672 6.0
923 53.0
892 46.0
453 5.0
31 28.0
273 79.0
579 85.0
855 5.0
51 54.0
633 23.0
329 36.0
137 28.0
283 35.0
568 46.0
565 57.0
189 94.0
278 33.0
583 17.0
534 18.0
65 50.0
845 20.0
828 30.0
665 60.0
569 63.0
242 23.0
320 17.0
305 96.0
526 95.0
698 22.0
592 50.0
984 58.0
570 87.0
616 83.0
492 43.0
755 95.0
132 73.0
361 27.0
421 21.0
620 66.0
638 19.0
787 58.0
571 77.0
110 11.0
947 61.0
886 65.0
374 42.0
446 74.0
299 68.0
856 15.0
536 26.0
201 96.0
572 100.0
116 88.0
215 64.0
894 17.0
124 64.0
401 55.0
452 33.0
741 13.0
609 9.0
734 31.0
573 1.0
827 52.0
14 11.0
192 77.0
831 90.0
556 14.0
141 56.0
615 93.0
983 36.0
719 34.0
574 72.0
133 47.0
948 28.0
443 65.0
145 58.0
740 42.0
648 9.0
459 3.0
283 42.0
927 97.0
942 12.0
242 85.0
575 10.0
741 81.0
99 36.0
597 49.0
656 44.0
786 97.0
13 89.0
28 5.0
736 61.0
797 93.0
773 98.0
576 75.0
712 71.0
48 92.0
435 59.0
863 86.0
563 83.0
336 25.0
605 20.0
791 61.0
766 44.0
280 55.0
277 28.0
577 74.0
652 43.0
520 87.0
524 49.0
17 75.0
454 68.0
511 67.0
479 75.0
383 37.0
974 45.0
664 44.0
578 57.0
160 67.0
19 74.0
276 21.0
360 3.0
834 44.0
868 57.0
570 85.0
198 37.0
194 27.0
579 88.0
877 16.0
24 83.0
758 29.0
492 43.0
765 69.0
563 75.0
549 93.0
617 79.0
580 27.0
329 30.0
607 63.0
649 52.0
756 82.0
679 76.0
408 89.0
87 8.0
666 90.0
384 69.0
356 93.0
434 37.0
881 94.0
581 61.0
412 35.0
786 13.0
729 99.0
734 47.0
678 8.0
884 62.0
561 15.0
854 88.0
446 2.0
895 24.0
38 86.0
71 6.0
336 22.0
944 21.0
6 10.0
528 69.0
582 59.0
533 7.0
83 59.0
43 77.0
166 97.0
576 81.0
23 30.0
881 48.0
937 85.0
817 79.0
156 87.0
921 53.0
75 73.0
583 79.0
423 9.0
704 66.0
474 56.0
661 86.0
236 29.0
621 28.0
788 44.0
510 6.0
584 18.0
374 47.0
565 69.0
20 22.0
249 2.0
114 20.0
759 50.0
313 23.0
536 31.0
457 87.0
436 80.0
445 73.0
843 60.0
585 7.0
873 45.0
231 67.0
563 57.0
586 65.0
387 87.0
163 28.0
355 92.0
73 57.0
755 95.0
463 84.0
64 60.0
322 40.0
678 98.0
507 52.0
587 8.0
457 58.0
164 26.0
964 36.0
843 17.0
451 62.0
414 35.0
798 70.0
720 56.0
548 62.0
588 23.0
144 67.0
15 68.0
836 30.0
635 67.0
591 71.0
257 70.0
101 63.0
542 40.0
835 87.0
948 100000.0
163 6.0
213 80.0
32 39.0
114 64.0
85 1.0
331 22.0
589 95.0
155 38.0
6 74.0
866 61.0
406 96.0
504 69.0
196 34.0
765 33.0
421 68.0
735 81.0
590 86.0
380 7.0
913 59.0
275 89.0
823 36.0
312 57.0
764 1.0
433 10.0
915 1.0
151 57.0
591 70.0
320 17.0
343 49.0
729 72.0
595 26.0
132 36.0
661 86.0
895 6.0
756 48.0
592 70.0
21 70.0
921 39.0
284 8.0
570 43.0
782 61.0
203 34.0
399 98.0
593 49.0
383 44.0
49 99.0
152 52.0
776 50.0
983 30.0
594 57.0
953 97.0
572 25.0
825 47.0
497 8.0
768 83.0
791 88.0
715 14.0
601 61.0
595 10.0
288 21.0
673 96.0
103 1.0
190 73.0
562 63.0
934 13.0
770 16.0
478 82.0
596 3.0
928 5.0
211 17.0
499 9.0
317 3.0
557 1.0
863 75.0
653 96.0
604 62.0
629 50.0
205 77.0
507 23.0
627 52.0
708 88.0
597 13.0
443 63.0
72 61.0
592 19.0
747 93.0
903 100.0
807 47.0
388 53.0
598 97.0
585 57.0
98 75.0
604 96.0
664 57.0
506 38.0
789 35.0
140 66.0
27 57.0
599 64.0
961 63.0
869 68.0
119 33.0
478 28.0
461 74.0
864 26.0
316 17.0
68 22.0
948 93.0
347 81.0
65 90.0
600 35.0
952 74.0
375 21.0
656 19.0
472 2.0
788 72.0
366 28.0
515 28.0
958 34.0
89 80.0
689 5.0
601 41.0
718 30.0
689 13.0
784 9.0
370 84.0
867 69.0
824 33.0
160 36.0
69 3.0
898 15.0
514 15.0
813 97.0
835 19.0
681 12.0
602 84.0
450 6.0
824 80.0
656 17.0
731 75.0
260 70.0
118 22.0
779 65.0
41 19.0
374 53.0
389 82.0
142 91.0
311 4.0
752 30.0
842 64.0
506 98.0
611 89.0
479 25.0
475 49.0
288 61.0
603 90.0
741 92.0
321 29.0
122 13.0
350 33.0
467 34.0
177 15.0
904 30.0
965 79.0
97 19.0
432 64.0
921 2.0
522 37.0
417 80.0
489 70.0
604 100.0
52 28.0
339 12.0
982 27.0
448 5.0
509 4.0
937 100.0
579 63.0
310 9.0
605 96.0
750 17.0
975 98.0
263 27.0
661 60.0
908 68.0
434 57.0
390 47.0
261 50.0
710 21.0
304 20.0
606 54.0
961 87.0
597 44.0
541 69.0
722 29.0
346 31.0
121 40.0
785 19.0
682 74.0
336 68.0
923 2.0
607 33.0
380 64.0
860 71.0
458 21.0
6 41.0
262 32.0
871 8.0
43 7.0
464 24.0
645 33.0
46 61.0
200 36.0
370 83.0
608 38.0
250 5.0
680 94.0
86 25.0
617 62.0
698 21.0
758 87.0
957 41.0
991 32.0
913 48.0
609 88.0
741 59.0
911 22.0
124 41.0
710 48.0
912 35.0
716 37.0
704 28.0
489 39.0
671 1.0
828 15.0
682 96.0
163 93.0
388 55.0
798 22.0
610 38.0
8 66.0
38 91.0
959 28.0
834 2.0
829 94.0
136 52.0
948 56.0
768 88.0
566 20.0
601 34.0
189 61.0
640 81.0
40 34.0
611 74.0
844 54.0
188 65.0
853 18.0
556 1.0
828 17.0
787 25.0
201 10.0
612 28.0
947 65.0
643 9.0
84 66.0
316 66.0
237 47.0
24 20.0
986 13.0
904 74.0
404 85.0
521 82.0
5 8.0
595 77.0
854 65.0
813 72.0
613 62.0
565 23.0
376 10.0
140 69.0
652 31.0
61 56.0
41 21.0
465 80.0
616 69.0
513 99.0
614 57.0
171 66.0
883 97.0
648 85.0
833 85.0
206 19.0
1000 34.0
929 60.0
912 91.0
453 79.0
960 5.0
251 98.0
520 22.0
62 92.0
200 80.0
906 62.0
564 36.0
838 31.0
615 53.0
913 95.0
987 28.0
214 70.0
97 94.0
921 26.0
507 68.0
76 67.0
415 9.0
616 25.0
121 34.0
607 9.0
553 47.0
169 65.0
214 18.0
474 25.0
741 14.0
807 38.0
589 66.0
118 36.0
484 61.0
756 54.0
575 41.0
836 22.0
617 68.0
791 23.0
162 14.0
188 24.0
398 85.0
611 75.0
710 23.0
140 76.0
669 62.0
862 38.0
767 15.0
618 55.0
225 88.0
892 70.0
252 58.0
332 25.0
271 40.0
575 29.0
844 97.0
43 22.0
619 22.0
138 75.0
960 49.0
963 22.0
112 27.0
120 97.0
325 50.0
821 42.0
832 58.0
536 85.0
767 38.0
375 31.0
342 4.0
91 32.0
338 17.0
682 87.0
620 37.0
12 34.0
300 13.0
585 87.0
558 84.0
759 45.0
505 60.0
627 89.0
494 81.0
771 82.0
621 72.0
64 47.0
774 66.0
786 84.0
498 24.0
26 58.0
408 65.0
836 16.0
971 84.0
622 69.0
550 87.0
38 55.0
134 92.0
918 11.0
127 52.0
346 58.0
633 71.0
327 52.0
531 15.0
557 59.0
527 77.0
54 93.0
259 70.0
351 82.0
240 59.0
623 84.0
637 64.0
765 82.0
793 20.0
488 55.0
667 55.0
727 89.0
343 40.0
707 97.0
146 57.0
628 36.0
263 68.0
684 76.0
276 81.0
1 87.0
802 26.0
624 64.0
838 25.0
110 75.0
435 86.0
24 57.0
415 76.0
42 19.0
63 76.0
108 66.0
466 67.0
200 2.0
141 33.0
717 53.0
625 36.0
782 84.0
839 77.0
695 50.0
940 69.0
653 5.0
55 90.0
886 7.0
798 19.0
417 49.0
770 36.0
669 17.0
626 68.0
525 24.0
182 68.0
116 1.0
323 91.0
884 97.0
459 80.0
789 69.0
977 48.0
959 35.0
292 76.0
538 83.0
272 93.0
722 8.0
627 100.0
698 23.0
69 98.0
601 30.0
772 89.0
795 85.0
29 28.0
636 84.0
628 76.0
403 20.0
492 3.0
332 47.0
301 45.0
527 92.0
659 98.0
429 15.0
874 41.0
210 64.0
629 84.0
20 25.0
39 22.0
353 4.0
293 68.0
13 32.0
759 59.0
29 60.0
801 83.0
242 64.0
630 8.0
551 80.0
405 63.0
284 44.0
63 60.0
746 32.0
196 34.0
631 43.0
188 14.0
381 26.0
279 100000.0
996 77.0
937 44.0
362 27.0
199 26.0
345 58.0
238 55.0
909 32.0
669 65.0
632 10.0
391 83.0
327 56.0
86 17.0
972 20.0
65 97.0
328 40.0
110 58.0
157 47.0
968 51.0
633 91.0
196 62.0
756 45.0
285 93.0
634 3.0
236 25.0
226 67.0
723 98.0
480 74.0
18 77.0
748 86.0
227 8.0
406 23.0
635 84.0
228 13.0
161 34.0
597 52.0
29 18.0
717 78.0
602 95.0
230 85.0
531 33.0
488 23.0
187 42.0
636 96.0
959 99.0
522 22.0
147 90.0
46 91.0
609 30.0
573 95.0
628 47.0
771 74.0
237 78.0
637 80.0
962 71.0
897 33.0
335 28.0
331 1.0
61 97.0
584 57.0
443 58.0
638 71.0
978 49.0
46 33.0
31 1.0
804 70.0
957 22.0
511 49.0
63 1.0
352 65.0
675 72.0
139 11.0
639 18.0
832 51.0
960 19.0
779 31.0
564 79.0
31 88.0
984 27.0
837 24.0
793 61.0
392 66.0
640 72.0
664 80.0
719 39.0
20 62.0
797 41.0
413 1.0
893 47.0
641 83.0
915 23.0
659 33.0
715 99.0
895 4.0
607 61.0
49 16.0
731 86.0
405 73.0
635 97.0
866 46.0
891 52.0
645 20.0
381 41.0
484 85.0
642 70.0
763 33.0
926 29.0
983 60.0
290 27.0
624 56.0
220 96.0
445 58.0
209 9.0
634 95.0
643 38.0
57 40.0
488 77.0
384 19.0
50 65.0
521 10.0
801 87.0
205 83.0
536 82.0
6 64.0
346 42.0
525 78.0
799 71.0
106 20.0
516 73.0
103 34.0
644 36.0
112 48.0
130 12.0
307 64.0
549 22.0
558 33.0
373 72.0
872 75.0
723 20.0
57 52.0
645 85.0
998 28.0
44 41.0
970 50.0
871 65.0
491 55.0
512 74.0
73 30.0
489 51.0
646 52.0
96 32.0
558 10.0
753 8.0
472 18.0
217 62.0
755 44.0
394 1.0
649 10.0
853 33.0
569 2.0
246 98.0
643 32.0
128 78.0
344 43.0
901 22.0
117 68.0
105 8.0
684 73.0
167 13.0
647 56.0
192 58.0
476 100.0
487 50.0
130 58.0
132 14.0
340 62.0
739 51.0
359 12.0
61 74.0
652 21.0
294 74.0
325 49.0
376 62.0
826 67.0
814 22.0
648 63.0
167 54.0
40 53.0
67 3.0
53 87.0
693 46.0
180 90.0
203 24.0
304 2.0
624 97.0
157 13.0
649 28.0
141 77.0
758 76.0
780 96.0
575 19.0
999 93.0
93 39.0
522 67.0
900 52.0
958 3.0
940 32.0
672 86.0
412 8.0
564 17.0
650 68.0
963 45.0
314 27.0
501 8.0
913 83.0
556 61.0
485 91.0
546 64.0
51 39.0
651 48.0
819 13.0
479 46.0
509 71.0
515 16.0
534 9.0
568 57.0
76 15.0
238 57.0
996 55.0
705 62.0
455 59.0
652 5.0
338 72.0
419 1.0
645 46.0
442 75.0
979 12.0
10 39.0
721 82.0
855 86.0
653 6.0
926 48.0
102 7.0
442 85.0
985 23.0
626 33.0
942 5.0
345 2.0
283 23.0
402 22.0
51 35.0
449 13.0
981 62.0
654 32.0
819 51.0
491 9.0
858 35.0
327 39.0
345 67.0
845 95.0
549 76.0
4 58.0
519 1.0
655 14.0
8 11.0
301 71.0
77 13.0
787 98.0
102 67.0
569 100.0
162 97.0
937 99.0
500 99.0
656 1.0
315 35.0
973 68.0
150 63.0
275 78.0
842 21.0
566 86.0
878 32.0
443 42.0
158 32.0
657 84.0
349 31.0
366 25.0
464 96.0
323 91.0
948 34.0
278 66.0
802 34.0
658 59.0
440 11.0
709 23.0
929 96.0
219 18.0
129 41.0
450 27.0
72 54.0
659 36.0
769 55.0
942 53.0
424 92.0
356 86.0
815 62.0
582 11.0
543 45.0
562 82.0
114 100.0
418 25.0
866 89.0
151 25.0
660 60.0
150 40.0
839 20.0
621 55.0
57 81.0
674 20.0
588 9.0
261 9.0
561 53.0
113 74.0
60 68.0
301 30.0
493 96.0
563 18.0
565 26.0
661 77.0
263 95.0
675 86.0
745 89.0
441 41.0
317 4.0
297 24.0
244 53.0
261 74.0
662 8.0
755 17.0
305 32.0
622 78.0
648 5.0
102 93.0
681 15.0
125 81.0
827 47.0
118 45.0
319 19.0
872 62.0
133 87.0
375 97.0
591 49.0
824 39.0
663 72.0
625 94.0
584 48.0
900 74.0
719 35.0
407 29.0
354 49.0
664 66.0
447 25.0
795 52.0
412 55.0
210 17.0
475 17.0
993 94.0
432 18.0
854 40.0
236 41.0
503 65.0
152 19.0
665 23.0
633 49.0
526 15.0
47 25.0
853 47.0
481 45.0
540 88.0
51 43.0
149 97.0
831 60.0
666 41.0
234 18.0
910 27.0
537 57.0
981 90.0
757 70.0
27 21.0
787 52.0
667 60.0
279 89.0
629 83.0
514 88.0
806 10.0
214 63.0
803 75.0
555 31.0
568 33.0
106 81.0
668 59.0
596 75.0
622 83.0
853 89.0
64 72.0
996 40.0
804 80.0
698 68.0
752 69.0
678 33.0
669 79.0
128 16.0
55 34.0
295 74.0
755 56.0
276 28.0
615 94.0
162 80.0
591 10.0
670 41.0
443 63.0
752 27.0
880 92.0
750 93.0
434 79.0
45 15.0
861 30.0
913 23.0
716 16.0
974 13.0
671 83.0
812 49.0
999 35.0
530 51.0
540 51.0
411 98.0
528 53.0
245 69.0
218 44.0
173 98.0
396 22.0
672 93.0
78 11.0
273 93.0
953 92.0
435 57.0
52 45.0
941 87.0
561 32.0
513 92.0
719 34.0
666 38.0
727 45.0
837 67.0
673 62.0
871 75.0
863 15.0
20 62.0
11 58.0
43 63.0
363 66.0
988 59.0
689 24.0
674 96.0
595 71.0
201 76.0
781 7.0
769 31.0
687 53.0
225 63.0
448 96.0
413 53.0
464 50.0
933 26.0
343 17.0
675 99.0
127 95.0
554 66.0
478 54.0
543 11.0
164 81.0
136 34.0
818 19.0
937 73.0
215 59.0
676 29.0
291 84.0
114 4.0
795 89.0
729 26.0
315 20.0
334 44.0
452 46.0
643 80.0
754 74.0
369 78.0
95 23.0
677 82.0
68 74.0
817 44.0
788 27.0
379 58.0
118 79.0
686 43.0
910 63.0
678 25.0
423 44.0
683 60.0
505 98.0
371 97.0
282 33.0
702 7.0
553 50.0
697 52.0
679 66.0
937 27.0
541 66.0
587 19.0
32 39.0
948 47.0
689 67.0
292 93.0
102 92.0
531 61.0
680 56.0
335 51.0
344 27.0
956 66.0
564 75.0
609 26.0
426 21.0
183 24.0
597 11.0
939 38.0
984 78.0
769 15.0
975 100.0
802 91.0
681 34.0
623 80.0
450 96.0
6 60.0
254 59.0
297 88.0
472 45.0
260 21.0
566 83.0
82 55.0
966 27.0
369 100.0
559 83.0
384 51.0
390 82.0
946 7.0
682 73.0
190 7.0
53 70.0
527 86.0
873 67.0
648 93.0
142 78.0
911 90.0
491 9.0
920 51.0
683 11.0
447 60.0
918 1.0
517 23.0
802 19.0
829 86.0
373 12.0
204 42.0
610 80.0
466 72.0
886 46.0
444 68.0
234 54.0
586 22.0
993 56.0
794 77.0
684 89.0
555 66.0
685 80.0
454 75.0
869 25.0
721 84.0
905 95.0
718 53.0
240 80.0
686 73.0
795 33.0
504 26.0
32 72.0
252 66.0
816 83.0
918 8.0
73 45.0
192 86.0
316 62.0
655 14.0
196 88.0
687 19.0
398 89.0
383 68.0
616 85.0
407 36.0
591 7.0
567 62.0
284 34.0
635 22.0
731 43.0
431 11.0
688 62.0
19 81.0
332 65.0
870 13.0
789 47.0
646 66.0
32 6.0
480 3.0
222 62.0
829 4.0
689 26.0
218 6.0
935 69.0
822 7.0
619 53.0
54 96.0
956 47.0
178 20.0
22 86.0
690 32.0
125 20.0
97 22.0
995 30.0
517 24.0
562 19.0
486 96.0
881 23.0
705 17.0
691 12.0
40 69.0
253 27.0
599 25.0
194 51.0
19 49.0
865 7.0
715 39.0
398 18.0
301 82.0
519 73.0
978 72.0
602 8.0
665 45.0
853 77.0
481 51.0
330 34.0
692 43.0
817 38.0
563 85.0
382 55.0
733 74.0
285 51.0
129 13.0
179 6.0
379 14.0
693 49.0
634 23.0
719 60.0
417 54.0
749 49.0
187 88.0
948 16.0
557 53.0
780 39.0
101 80.0
694 51.0
629 66.0
417 62.0
144 28.0
891 67.0
865 54.0
75 62.0
695 73.0
210 7.0
365 75.0
699 46.0
507 37.0
695 85.0
167 44.0
166 12.0
771 21.0
94 87.0
791 26.0
810 41.0
384 48.0
840 59.0
513 49.0
696 67.0
903 63.0
607 33.0
616 32.0
569 96.0
526 81.0
821 38.0
793 20.0
146 94.0
58 48.0
773 94.0
164 45.0
401 72.0
951 89.0
143 80.0
697 87.0
562 61.0
357 24.0
619 72.0
101 50.0
792 81.0
685 76.0
334 92.0
361 46.0
698 97.0
485 89.0
538 44.0
200 47.0
934 27.0
620 77.0
805 64.0
291 68.0
461 26.0
640 7.0
699 98.0
366 25.0
362 57.0
471 86.0
514 50.0
275 91.0
443 53.0
34 11.0
731 20.0
212 56.0
373 51.0
55 86.0
803 61.0
17 81.0
700 71.0
398 27.0
170 42.0
414 77.0
916 53.0
188 74.0
844 33.0
105 49.0
602 95.0
410 35.0
55 78.0
605 60.0
356 48.0
938 39.0
724 81.0
541 28.0
701 1.0
523 12.0
508 6.0
287 9.0
325 95.0
647 49.0
327 73.0
341 84.0
65 92.0
565 71.0
436 7.0
702 46.0
977 79.0
153 9.0
829 16.0
465 36.0
625 52.0
199 15.0
660 22.0
124 48.0
703 11.0
259 1.0
203 71.0
109 39.0
223 76.0
249 80.0
595 53.0
725 8.0
426 65.0
564 6.0
256 22.0
704 4.0
466 7.0
779 78.0
268 65.0
705 100.0
237 2.0
728 11.0
898 86.0
322 82.0
331 87.0
610 25.0
370 80.0
706 93.0
53 72.0
751 6.0
873 72.0
314 89.0
364 81.0
719 61.0
706 81.0
965 72.0
785 86.0
256 60.0
734 82.0
40 68.0
951 72.0
669 34.0
855 40.0
339 26.0
405 42.0
492 69.0
239 97.0
866 71.0
183 5.0
632 41.0
707 18.0
872 59.0
484 56.0
779 7.0
904 57.0
456 9.0
636 25.0
254 86.0
328 29.0
478 13.0
597 91.0
985 66.0
708 70.0
746 18.0
109 58.0
503 47.0
835 18.0
627 30.0
868 11.0
211 30.0
7 36.0
309 20.0
709 85.0
655 9.0
454 70.0
628 30.0
650 52.0
559 26.0
764 20.0
740 80.0
130 29.0
84 86.0
710 42.0
782 38.0
100 18.0
49 39.0
289 44.0
79 15.0
829 42.0
503 31.0
389 5.0
530 66.0
340 94.0
199 95.0
343 38.0
852 71.0
298 82.0
638 40.0
711 92.0
927 84.0
346 7.0
787 98.0
56 90.0
166 21.0
39 30.0
713 66.0
101 27.0
23 14.0
587 47.0
712 77.0
410 27.0
267 72.0
351 14.0
561 73.0
857 33.0
24 17.0
41 23.0
169 62.0
197 49.0
531 13.0
249 77.0
576 38.0
713 58.0
777 94.0
505 13.0
895 55.0
533 9.0
656 73.0
530 69.0
234 12.0
114 41.0
605 31.0
473 26.0
159 78.0
430 95.0
714 87.0
41 33.0
503 45.0
367 68.0
559 79.0
175 55.0
768 78.0
106 62.0
681 78.0
557 8.0
715 69.0
127 94.0
370 6.0
184 17.0
743 86.0
122 69.0
550 7.0
962 72.0
335 26.0
408 63.0
701 17.0
907 4.0
315 55.0
716 71.0
493 16.0
650 88.0
774 97.0
305 21.0
534 70.0
778 73.0
717 22.0
846 52.0
284 85.0
666 43.0
980 37.0
736 75.0
563 15.0
441 33.0
437 73.0
186 69.0
276 43.0
810 51.0
391 83.0
718 2.0
987 48.0
551 89.0
777 49.0
747 74.0
929 85.0
145 70.0
440 82.0
957 76.0
804 90.0
719 21.0
517 5.0
157 82.0
927 28.0
194 79.0
862 100.0
881 73.0
720 42.0
901 82.0
897 27.0
403 91.0
579 49.0
645 49.0
336 81.0
970 77.0
721 87.0
437 73.0
172 30.0
148 46.0
385 23.0
245 65.0
388 91.0
517 100.0
427 24.0
531 95.0
889 87.0
914 80.0
722 11.0
75 44.0
888 89.0
572 28.0
700 18.0
974 71.0
15 89.0
802 58.0
287 89.0
680 79.0
759 26.0
723 35.0
150 97.0
118 67.0
946 68.0
683 99.0
347 75.0
792 31.0
307 6.0
9 15.0
681 60.0
363 77.0
658 96.0
425 4.0
724 13.0
755 43.0
874 29.0
754 64.0
98 11.0
603 74.0
725 4.0
299 81.0
778 76.0
763 60.0
132 90.0
699 83.0
63 63.0
233 9.0
993 87.0
71 99.0
907 45.0
94 57.0
472 52.0
369 23.0
726 53.0
529 54.0
804 10.0
279 14.0
630 2.0
915 65.0
737 6.0
508 7.0
691 64.0
890 93.0
727 94.0
147 78.0
692 91.0
89 90.0
403 81.0
65 15.0
444 98.0
486 90.0
12 20.0
728 25.0
187 37.0
432 85.0
862 91.0
729 5.0
102 75.0
619 90.0
880 99.0
356 14.0
409 89.0
863 92.0
342 1.0
958 20.0
817 87.0
908 13.0
730 97.0
706 5.0
109 52.0
206 8.0
47 14.0
781 10.0
840 82.0
731 45.0
286 83.0
973 17.0
1 61.0
1000 85.0
670 95.0
915 4.0
93 67.0
748 94.0
793 14.0
473 12.0
732 87.0
995 47.0
379 7.0
886 96.0
156 73.0
374 42.0
733 85.0
576 17.0
494 28.0
942 78.0
61 93.0
227 64.0
972 3.0
742 25.0
223 19.0
472 61.0
483 70.0
209 96.0
734 81.0
184 9.0
235 23.0
735 37.0
611 65.0
926 28.0
953 55.0
605 8.0
388 12.0
783 12.0
818 37.0
84 47.0
161 8.0
59 85.0
374 30.0
736 41.0
122 58.0
933 25.0
371 62.0
262 88.0
378 31.0
612 68.0
925 27.0
393 45.0
737 75.0
30 29.0
968 7.0
56 64.0
135 9.0
319 24.0
408 2.0
158 60.0
360 40.0
320 64.0
738 96.0
202 12.0
824 36.0
781 29.0
968 5.0
702 10.0
12 23.0
70 81.0
125 71.0
499 99.0
573 64.0
68 88.0
460 39.0
739 54.0
179 77.0
955 51.0
302 70.0
649 53.0
481 70.0
853 1.0
847 24.0
740 82.0
47 67.0
628 48.0
14 30.0
130 19.0
711 73.0
718 65.0
531 16.0
731 8.0
482 1.0
771 55.0
676 69.0
741 50.0
746 5.0
475 4.0
251 64.0
289 35.0
543 60.0
144 79.0
265 91.0
633 29.0
142 92.0
551 69.0
472 15.0
296 66.0
542 22.0
742 85.0
329 10.0
49 82.0
25 97.0
883 78.0
554 88.0
255 3.0
250 36.0
924 31.0
47 69.0
627 17.0
243 87.0
184 82.0
716 27.0
491 85.0
205 93.0
743 74.0
773 18.0
324 48.0
275 75.0
322 73.0
473 3.0
754 34.0
306 34.0
247 94.0
744 54.0
179 49.0
923 31.0
661 73.0
504 50.0
837 46.0
466 11.0
81 93.0
115 53.0
894 75.0
814 33.0
651 46.0
745 78.0
155 9.0
967 9.0
823 10.0
382 46.0
438 31.0
805 10.0
592 55.0
243 96.0
740 66.0
818 55.0
746 60.0
113 47.0
863 53.0
613 41.0
180 9.0
722 30.0
245 59.0
683 80.0
65 29.0
236 49.0
10 13.0
265 65.0
838 30.0
296 99.0
617 71.0
747 46.0
643 54.0
391 55.0
406 74.0
855 96.0
572 86.0
577 13.0
89 50.0
629 52.0
748 23.0
135 63.0
568 51.0
440 94.0
652 6.0
171 4.0
971 32.0
698 14.0
326 32.0
112 30.0
850 2.0
982 65.0
830 93.0
301 71.0
231 51.0
837 60.0
696 99.0
749 26.0
821 69.0
941 16.0
723 80.0
597 74.0
418 4.0
135 20.0
311 65.0
391 5.0
263 33.0
11 15.0
750 92.0
783 25.0
948 73.0
387 39.0
310 50.0
168 26.0
123 38.0
55 49.0
74 95.0
815 2.0
48 31.0
746 29.0
751 25.0
125 2.0
70 9.0
265 75.0
109 32.0
268 36.0
411 91.0
372 7.0
90 58.0
11 87.0
711 37.0
616 22.0
317 64.0
981 89.0
752 88.0
162 10.0
362 12.0
167 67.0
535 38.0
338 51.0
862 92.0
207 22.0
694 4.0
416 43.0
707 65.0
180 47.0
758 63.0
874 53.0
476 22.0
960 41.0
175 89.0
613 2.0
545 9.0
109 25.0
186 85.0
377 27.0
753 79.0
181 76.0
82 22.0
171 10.0
913 50.0
905 43.0
732 30.0
437 61.0
439 46.0
904 85.0
400 38.0
650 76.0
232 35.0
754 70.0
544 41.0
978 97.0
819 74.0
234 66.0
100 5.0
755 31.0
907 71.0
86 54.0
50 71.0
609 30.0
677 90.0
493 98.0
455 40.0
959 48.0
55 88.0
330 40.0
997 85.0
664 16.0
335 59.0
241 2.0
147 92.0
157 38.0
756 97.0
883 89.0
96 51.0
42 22.0
473 17.0
160 70.0
483 12.0
603 91.0
706 3.0
24 72.0
643 9.0
57 16.0
235 45.0
796 89.0
934 90.0
9 19.0
760 37.0
899 30.0
757 27.0
38 55.0
366 80.0
454 61.0
369 95.0
219 61.0
435 12.0
442 41.0
939 42.0
758 92.0
462 19.0
261 12.0
219 93.0
347 15.0
817 9.0
490 65.0
701 2.0
759 77.0
238 32.0
326 28.0
80 93.0
580 35.0
95 27.0
586 54.0
893 85.0
740 21.0
611 99.0
617 83.0
554 52.0
760 38.0
457 44.0
396 45.0
941 12.0
147 90.0
913 58.0
415 83.0
92 11.0
969 51.0
816 33.0
761 95.0
420 81.0
227 37.0
400 75.0
496 69.0
897 20.0
75 95.0
329 26.0
584 53.0
85 24.0
285 95.0
175 21.0
539 60.0
260 8.0
418 57.0
762 76.0
884 49.0
931 18.0
83 27.0
559 96.0
911 60.0
166 87.0
770 81.0
763 20.0
679 52.0
40 7.0
161 52.0
935 8.0
147 90.0
106 69.0
203 59.0
355 24.0
983 23.0
764 98.0
313 44.0
932 53.0
789 59.0
559 57.0
233 55.0
385 46.0
509 78.0
822 13.0
867 16.0
765 57.0
421 76.0
36 88.0
128 8.0
608 83.0
419 68.0
965 73.0
802 41.0
793 49.0
724 46.0
758 34.0
781 19.0
899 73.0
616 66.0
639 22.0
884 65.0
193 72.0
583 14.0
678 24.0
766 10.0
316 59.0
928 47.0
960 42.0
234 79.0
157 48.0
549 69.0
722 43.0
144 97.0
768 39.0
835 13.0
240 72.0
472 5.0
21 32.0
933 92.0
700 16.0
131 54.0
767 15.0
869 82.0
248 40.0
185 91.0
836 30.0
480 18.0
819 40.0
768 41.0
815 6.0
623 48.0
492 2.0
81 69.0
307 38.0
790 60.0
332 40.0
690 6.0
413 50.0
912 21.0
837 33.0
942 18.0
769 97.0
585 30.0
130 9.0
812 4.0
83 81.0
630 10.0
718 20.0
593 42.0
956 35.0
86 86.0
770 54.0
197 1.0
476 94.0
345 75.0
733 72.0
555 36.0
491 84.0
507 44.0
87 6.0
721 10.0
346 46.0
108 72.0
908 49.0
387 94.0
771 61.0
400 7.0
777 53.0
547 21.0
788 13.0
457 73.0
772 72.0
177 69.0
651 49.0
572 34.0
339 61.0
385 96.0
195 24.0
233 5.0
849 80.0
664 1.0
634 58.0
568 84.0
650 88.0
773 2.0
481 91.0
925 32.0
974 97.0
703 49.0
206 59.0
151 67.0
921 16.0
634 13.0
160 77.0
661 47.0
774 55.0
359 70.0
719 24.0
241 11.0
281 19.0
681 25.0
780 96.0
699 60.0
775 94.0
204 82.0
280 42.0
245 58.0
584 40.0
736 78.0
602 51.0
601 28.0
88 67.0
998 82.0
698 61.0
776 33.0
167 24.0
552 95.0
930 14.0
891 48.0
774 52.0
711 97.0
944 86.0
777 13.0
932 22.0
168 39.0
219 47.0
477 33.0
455 36.0
588 93.0
30 49.0
680 91.0
28 60.0
251 63.0
778 75.0
646 93.0
260 12.0
620 77.0
830 77.0
209 70.0
499 33.0
841 3.0
963 61.0
507 71.0
779 15.0
580 35.0
109 74.0
789 18.0
610 55.0
780 19.0
526 26.0
817 38.0
43 54.0
528 21.0
295 57.0
97 89.0
312 24.0
380 58.0
781 17.0
607 34.0
942 10.0
709 46.0
861 88.0
290 87.0
135 57.0
278 97.0
823 38.0
64 55.0
556 23.0
552 96.0
232 39.0
782 84.0
734 53.0
723 97.0
505 67.0
532 7.0
1 18.0
124 39.0
16 78.0
809 47.0
30 23.0
783 14.0
940 2.0
750 38.0
686 86.0
237 19.0
278 60.0
655 69.0
564 94.0
148 59.0
907 31.0
920 65.0
784 37.0
113 79.0
94 26.0
679 47.0
367 11.0
452 5.0
306 17.0
671 89.0
392 6.0
869 76.0
814 39.0
606 47.0
317 93.0
563 60.0
809 92.0
558 22.0
785 38.0
223 40.0
960 61.0
550 36.0
925 96.0
112 79.0
592 63.0
874 58.0
640 4.0
21 53.0
299 85.0
893 33.0
103 25.0
786 22.0
640 41.0
873 48.0
213 49.0
289 60.0
875 47.0
96 45.0
730 31.0
971 9.0
787 16.0
817 67.0
341 23.0
327 92.0
468 68.0
211 53.0
358 6.0
705 17.0
74 44.0
788 88.0
744 76.0
411 76.0
713 81.0
751 46.0
571 98.0
398 54.0
294 59.0
10 94.0
119 47.0
789 67.0
721 80.0
531 13.0
822 64.0
611 10.0
446 50.0
373 22.0
694 23.0
821 25.0
753 17.0
29 96.0
522 16.0
289 44.0
78 35.0
72 55.0
2 49.0
161 59.0
790 70.0
158 93.0
712 71.0
800 93.0
609 50.0
435 45.0
911 78.0
217 75.0
467 40.0
142 15.0
828 76.0
269 69.0
571 47.0
897 56.0
356 72.0
747 32.0
445 13.0
791 16.0
63 71.0
313 11.0
286 31.0
422 82.0
98 71.0
838 92.0
176 27.0
85 95.0
926 43.0
516 61.0
601 7.0
792 100.0
528 31.0
118 10.0
577 85.0
395 45.0
521 81.0
749 99.0
9 83.0
755 52.0
506 1.0
998 63.0
793 36.0
441 46.0
988 15.0
344 27.0
995 36.0
306 37.0
54 94.0
969 54.0
225 100.0
404 48.0
868 12.0
328 76.0
967 90.0
522 50.0
638 72.0
584 19.0
907 41.0
794 94.0
432 83.0
246 87.0
111 3.0
726 82.0
731 64.0
831 100.0
22 36.0
446 52.0
795 76.0
598 48.0
649 80.0
3 85.0
112 64.0
398 87.0
793 8.0
443 42.0
312 49.0
236 49.0
799 43.0
758 15.0
899 34.0
717 55.0
796 11.0
460 77.0
942 24.0
819 21.0
10 18.0
485 14.0
53 36.0
557 90.0
159 5.0
162 9.0
190 62.0
118 2.0
797 75.0
267 76.0
761 55.0
987 30.0
652 45.0
263 57.0
982 48.0
798 92.0
542 12.0
417 26.0
285 46.0
38 41.0
499 33.0
679 80.0
214 29.0
632 59.0
410 65.0
799 11.0
897 12.0
467 45.0
515 89.0
850 71.0
127 3.0
529 88.0
93 66.0
223 93.0
365 11.0
101 31.0
825 83.0
800 84.0
977 2.0
668 44.0
931 65.0
416 2.0
805 36.0
620 81.0
563 64.0
298 29.0
724 32.0
257 87.0
801 22.0
807 71.0
325 47.0
159 74.0
458 41.0
440 57.0
836 67.0
623 63.0
902 38.0
142 22.0
802 86.0
894 63.0
551 100.0
690 21.0
999 76.0
783 87.0
284 74.0
299 52.0
456 28.0
963 68.0
815 42.0
22 26.0
355 81.0
577 35.0
627 79.0
803 96.0
990 83.0
754 23.0
287 90.0
637 63.0
304 20.0
478 92.0
901 92.0
334 19.0
605 38.0
906 49.0
804 22.0
967 65.0
160 54.0
683 70.0
531 7.0
946 10.0
101 10.0
490 30.0
9 5.0
581 18.0
805 10.0
905 56.0
684 34.0
996 44.0
202 95.0
63 79.0
562 100.0
897 65.0
632 71.0
940 56.0
604 76.0
603 69.0
450 61.0
806 31.0
476 63.0
686 10.0
829 86.0
699 27.0
307 96.0
734 2.0
807 63.0
791 78.0
512 78.0
959 25.0
167 59.0
22 61.0
768 20.0
536 71.0
70 52.0
808 4.0
531 32.0
65 15.0
894 1.0
631 10.0
562 91.0
152 20.0
890 29.0
387 21.0
42 99.0
594 62.0
809 36.0
367 87.0
816 75.0
186 46.0
331 37.0
925 93.0
504 33.0
810 90.0
813 9.0
140 19.0
671 64.0
132 3.0
210 11.0
183 9.0
591 35.0
493 60.0
753 97.0
25 68.0
800 59.0
719 5.0
724 45.0
811 61.0
297 4.0
167 98.0
574 60.0
548 73.0
578 60.0
553 57.0
860 98.0
784 83.0
716 86.0
773 71.0
925 84.0
812 24.0
520 100.0
53 24.0
753 61.0
148 23.0
391 5.0
843 25.0
128 57.0
755 22.0
371 94.0
374 86.0
813 94.0
540 29.0
306 53.0
56 36.0
308 71.0
645 64.0
299 77.0
593 81.0
396 95.0
464 83.0
435 46.0
863 90.0
381 80.0
814 100.0
832 42.0
264 41.0
574 51.0
425 91.0
12 20.0
560 4.0
454 3.0
962 45.0
846 47.0
460 59.0
296 93.0
815 68.0
927 17.0
639 14.0
905 100.0
236 10.0
918 99.0
479 3.0
953 18.0
202 56.0
182 67.0
867 44.0
95 75.0
682 87.0
458 29.0
816 36.0
25 27.0
82 74.0
392 99.0
586 43.0
716 47.0
69 96.0
131 15.0
444 35.0
817 63.0
3 49.0
561 97.0
735 43.0
471 50.0
640 84.0
671 3.0
730 34.0
140 33.0
509 82.0
793 55.0
818 26.0
48 55.0
254 71.0
841 96.0
730 91.0
102 50.0
49 60.0
114 30.0
871 31.0
215 26.0
763 80.0
819 23.0
901 94.0
492 49.0
337 51.0
190 52.0
788 97.0
805 17.0
701 67.0
969 92.0
174 93.0
148 99.0
60 73.0
671 58.0
142 83.0
426 96.0
381 63.0
532 74.0
820 59.0
202 73.0
190 11.0
282 73.0
277 74.0
358 13.0
298 9.0
33 19.0
912 94.0
344 35.0
214 72.0
821 4.0
140 34.0
268 72.0
772 96.0
626 49.0
903 9.0
648 5.0
445 20.0
822 63.0
284 25.0
181 59.0
509 100.0
381 50.0
320 69.0
277 35.0
218 82.0
823 34.0
701 3.0
783 15.0
137 7.0
164 44.0
162 77.0
120 40.0
349 88.0
76 86.0
921 10.0
973 69.0
824 2.0
550 2.0
462 6.0
333 50.0
72 13.0
825 19.0
285 70.0
765 77.0
69 63.0
887 59.0
331 97.0
980 1.0
808 80.0
826 42.0
159 92.0
799 30.0
251 97.0
887 25.0
414 36.0
492 17.0
374 46.0
823 3.0
531 53.0
827 54.0
425 2.0
88 85.0
343 80.0
157 80.0
178 29.0
569 94.0
573 88.0
828 12.0
800 52.0
356 14.0
568 39.0
196 32.0
779 28.0
807 53.0
506 80.0
829 47.0
516 54.0
629 29.0
856 63.0
306 16.0
582 67.0
819 64.0
830 76.0
296 1.0
83 14.0
202 62.0
875 13.0
622 44.0
371 78.0
385 66.0
738 74.0
831 28.0
944 58.0
475 89.0
163 49.0
224 4.0
79 72.0
850 80.0
757 97.0
95 23.0
581 11.0
416 85.0
520 9.0
832 38.0
890 95.0
578 63.0
919 41.0
484 84.0
442 95.0
241 16.0
810 22.0
649 61.0
29 72.0
278 33.0
145 80.0
423 82.0
549 35.0
910 28.0
463 4.0
619 26.0
833 89.0
212 15.0
64 33.0
534 31.0
82 29.0
896 79.0
712 83.0
468 76.0
45 52.0
553 10.0
813 75.0
853 16.0
380 70.0
664 48.0
793 45.0
685 49.0
675 22.0
834 72.0
743 9.0
334 29.0
976 69.0
931 31.0
975 16.0
841 56.0
389 29.0
222 31.0
565 23.0
507 6.0
835 57.0
205 64.0
929 82.0
395 34.0
265 59.0
126 94.0
213 10.0
649 14.0
364 94.0
264 34.0
836 13.0
847 76.0
15 78.0
111 49.0
800 67.0
874 51.0
346 20.0
253 31.0
794 97.0
472 32.0
214 79.0
962 14.0
911 19.0
956 84.0
278 3.0
837 78.0
792 100.0
313 99.0
580 98.0
822 33.0
145 8.0
838 74.0
803 21.0
730 5.0
284 62.0
532 60.0
979 62.0
892 98.0
663 63.0
178 19.0
266 45.0
839 12.0
870 55.0
930 82.0
134 38.0
228 2.0
911 15.0
26 90.0
64 15.0
456 85.0
684 42.0
749 55.0
840 57.0
103 44.0
496 54.0
269 7.0
465 100.0
132 32.0
603 48.0
313 44.0
563 30.0
70 3.0
818 34.0
841 5.0
666 22.0
131 17.0
88 34.0
587 88.0
157 19.0
842 95.0
65 57.0
954 17.0
14 27.0
192 33.0
505 20.0
433 69.0
843 92.0
547 7.0
471 4.0
990 54.0
34 38.0
145 30.0
660 100.0
992 87.0
267 27.0
508 92.0
162 51.0
844 3.0
923 90.0
698 47.0
64 42.0
271 17.0
313 4.0
515 80.0
824 83.0
573 64.0
845 9.0
798 66.0
210 62.0
455 50.0
635 86.0
330 86.0
359 73.0
380 26.0
846 100.0
867 68.0
97 46.0
850 76.0
183 9.0
932 48.0
63 35.0
997 84.0
986 61.0
593 88.0
350 39.0
506 27.0
937 88.0
847 9.0
302 21.0
84 84.0
285 62.0
818 76.0
614 73.0
404 20.0
752 13.0
301 32.0
699 61.0
848 31.0
812 42.0
279 18.0
273 59.0
385 26.0
615 5.0
849 21.0
153 30.0
197 92.0
431 57.0
420 98.0
192 87.0
950 64.0
901 8.0
989 88.0
254 14.0
831 89.0
846 83.0
307 4.0
850 71.0
770 1.0
650 22.0
332 36.0
150 54.0
157 43.0
921 98.0
136 42.0
425 56.0
671 63.0
138 64.0
371 33.0
228 12.0
383 59.0
680 58.0
501 44.0
851 64.0
278 77.0
648 77.0
599 53.0
503 69.0
642 28.0
349 29.0
530 47.0
852 73.0
819 91.0
677 77.0
426 64.0
338 39.0
892 16.0
462 33.0
926 100.0
442 95.0
130 42.0
853 2.0
538 50.0
421 61.0
610 68.0
232 29.0
483 74.0
457 94.0
837 79.0
919 77.0
470 98.0
680 32.0
276 62.0
860 13.0
854 46.0
998 56.0
582 19.0
606 51.0
612 19.0
92 7.0
469 85.0
855 51.0
208 94.0
562 28.0
818 18.0
765 54.0
325 57.0
856 65.0
250 56.0
872 71.0
68 35.0
817 26.0
957 25.0
180 8.0
634 82.0
362 56.0
625 43.0
675 100.0
343 81.0
857 73.0
509 84.0
378 45.0
722 32.0
919 25.0
424 86.0
367 2.0
955 54.0
130 84.0
901 87.0
858 94.0
963 54.0
641 62.0
940 53.0
982 63.0
1000 39.0
86 72.0
989 48.0
97 33.0
487 63.0
889 6.0
859 41.0
128 55.0
817 40.0
421 41.0
560 75.0
127 93.0
845 53.0
621 79.0
649 61.0
922 55.0
1 68.0
90 55.0
877 46.0
69 33.0
985 71.0
860 40.0
590 60.0
959 37.0
395 62.0
763 9.0
66 93.0
187 51.0
728 98.0
678 70.0
388 38.0
423 74.0
317 43.0
696 96.0
910 70.0
861 27.0
776 32.0
37 56.0
785 84.0
559 59.0
551 27.0
258 44.0
862 37.0
148 67.0
239 79.0
412 68.0
288 92.0
571 3.0
624 10.0
685 29.0
501 2.0
381 24.0
763 73.0
812 60.0
863 71.0
218 42.0
697 89.0
655 70.0
323 7.0
328 54.0
460 47.0
355 40.0
134 16.0
443 27.0
864 25.0
961 5.0
491 38.0
912 78.0
520 31.0
959 85.0
58 31.0
739 18.0
434 44.0
748 39.0
467 87.0
300 77.0
264 61.0
504 30.0
14 93.0
865 96.0
374 2.0
958 99.0
19 79.0
731 87.0
704 40.0
230 37.0
99 97.0
250 27.0
614 27.0
928 28.0
297 15.0
866 61.0
843 60.0
288 68.0
950 55.0
202 20.0
16 48.0
867 81.0
429 27.0
420 48.0
690 69.0
65 88.0
362 89.0
536 28.0
87 72.0
71 57.0
342 10.0
918 10.0
771 11.0
479 7.0
894 41.0
868 2.0
208 83.0
594 7.0
171 5.0
794 76.0
351 69.0
966 55.0
398 85.0
133 100.0
758 98.0
784 33.0
89 30.0
231 12.0
500 47.0
869 88.0
957 8.0
468 87.0
72 28.0
597 22.0
420 26.0
671 10.0
991 64.0
419 18.0
830 20.0
313 90.0
615 68.0
707 51.0
870 9.0
353 61.0
977 22.0
635 83.0
566 11.0
397 73.0
837 39.0
762 20.0
388 12.0
242 90.0
818 79.0
756 35.0
830 46.0
871 71.0
285 20.0
302 7.0
887 27.0
673 33.0
37 77.0
144 46.0
176 86.0
618 89.0
719 58.0
256 65.0
436 72.0
872 76.0
284 78.0
991 97.0
379 61.0
897 45.0
317 98.0
998 39.0
557 35.0
485 31.0
967 35.0
55 3.0
613 54.0
873 84.0
569 11.0
534 13.0
800 71.0
566 49.0
897 98.0
474 43.0
874 60.0
921 13.0
598 60.0
823 89.0
692 35.0
624 82.0
914 20.0
37 6.0
105 57.0
353 84.0
995 43.0
689 40.0
137 32.0
665 68.0
875 85.0
727 54.0
117 63.0
168 99.0
392 19.0
456 83.0
345 76.0
840 68.0
876 44.0
778 50.0
650 37.0
41 37.0
299 96.0
740 26.0
752 61.0
636 73.0
176 69.0
688 9.0
877 69.0
759 3.0
252 78.0
967 52.0
908 16.0
567 67.0
510 74.0
666 51.0
853 70.0
190 44.0
878 17.0
614 3.0
119 23.0
369 47.0
833 87.0
404 29.0
891 97.0
547 44.0
445 82.0
539 42.0
285 72.0
302 50.0
810 12.0
879 1.0
512 97.0
405 87.0
77 70.0
822 34.0
33 57.0
322 23.0
880 14.0
982 58.0
299 3.0
766 67.0
211 90.0
540 49.0
616 1.0
695 7.0
998 7.0
881 56.0
558 43.0
834 22.0
397 54.0
866 89.0
125 18.0
89 100.0
232 100.0
274 38.0
418 47.0
369 59.0
92 84.0
475 38.0
882 9.0
297 8.0
103 83.0
424 41.0
367 79.0
898 64.0
43 34.0
888 71.0
504 30.0
883 21.0
419 10.0
737 11.0
751 83.0
24 55.0
642 21.0
294 11.0
827 21.0
768 3.0
762 72.0
946 23.0
780 85.0
262 94.0
884 87.0
919 94.0
412 24.0
6 35.0
658 10.0
168 97.0
507 91.0
73 66.0
885 78.0
748 99.0
244 89.0
788 59.0
478 1.0
45 79.0
713 56.0
901 20.0
251 6.0
986 13.0
168 64.0
635 26.0
923 9.0
805 78.0
873 54.0
886 96.0
103 53.0
907 77.0
56 88.0
316 8.0
15 7.0
983 35.0
597 75.0
887 27.0
208 39.0
309 95.0
526 100.0
888 62.0
308 61.0
377 10.0
163 91.0
381 15.0
440 35.0
875 28.0
356 87.0
616 86.0
60 15.0
934 45.0
363 96.0
938 92.0
445 85.0
526 96.0
800 39.0
420 26.0
889 93.0
950 4.0
828 15.0
175 72.0
625 77.0
234 56.0
138 95.0
881 54.0
762 44.0
149 48.0
478 43.0
634 71.0
890 93.0
951 8.0
701 78.0
23 74.0
920 51.0
31 11.0
543 77.0
911 64.0
739 88.0
424 72.0
355 49.0
192 34.0
891 97.0
829 77.0
345 60.0
91 34.0
505 44.0
913 32.0
77 28.0
661 43.0
510 85.0
609 29.0
873 9.0
892 37.0
233 89.0
808 79.0
936 90.0
220 86.0
141 7.0
893 9.0
667 5.0
321 51.0
190 6.0
128 89.0
564 31.0
479 65.0
627 44.0
282 16.0
728 3.0
894 48.0
843 20.0
568 54.0
441 17.0
733 92.0
254 75.0
855 87.0
304 45.0
936 25.0
531 64.0
264 97.0
86 99.0
705 49.0
895 44.0
475 63.0
596 79.0
971 42.0
69 71.0
338 88.0
110 7.0
97 27.0
707 16.0
540 99.0
457 63.0
896 1.0
436 75.0
639 41.0
927 86.0
676 30.0
28 27.0
636 49.0
938 13.0
542 48.0
41 4.0
485 81.0
716 68.0
647 30.0
897 66.0
539 34.0
787 67.0
828 84.0
427 48.0
292 55.0
900 78.0
149 16.0
898 91.0
685 58.0
705 23.0
651 61.0
396 49.0
986 38.0
712 96.0
708 81.0
985 62.0
372 76.0
663 59.0
548 69.0
243 47.0
817 61.0
899 60.0
331 85.0
825 20.0
509 52.0
210 49.0
489 79.0
96 53.0
817 40.0
589 85.0
420 68.0
558 72.0
900 9.0
87 43.0
903 55.0
557 36.0
247 40.0
182 79.0
481 51.0
489 94.0
621 92.0
275 65.0
207 42.0
901 2.0
819 86.0
914 44.0
956 31.0
425 19.0
662 62.0
634 55.0
975 46.0
214 29.0
902 90.0
392 1.0
377 76.0
376 56.0
724 94.0
259 93.0
32 74.0
628 92.0
197 14.0
388 36.0
245 49.0
905 77.0
58 20.0
528 80.0
903 3.0
592 12.0
530 34.0
510 10.0
854 46.0
765 99.0
345 98.0
134 91.0
315 66.0
686 82.0
890 45.0
626 63.0
50 71.0
407 73.0
904 52.0
136 84.0
175 85.0
176 50.0
91 65.0
51 57.0
164 50.0
432 1.0
561 70.0
477 63.0
905 12.0
823 27.0
61 1.0
848 98.0
308 1.0
883 53.0
182 60.0
906 89.0
227 46.0
801 54.0
550 75.0
254 9.0
863 39.0
597 4.0
76 34.0
461 39.0
128 40.0
488 14.0
531 50.0
387 88.0
12 34.0
517 100.0
746 33.0
970 89.0
907 52.0
441 97.0
115 39.0
444 52.0
729 76.0
975 86.0
480 52.0
792 50.0
908 81.0
314 85.0
658 84.0
476 37.0
744 74.0
745 82.0
82 95.0
724 52.0
418 54.0
709 72.0
660 62.0
4 78.0
294 4.0
909 10.0
323 75.0
924 82.0
564 63.0
788 84.0
531 8.0
51 32.0
94 71.0
813 32.0
993 51.0
705 32.0
910 72.0
562 70.0
233 23.0
761 37.0
114 42.0
853 73.0
265 89.0
244 88.0
134 100.0
412 41.0
76 84.0
911 25.0
172 64.0
342 21.0
779 77.0
373 77.0
783 42.0
407 51.0
492 88.0
912 5.0
607 31.0
799 20.0
695 62.0
534 92.0
742 33.0
135 47.0
763 37.0
243 60.0
543 42.0
268 31.0
780 39.0
847 3.0
913 61.0
780 35.0
41 49.0
239 99.0
272 49.0
694 94.0
425 6.0
270 83.0
447 58.0
827 52.0
421 69.0
415 5.0
162 46.0
387 73.0
703 2.0
355 94.0
914 83.0
106 93.0
963 27.0
639 33.0
804 99.0
504 56.0
578 50.0
644 77.0
915 62.0
880 1.0
693 39.0
213 64.0
682 39.0
480 25.0
332 56.0
178 43.0
687 50.0
598 68.0
605 49.0
916 78.0
157 5.0
331 22.0
683 60.0
481 41.0
65 55.0
518 40.0
219 11.0
480 99.0
184 33.0
415 46.0
800 10.0
875 22.0
392 61.0
917 100.0
619 100.0
229 42.0
111 27.0
624 79.0
291 75.0
60 96.0
570 92.0
511 82.0
789 24.0
918 62.0
366 63.0
493 99.0
5 37.0
253 67.0
921 29.0
131 75.0
496 84.0
93 3.0
848 41.0
278 62.0
19 50.0
580 94.0
603 82.0
20 65.0
720 27.0
294 75.0
392 50.0
309 34.0
919 1.0
431 69.0
377 13.0
570 97.0
404 6.0
679 88.0
218 81.0
981 37.0
307 7.0
265 59.0
986 49.0
843 57.0
920 4.0
88 21.0
639 88.0
25 95.0
573 67.0
934 10.0
147 32.0
191 67.0
769 7.0
280 90.0
643 60.0
921 69.0
533 28.0
591 100.0
124 13.0
529 20.0
487 7.0
449 36.0
311 94.0
559 53.0
922 19.0
168 18.0
225 20.0
112 88.0
314 71.0
88 11.0
481 20.0
923 58.0
479 28.0
389 8.0
790 43.0
527 9.0
870 69.0
924 39.0
737 45.0
361 82.0
814 70.0
503 52.0
671 99.0
393 78.0
709 14.0
392 48.0
293 99.0
970 27.0
200 97.0
117 73.0
406 87.0
821 2.0
701 29.0
925 62.0
225 56.0
566 12.0
804 15.0
75 44.0
621 66.0
902 84.0
34 26.0
927 52.0
657 35.0
926 39.0
46 56.0
599 16.0
962 3.0
367 25.0
476 99.0
722 73.0
593 53.0
679 20.0
435 40.0
927 63.0
976 79.0
353 4.0
736 89.0
714 24.0
919 41.0
1 84.0
529 74.0
323 2.0
180 16.0
708 35.0
784 18.0
982 6.0
928 6.0
329 34.0
616 22.0
301 15.0
654 92.0
379 50.0
223 67.0
113 57.0
745 49.0
614 30.0
463 63.0
233 69.0
320 40.0
929 98.0
465 2.0
302 71.0
538 82.0
942 11.0
802 92.0
767 4.0
220 4.0
825 6.0
930 33.0
886 40.0
704 8.0
433 88.0
19 77.0
733 96.0
71 20.0
337 73.0
112 2.0
961 91.0
905 5.0
611 81.0
931 96.0
612 22.0
748 7.0
552 45.0
945 89.0
425 84.0
464 52.0
11 61.0
999 36.0
926 83.0
668 2.0
831 82.0
964 56.0
351 40.0
932 80.0
251 59.0
895 43.0
625 64.0
536 100.0
445 85.0
150 85.0
298 94.0
764 44.0
979 19.0
933 17.0
773 15.0
333 48.0
934 70.0
484 95.0
591 15.0
934 93.0
620 89.0
602 49.0
133 82.0
989 95.0
216 79.0
197 30.0
101 18.0
164 33.0
893 34.0
453 1.0
790 57.0
858 17.0
886 84.0
935 24.0
856 67.0
310 69.0
335 95.0
510 47.0
136 50.0
293 68.0
714 97.0
399 33.0
15 39.0
571 26.0
693 80.0
370 27.0
648 24.0
685 67.0
885 98.0
936 86.0
706 58.0
227 49.0
745 98.0
911 10.0
937 40.0
405 5.0
970 82.0
702 66.0
276 34.0
938 24.0
999 4.0
207 37.0
985 30.0
724 42.0
517 53.0
621 44.0
878 2.0
394 1.0
939 22.0
820 14.0
303 45.0
646 82.0
298 82.0
445 57.0
804 47.0
472 65.0
937 79.0
911 48.0
106 57.0
940 22.0
968 68.0
205 51.0
395 94.0
580 3.0
934 59.0
941 78.0
763 48.0
369 43.0
235 2.0
238 37.0
228 100.0
386 77.0
942 12.0
124 66.0
931 9.0
748 49.0
443 50.0
943 34.0
696 51.0
998 34.0
990 96.0
928 81.0
687 42.0
384 9.0
429 46.0
488 44.0
703 3.0
52 85.0
633 42.0
137 100.0
97 10.0
715 99.0
60 7.0
944 57.0
334 95.0
822 52.0
875 40.0
701 6.0
134 79.0
649 63.0
975 37.0
690 99.0
945 19.0
454 69.0
604 68.0
798 32.0
400 15.0
2 80.0
768 66.0
606 28.0
717 95.0
946 99.0
250 11.0
104 62.0
552 35.0
149 86.0
652 40.0
298 82.0
236 55.0
844 21.0
430 70.0
527 69.0
406 62.0
833 68.0
938 92.0
790 25.0
617 51.0
947 14.0
318 47.0
996 41.0
106 90.0
768 76.0
742 88.0
856 95.0
264 26.0
278 19.0
342 40.0
833 63.0
274 23.0
778 63.0
948 56.0
614 74.0
209 29.0
877 18.0
249 26.0
432 94.0
362 84.0
821 73.0
207 55.0
971 53.0
949 79.0
448 90.0
575 38.0
116 84.0
363 40.0
319 25.0
869 49.0
890 74.0
669 16.0
633 33.0
38 84.0
360 67.0
288 87.0
151 92.0
941 22.0
333 54.0
756 36.0
950 2.0
342 27.0
255 8.0
220 67.0
872 39.0
908 53.0
880 19.0
488 76.0
951 10.0
342 19.0
798 8.0
302 40.0
436 20.0
584 100.0
352 13.0
253 78.0
277 8.0
945 29.0
627 68.0
643 17.0
978 93.0
658 45.0
559 1.0
952 76.0
687 36.0
449 93.0
807 20.0
337 49.0
953 100.0
167 84.0
746 63.0
734 84.0
41 46.0
373 70.0
17 18.0
461 38.0
577 10.0
526 23.0
199 12.0
819 63.0
119 20.0
954 71.0
812 51.0
831 43.0
358 57.0
137 29.0
513 81.0
84 54.0
763 74.0
623 63.0
132 71.0
184 57.0
266 95.0
632 37.0
645 16.0
896 18.0
955 12.0
847 1.0
921 38.0
462 34.0
638 69.0
644 20.0
157 3.0
437 99.0
956 39.0
733 95.0
477 89.0
850 57.0
774 12.0
138 46.0
514 74.0
715 75.0
196 78.0
398 90.0
783 29.0
250 97.0
327 4.0
130 86.0
957 62.0
671 100.0
438 49.0
91 63.0
447 55.0
793 25.0
347 93.0
713 43.0
822 54.0
575 50.0
280 5.0
646 39.0
502 91.0
990 93.0
589 78.0
352 91.0
869 41.0
380 81.0
958 68.0
334 17.0
82 94.0
229 86.0
563 12.0
982 43.0
272 82.0
230 20.0
202 22.0
843 12.0
439 75.0
775 16.0
157 8.0
516 46.0
885 48.0
959 12.0
915 95.0
628 34.0
735 83.0
618 6.0
872 86.0
437 74.0
690 6.0
681 75.0
78 23.0
867 81.0
365 11.0
379 9.0
796 44.0
270 44.0
592 81.0
195 3.0
960 21.0
662 72.0
882 100.0
923 95.0
348 39.0
779 58.0
145 54.0
475 50.0
961 34.0
791 65.0
120 90.0
526 51.0
503 95.0
878 70.0
225 56.0
211 32.0
665 6.0
725 42.0
962 75.0
437 74.0
700 72.0
186 16.0
66 92.0
990 29.0
766 34.0
589 23.0
812 90.0
322 98.0
831 33.0
856 4.0
963 14.0
883 77.0
66 21.0
19 93.0
639 5.0
68 97.0
822 14.0
763 48.0
383 39.0
964 78.0
601 73.0
941 94.0
200 18.0
786 65.0
658 90.0
495 72.0
116 84.0
87 61.0
421 65.0
965 66.0
576 5.0
710 82.0
73 46.0
932 94.0
768 49.0
44 21.0
885 7.0
966 34.0
513 55.0
998 1.0
39 1.0
511 70.0
842 93.0
215 62.0
344 35.0
806 26.0
490 55.0
570 11.0
967 99.0
355 31.0
688 37.0
535 24.0
280 71.0
68 33.0
394 31.0
112 95.0
270 10.0
246 81.0
968 46.0
215 80.0
501 10.0
371 74.0
245 86.0
667 32.0
580 9.0
270 51.0
936 86.0
1 31.0
783 13.0
966 51.0
220 41.0
588 41.0
357 97.0
969 82.0
816 85.0
27 41.0
768 80.0
505 25.0
32 43.0
583 42.0
654 91.0
970 1.0
385 37.0
341 3.0
940 96.0
821 2.0
863 29.0
313 69.0
899 3.0
754 66.0
411 37.0
651 64.0
365 58.0
971 77.0
454 17.0
335 15.0
206 24.0
120 98.0
21 18.0
557 69.0
698 68.0
960 22.0
919 33.0
972 25.0
737 55.0
581 30.0
109 72.0
270 25.0
241 14.0
562 91.0
973 85.0
29 99.0
28 40.0
288 46.0
959 40.0
556 98.0
686 95.0
360 31.0
760 91.0
617 57.0
513 73.0
974 68.0
25 1.0
244 29.0
730 60.0
256 62.0
926 81.0
988 12.0
920 38.0
628 5.0
14 84.0
399 35.0
62 89.0
457 82.0
177 21.0
465 63.0
149 80.0
390 29.0
792 14.0
975 2.0
39 39.0
582 74.0
560 19.0
69 77.0
443 7.0
591 28.0
976 34.0
455 20.0
771 10.0
595 78.0
573 9.0
306 3.0
257 100.0
91 77.0
784 98.0
977 77.0
653 95.0
799 42.0
686 67.0
155 12.0
261 13.0
753 55.0
942 41.0
30 21.0
573 74.0
808 61.0
958 83.0
978 51.0
70 35.0
234 47.0
376 14.0
481 84.0
807 10.0
179 39.0
979 73.0
116 78.0
267 36.0
630 72.0
43 40.0
699 90.0
550 14.0
603 82.0
14 42.0
705 89.0
466 2.0
858 30.0
50 48.0
47 48.0
865 84.0
924 73.0
980 65.0
229 64.0
575 3.0
924 73.0
784 9.0
262 70.0
414 25.0
912 87.0
490 3.0
191 20.0
882 62.0
664 76.0
317 46.0
90 6.0
609 27.0
981 8.0
970 40.0
961 77.0
767 6.0
659 45.0
1 3.0
234 99.0
48 59.0
123 60.0
309 51.0
95 69.0
982 96.0
700 72.0
101 75.0
34 20.0
64 91.0
772 85.0
284 52.0
215 58.0
860 89.0
983 12.0
572 79.0
657 52.0
326 41.0
390 67.0
583 67.0
302 4.0
346 39.0
370 91.0
970 8.0
840 57.0
14 53.0
853 80.0
984 59.0
637 38.0
283 100.0
729 42.0
989 30.0
650 41.0
612 46.0
50 9.0
645 94.0
116 12.0
146 88.0
340 19.0
358 47.0
458 4.0
191 43.0
985 13.0
183 54.0
98 70.0
218 97.0
70 13.0
775 10.0
669 12.0
390 83.0
575 91.0
40 69.0
347 71.0
986 81.0
110 90.0
350 60.0
542 20.0
549 18.0
276 70.0
478 86.0
565 58.0
230 84.0
390 54.0
987 98.0
315 8.0
15 1.0
159 63.0
920 54.0
432 44.0
631 73.0
63 34.0
218 21.0
478 75.0
927 43.0
919 99.0
988 45.0
773 72.0
21 54.0
741 66.0
802 43.0
434 65.0
101 67.0
37 60.0
563 60.0
109 88.0
868 57.0
578 39.0
943 88.0
989 54.0
586 93.0
547 75.0
783 80.0
306 55.0
898 74.0
277 8.0
990 88.0
369 92.0
450 100.0
457 67.0
327 49.0
772 22.0
80 64.0
692 36.0
902 83.0
189 13.0
389 35.0
991 34.0
392 75.0
165 34.0
356 3.0
60 92.0
815 72.0
700 76.0
426 7.0
395 11.0
205 77.0
587 96.0
992 89.0
118 82.0
698 91.0
834 28.0
484 42.0
562 83.0
686 72.0
291 42.0
379 98.0
626 92.0
789 33.0
293 34.0
993 60.0
682 53.0
664 48.0
757 19.0
91 100.0
12 71.0
809 32.0
987 4.0
353 86.0
690 26.0
480 46.0
234 7.0
994 47.0
5 65.0
162 78.0
955 58.0
27 57.0
217 10.0
229 93.0
995 50.0
199 30.0
183 68.0
857 6.0
686 49.0
977 4.0
996 64.0
901 66.0
671 21.0
226 50.0
324 71.0
374 9.0
124 92.0
688 72.0
403 79.0
315 58.0
885 60.0
766 77.0
571 26.0
997 53.0
169 5.0
161 4.0
125 15.0
196 52.0
407 84.0
204 92.0
984 32.0
108 3.0
998 77.0
575 60.0
62 81.0
18 19.0
532 67.0
46 65.0
202 77.0
899 50.0
539 9.0
999 76.0
745 18.0
360 71.0
978 46.0
308 15.0
694 72.0
297 11.0
768 93.0
953 89.0
115 100.0
625 22.0
366 56.0
105 68.0
1000 20.0
844 26.0
622 79.0
105 29.0
636 25.0
904 1.0
37 28.0
486 78.0
409 61.0
688 12.0
106 10.0
289 18.0
272 87.0
290 89.0
516 62.0
690 73.0
959 14.0
47 82.0
484
948
1 484
7 972 966 116 920 670 677 485
8 592 532 849 497 313 801 365 155
9 782 126 950 218 168 776 692 172 107
7 125 806 21 119 398 840 8
9 334 273 289 72 602 457 111 86 318
7 565 926 597 91 979 616 630
7 852 403 575 736 638 684 279
10 248 127 352 885 156 15 542 955 429 305
10 533 951 907 917 515 234 823 94 718 306
9 270 903 612 103 774 853 854 328 587
1 948
