1000 10989 0  0 7
14
9
13
11
12
13
9
8
16
13
10
6
11
12
15
15
12
12
8
10
11
9
14
8
19
12
8
11
15
9
6
11
13
10
17
15
7
8
16
5
14
9
14
8
8
13
13
8
12
9
14
14
8
12
13
11
8
7
6
12
9
10
14
6
14
13
10
11
9
15
10
9
11
8
18
14
11
14
12
6
16
15
14
15
12
13
4
8
8
10
9
16
8
8
11
12
10
16
13
14
8
11
14
10
7
14
8
12
11
9
10
7
15
13
10
11
12
10
7
8
9
16
8
9
8
17
9
14
11
7
11
9
10
10
10
15
5
7
11
14
13
9
11
8
14
7
7
12
13
12
11
14
14
14
10
14
6
8
9
10
12
15
15
14
11
9
10
14
11
8
10
15
14
16
14
12
16
16
6
12
7
12
13
12
11
9
12
17
18
9
9
8
8
10
10
16
11
8
9
10
15
13
11
9
7
5
10
10
15
10
12
14
19
12
14
10
18
10
13
8
8
11
10
12
12
7
10
7
10
11
13
13
15
9
14
14
14
10
14
14
12
8
12
8
16
11
9
7
11
9
14
14
8
18
12
6
10
4
16
9
13
10
9
12
8
10
13
12
14
8
15
12
7
10
12
10
12
10
13
11
12
12
14
10
9
5
15
14
15
13
17
13
14
11
10
11
19
10
8
18
13
15
12
11
11
14
15
13
7
14
10
9
11
16
9
18
14
16
8
16
8
12
11
17
17
10
14
18
10
11
16
13
9
11
12
9
13
8
11
8
9
7
16
14
10
10
15
14
11
8
15
11
9
11
7
7
11
9
9
16
12
12
12
8
10
9
15
8
6
9
6
8
15
10
14
13
7
11
8
11
9
11
8
14
9
8
13
11
10
6
9
11
15
14
10
11
11
15
8
10
5
9
12
12
9
15
12
6
7
11
9
16
16
9
12
11
11
11
11
5
12
5
15
12
8
11
11
9
9
9
8
15
14
11
9
6
6
9
6
11
15
6
14
15
14
7
13
8
13
7
14
10
11
13
14
7
4
15
17
9
8
16
12
13
15
12
16
6
11
9
10
9
11
14
9
10
5
13
12
6
7
11
12
10
11
12
12
10
10
13
13
13
10
7
9
13
13
17
11
14
11
6
5
11
11
7
16
14
11
12
11
8
7
10
13
9
10
9
5
9
5
15
9
9
6
13
14
11
6
9
14
11
12
4
10
15
11
9
11
7
9
13
14
17
13
8
8
4
9
11
10
9
4
9
11
11
11
13
15
9
13
10
12
12
12
14
11
11
9
15
16
11
8
11
12
11
8
11
11
8
19
11
9
14
13
8
13
10
15
11
7
13
10
8
7
9
6
7
6
10
7
5
8
11
13
13
8
11
7
14
15
12
9
5
11
8
8
13
6
11
13
6
14
8
11
8
5
8
18
14
10
14
16
10
9
16
12
12
9
9
7
10
12
8
11
9
10
8
3
10
12
12
12
13
11
9
12
13
14
12
13
9
12
7
12
12
16
11
9
12
12
6
13
6
16
14
14
11
11
17
6
8
13
20
14
9
12
16
11
12
10
12
14
11
14
9
10
7
13
12
7
19
11
10
8
8
10
19
18
7
8
11
20
10
10
9
9
15
9
11
13
9
10
15
16
6
8
5
14
11
8
8
11
11
4
8
11
9
11
13
6
12
16
8
10
15
12
10
15
12
11
8
11
15
7
4
12
9
13
15
11
11
10
7
12
9
12
14
10
13
13
7
9
10
9
10
9
5
12
14
8
11
14
14
14
12
9
10
7
12
13
10
9
13
15
10
13
8
15
11
10
11
15
7
11
8
14
11
17
11
9
10
14
4
17
9
10
6
6
7
15
13
12
12
8
9
10
12
12
7
13
11
13
9
6
11
14
9
13
14
13
18
15
11
12
15
10
11
6
10
16
10
12
9
7
10
11
9
16
19
10
7
15
7
13
10
11
9
10
12
12
12
9
7
10
13
15
9
7
14
12
13
15
11
13
9
12
9
12
11
9
9
12
10
10
15
12
10
11
5
9
10
18
4
13
8
14
10
12
16
12
14
12
18
8
13
7
10
15
14
12
9
10
12
10
5
10
18
7
12
7
8
10
13
15
11
11
5
9
13
10
8
5
15
13
11
10
9
12
11
12
8
12
9
19
8
12
12
10
7
15
6
7
10
9
11
15
14
9
9
13
11
16
8
9
10
16
12
12
11
9
14
14
6
9
13
10
8
11
14
10
20
6
11
15
11
7
13
6
13
2 44.0
291 60.0
344 57.0
311 42.0
510 36.0
854 65.0
391 65.0
320 15.0
875 79.0
751 64.0
424 29.0
337 86.0
73 78.0
733 65.0
3 86.0
618 44.0
248 7.0
940 52.0
180 16.0
259 68.0
323 77.0
384 10.0
525 78.0
4 79.0
484 48.0
197 37.0
349 8.0
848 16.0
526 66.0
810 19.0
392 16.0
617 42.0
408 23.0
289 16.0
457 14.0
549 25.0
5 2.0
445 68.0
514 80.0
389 77.0
613 26.0
343 64.0
314 64.0
650 80.0
761 15.0
262 42.0
887 26.0
6 1.0
790 66.0
588 55.0
861 65.0
226 40.0
739 50.0
337 61.0
307 30.0
230 29.0
243 22.0
178 92.0
390 64.0
7 99.0
331 5.0
719 26.0
820 30.0
625 6.0
587 54.0
533 56.0
613 1.0
665 98.0
144 12.0
408 27.0
276 83.0
417 15.0
8 93.0
359 49.0
298 80.0
118 33.0
740 84.0
135 92.0
90 89.0
478 18.0
234 44.0
9 26.0
234 65.0
666 28.0
783 61.0
498 88.0
994 62.0
752 45.0
491 38.0
10 15.0
594 20.0
798 32.0
229 56.0
525 23.0
442 25.0
726 17.0
89 67.0
402 11.0
107 31.0
11 93.0
648 83.0
343 11.0
979 57.0
278 57.0
622 4.0
11 9.0
25 72.0
288 10.0
564 21.0
912 35.0
908 36.0
679 45.0
125 58.0
132 22.0
47 5.0
770 65.0
627 70.0
746 14.0
12 37.0
96 17.0
532 52.0
274 9.0
153 2.0
143 42.0
805 83.0
204 34.0
649 99.0
168 60.0
13 34.0
555 66.0
837 93.0
26 33.0
47 1.0
273 30.0
14 22.0
572 38.0
18 95.0
603 87.0
470 68.0
925 28.0
585 36.0
531 86.0
64 49.0
550 13.0
608 75.0
15 42.0
937 5.0
787 61.0
652 26.0
702 72.0
145 61.0
868 39.0
7 68.0
409 34.0
380 75.0
318 5.0
913 76.0
16 80.0
526 52.0
906 38.0
966 58.0
550 7.0
669 88.0
990 67.0
175 93.0
328 76.0
968 14.0
859 68.0
129 15.0
266 52.0
746 23.0
3 65.0
17 69.0
671 26.0
950 59.0
199 67.0
775 8.0
830 6.0
407 74.0
528 69.0
722 27.0
47 46.0
797 8.0
189 23.0
415 17.0
784 53.0
717 46.0
18 47.0
864 61.0
507 100.0
101 5.0
445 57.0
246 78.0
686 45.0
134 47.0
337 14.0
392 86.0
660 64.0
529 44.0
19 23.0
922 37.0
553 17.0
792 41.0
254 54.0
241 98.0
603 11.0
244 50.0
194 100.0
221 90.0
204 2.0
406 61.0
20 82.0
804 31.0
440 91.0
410 12.0
606 5.0
115 22.0
498 7.0
395 57.0
21 99.0
592 74.0
910 21.0
560 95.0
231 77.0
254 90.0
913 32.0
520 54.0
91 75.0
546 24.0
22 99.0
61 5.0
688 51.0
825 35.0
554 60.0
450 67.0
271 28.0
826 72.0
36 42.0
685 46.0
741 51.0
23 39.0
309 38.0
738 1.0
78 1.0
7 78.0
69 76.0
559 98.0
46 98.0
543 54.0
24 44.0
271 42.0
947 19.0
314 47.0
116 89.0
846 9.0
115 80.0
574 87.0
436 62.0
234 98.0
237 91.0
986 57.0
840 46.0
883 11.0
25 37.0
251 20.0
188 12.0
112 95.0
28 36.0
405 32.0
90 87.0
457 59.0
26 3.0
673 80.0
573 21.0
704 81.0
137 13.0
834 7.0
993 97.0
431 26.0
581 19.0
420 23.0
239 69.0
232 19.0
210 66.0
976 15.0
712 12.0
437 99.0
678 40.0
969 92.0
599 18.0
27 65.0
429 32.0
616 38.0
561 87.0
604 61.0
692 57.0
413 66.0
310 66.0
277 31.0
375 28.0
675 44.0
98 11.0
28 93.0
964 9.0
219 10.0
841 80.0
184 72.0
807 76.0
631 98.0
723 95.0
29 83.0
504 17.0
999 58.0
261 54.0
697 27.0
213 30.0
842 88.0
473 99.0
940 67.0
31 55.0
141 59.0
30 30.0
491 33.0
58 60.0
76 95.0
757 91.0
917 40.0
968 73.0
242 7.0
530 45.0
683 8.0
763 72.0
643 46.0
599 14.0
440 35.0
556 53.0
31 64.0
178 42.0
18 67.0
607 43.0
987 59.0
548 25.0
574 36.0
433 12.0
569 68.0
32 32.0
428 67.0
650 3.0
969 58.0
631 83.0
370 30.0
33 55.0
915 89.0
138 19.0
253 37.0
358 49.0
536 12.0
543 21.0
622 76.0
662 85.0
166 20.0
257 87.0
34 21.0
169 42.0
143 24.0
363 29.0
89 58.0
518 48.0
662 65.0
571 24.0
954 54.0
399 10.0
714 94.0
144 54.0
853 85.0
35 73.0
121 80.0
933 53.0
753 35.0
206 79.0
876 55.0
416 59.0
866 10.0
169 75.0
145 49.0
36 89.0
188 5.0
573 54.0
285 76.0
997 65.0
741 42.0
404 19.0
512 86.0
683 29.0
274 94.0
961 40.0
420 52.0
255 49.0
380 46.0
542 37.0
449 35.0
98 88.0
37 30.0
968 41.0
665 59.0
438 15.0
406 22.0
66 8.0
440 58.0
179 24.0
836 35.0
454 76.0
433 57.0
942 76.0
435 75.0
483 66.0
574 40.0
38 15.0
331 33.0
44 46.0
712 11.0
234 23.0
846 10.0
730 53.0
39 50.0
475 20.0
706 71.0
980 3.0
920 67.0
996 53.0
280 14.0
429 65.0
40 13.0
577 91.0
993 82.0
58 87.0
231 50.0
465 50.0
201 21.0
457 16.0
536 84.0
691 90.0
308 29.0
425 95.0
235 11.0
537 12.0
356 21.0
443 18.0
41 25.0
175 48.0
801 60.0
66 73.0
294 92.0
42 57.0
368 63.0
501 81.0
244 65.0
49 17.0
163 33.0
4 59.0
820 87.0
212 32.0
269 43.0
325 26.0
687 92.0
434 10.0
664 60.0
43 10.0
112 81.0
239 31.0
914 47.0
859 85.0
878 44.0
693 80.0
383 9.0
537 9.0
44 54.0
833 31.0
952 22.0
675 49.0
99 57.0
795 51.0
287 72.0
154 93.0
909 61.0
376 29.0
442 45.0
378 20.0
973 14.0
385 82.0
45 58.0
819 1.0
285 29.0
465 37.0
72 26.0
972 78.0
541 76.0
580 7.0
46 2.0
16 68.0
100 70.0
942 93.0
311 9.0
613 1.0
50 44.0
504 73.0
47 52.0
561 54.0
387 6.0
988 67.0
438 37.0
603 26.0
503 7.0
905 40.0
822 55.0
649 52.0
732 45.0
924 35.0
271 30.0
48 77.0
159 61.0
357 88.0
855 39.0
782 13.0
197 76.0
430 80.0
402 100.0
730 80.0
420 35.0
727 16.0
160 60.0
552 8.0
49 27.0
608 95.0
332 88.0
456 50.0
75 81.0
19 24.0
115 86.0
362 97.0
50 18.0
437 34.0
312 95.0
632 71.0
52 14.0
181 13.0
45 83.0
296 46.0
463 87.0
247 77.0
535 50.0
938 32.0
51 25.0
799 78.0
270 83.0
519 64.0
636 64.0
370 12.0
406 61.0
38 28.0
819 67.0
52 80.0
522 23.0
565 8.0
530 50.0
237 37.0
238 51.0
487 29.0
947 1.0
486 17.0
621 62.0
744 67.0
283 69.0
937 71.0
10 35.0
53 19.0
265 87.0
701 78.0
14 22.0
699 46.0
271 37.0
678 87.0
492 91.0
485 74.0
230 55.0
140 98.0
50 17.0
524 65.0
407 46.0
54 28.0
566 33.0
313 51.0
51 30.0
846 74.0
185 5.0
537 6.0
225 54.0
55 25.0
281 52.0
239 80.0
670 76.0
461 91.0
699 51.0
487 8.0
45 32.0
247 82.0
883 2.0
565 74.0
921 98.0
56 58.0
551 75.0
94 16.0
328 44.0
744 6.0
372 79.0
208 66.0
761 7.0
304 89.0
172 81.0
189 28.0
833 79.0
517 40.0
57 2.0
551 29.0
565 55.0
50 30.0
379 21.0
664 49.0
644 22.0
517 96.0
690 62.0
633 32.0
935 99.0
58 5.0
468 54.0
54 20.0
769 39.0
455 54.0
178 18.0
186 100.0
497 100.0
59 84.0
666 33.0
759 27.0
862 21.0
287 58.0
540 25.0
841 85.0
60 92.0
833 80.0
430 11.0
479 35.0
376 100.0
553 37.0
61 26.0
605 99.0
657 40.0
448 9.0
101 82.0
416 9.0
791 63.0
251 63.0
941 36.0
240 44.0
909 97.0
720 34.0
62 87.0
526 89.0
41 36.0
733 61.0
502 74.0
786 65.0
437 38.0
212 96.0
848 99.0
63 57.0
568 61.0
510 90.0
624 64.0
531 22.0
158 81.0
553 39.0
625 56.0
17 22.0
740 54.0
64 93.0
204 31.0
131 76.0
15 19.0
935 25.0
528 23.0
825 40.0
507 54.0
6 90.0
639 2.0
835 97.0
162 23.0
746 68.0
106 13.0
65 53.0
879 44.0
870 51.0
463 18.0
688 98.0
448 41.0
66 61.0
49 24.0
175 8.0
490 55.0
158 10.0
822 53.0
357 55.0
699 36.0
377 58.0
892 79.0
771 6.0
868 79.0
966 19.0
145 34.0
67 21.0
574 73.0
738 32.0
843 42.0
658 69.0
485 12.0
208 21.0
638 12.0
866 48.0
384 53.0
491 66.0
374 26.0
999 71.0
68 25.0
631 57.0
881 22.0
869 55.0
591 21.0
287 60.0
312 43.0
820 30.0
690 71.0
872 29.0
69 56.0
710 22.0
262 91.0
193 68.0
44 27.0
707 69.0
330 2.0
988 45.0
530 65.0
290 74.0
594 62.0
70 29.0
331 1.0
78 17.0
529 89.0
846 60.0
769 28.0
24 53.0
485 49.0
346 92.0
71 45.0
614 55.0
585 18.0
408 35.0
628 60.0
249 99.0
313 10.0
527 4.0
160 53.0
646 39.0
110 38.0
373 63.0
86 55.0
879 18.0
457 57.0
72 68.0
753 12.0
776 50.0
226 77.0
737 82.0
426 71.0
81 56.0
973 13.0
340 38.0
701 44.0
73 33.0
697 85.0
397 90.0
471 60.0
136 52.0
164 82.0
565 4.0
740 59.0
630 56.0
74 74.0
908 57.0
200 50.0
944 84.0
749 26.0
48 5.0
447 49.0
827 12.0
554 71.0
853 26.0
691 66.0
75 84.0
357 50.0
733 22.0
407 74.0
751 20.0
678 21.0
417 41.0
824 8.0
76 8.0
113 81.0
780 68.0
828 44.0
195 68.0
159 66.0
741 61.0
739 82.0
142 53.0
390 14.0
98 30.0
136 84.0
241 84.0
596 65.0
307 28.0
526 54.0
431 57.0
874 99.0
77 90.0
12 54.0
122 29.0
778 56.0
523 46.0
434 60.0
537 10.0
963 58.0
194 68.0
48 68.0
370 20.0
320 95.0
913 47.0
679 95.0
78 82.0
375 85.0
285 2.0
884 78.0
220 52.0
853 61.0
14 84.0
416 44.0
335 33.0
184 96.0
780 13.0
79 91.0
204 8.0
737 37.0
612 72.0
871 76.0
608 84.0
229 25.0
32 81.0
80 92.0
235 49.0
383 43.0
209 82.0
736 48.0
765 12.0
80 28.0
336 85.0
42 77.0
926 42.0
372 1.0
898 48.0
935 87.0
906 56.0
785 95.0
452 89.0
257 58.0
728 76.0
81 9.0
941 37.0
225 9.0
261 90.0
362 53.0
836 92.0
82 79.0
452 24.0
880 52.0
483 42.0
142 27.0
696 49.0
822 77.0
515 12.0
967 44.0
622 2.0
959 49.0
149 98.0
366 50.0
489 85.0
319 93.0
131 4.0
83 91.0
413 29.0
954 32.0
841 49.0
356 88.0
616 4.0
573 25.0
453 40.0
433 55.0
97 82.0
631 21.0
705 56.0
935 9.0
812 36.0
111 5.0
84 66.0
539 38.0
518 38.0
302 24.0
492 62.0
737 21.0
739 28.0
420 69.0
27 24.0
90 68.0
281 35.0
8 88.0
825 48.0
108 38.0
85 16.0
289 27.0
817 10.0
36 31.0
216 43.0
590 86.0
567 11.0
565 35.0
908 30.0
509 15.0
941 81.0
767 53.0
55 43.0
794 44.0
850 48.0
86 71.0
682 14.0
264 90.0
784 69.0
652 99.0
8 91.0
470 94.0
52 14.0
396 82.0
381 100000.0
389 69.0
567 82.0
87 40.0
771 3.0
408 69.0
439 56.0
898 55.0
220 91.0
315 90.0
43 55.0
879 77.0
345 70.0
406 9.0
341 55.0
551 86.0
88 31.0
145 18.0
364 28.0
176 37.0
89 96.0
550 17.0
512 87.0
865 43.0
140 93.0
760 33.0
37 48.0
391 47.0
90 99.0
31 36.0
85 70.0
176 10.0
780 94.0
996 94.0
642 25.0
970 54.0
91 29.0
502 71.0
719 91.0
335 91.0
701 44.0
1000 8.0
547 19.0
596 42.0
946 91.0
681 39.0
92 67.0
707 61.0
496 71.0
870 22.0
234 1.0
557 67.0
85 19.0
925 16.0
154 3.0
93 47.0
600 93.0
996 88.0
630 70.0
235 23.0
363 52.0
812 27.0
902 9.0
184 50.0
964 90.0
486 97.0
41 6.0
830 17.0
506 92.0
921 40.0
421 93.0
94 72.0
748 69.0
950 9.0
389 22.0
741 82.0
764 94.0
683 21.0
420 21.0
95 25.0
852 43.0
560 69.0
976 67.0
506 1.0
646 91.0
434 28.0
756 53.0
96 47.0
30 63.0
921 43.0
835 32.0
280 70.0
853 60.0
866 2.0
354 68.0
4 94.0
815 85.0
250 89.0
97 90.0
28 92.0
599 51.0
505 69.0
345 96.0
155 15.0
747 60.0
757 81.0
445 46.0
138 42.0
174 79.0
503 18.0
98 15.0
736 92.0
156 2.0
232 8.0
909 20.0
337 12.0
296 34.0
219 81.0
784 93.0
396 67.0
99 91.0
495 20.0
568 8.0
533 98.0
664 88.0
81 63.0
510 18.0
330 23.0
587 51.0
910 60.0
42 11.0
858 90.0
189 31.0
596 7.0
385 25.0
701 81.0
100 7.0
97 31.0
813 75.0
540 71.0
28 87.0
124 25.0
953 70.0
317 82.0
315 94.0
567 30.0
519 83.0
378 82.0
307 77.0
101 7.0
305 62.0
564 40.0
208 82.0
26 58.0
797 21.0
618 93.0
226 1.0
604 36.0
970 83.0
940 61.0
851 15.0
603 64.0
537 88.0
102 24.0
381 3.0
297 25.0
864 2.0
219 72.0
210 100.0
113 51.0
988 25.0
103 36.0
123 28.0
976 68.0
273 2.0
104 43.0
366 38.0
861 79.0
989 21.0
734 53.0
171 85.0
420 7.0
104 10.0
9 93.0
330 49.0
349 46.0
32 29.0
950 16.0
323 21.0
554 72.0
270 72.0
463 72.0
154 28.0
433 44.0
222 22.0
91 36.0
105 84.0
904 20.0
486 69.0
305 64.0
705 81.0
548 30.0
341 6.0
436 18.0
668 37.0
757 86.0
106 30.0
878 65.0
679 42.0
23 70.0
900 5.0
726 76.0
981 82.0
107 13.0
841 5.0
928 60.0
307 18.0
452 16.0
833 6.0
221 27.0
370 15.0
690 77.0
936 84.0
709 45.0
713 30.0
438 100.0
698 32.0
108 56.0
857 72.0
26 63.0
795 94.0
507 16.0
647 40.0
531 6.0
225 21.0
109 91.0
241 58.0
752 24.0
968 4.0
467 38.0
689 73.0
144 89.0
881 46.0
491 72.0
273 99.0
595 90.0
573 52.0
110 58.0
790 30.0
653 70.0
706 68.0
883 94.0
406 100.0
589 60.0
874 87.0
598 84.0
735 97.0
945 75.0
111 80.0
108 73.0
544 68.0
986 6.0
15 89.0
671 6.0
751 87.0
426 20.0
444 95.0
112 33.0
634 70.0
612 29.0
383 58.0
281 65.0
187 86.0
99 39.0
894 58.0
234 89.0
502 17.0
113 70.0
65 5.0
273 4.0
843 39.0
311 4.0
752 8.0
301 75.0
114 69.0
588 91.0
545 5.0
548 13.0
637 99.0
617 12.0
230 76.0
353 11.0
265 37.0
291 68.0
93 93.0
334 70.0
358 11.0
11 20.0
507 39.0
115 23.0
20 25.0
385 33.0
442 15.0
369 1.0
857 12.0
496 15.0
592 99.0
664 34.0
157 54.0
512 27.0
681 53.0
940 52.0
116 50.0
412 58.0
726 5.0
230 31.0
248 3.0
472 26.0
811 38.0
127 27.0
653 76.0
440 7.0
117 6.0
933 4.0
225 46.0
639 23.0
733 67.0
803 19.0
719 18.0
255 93.0
839 77.0
652 95.0
90 20.0
118 65.0
286 91.0
582 50.0
570 51.0
203 6.0
861 59.0
923 73.0
141 5.0
827 1.0
864 44.0
632 1.0
298 77.0
119 77.0
506 38.0
134 61.0
742 83.0
449 88.0
673 67.0
169 21.0
583 52.0
67 95.0
919 35.0
120 79.0
491 29.0
575 39.0
432 99.0
166 46.0
446 91.0
90 76.0
121 34.0
689 95.0
921 31.0
961 39.0
455 71.0
561 85.0
612 31.0
599 21.0
122 13.0
338 97.0
245 36.0
490 37.0
871 81.0
295 46.0
630 35.0
876 35.0
567 1.0
123 82.0
178 37.0
792 49.0
693 70.0
110 48.0
926 6.0
825 70.0
458 26.0
515 61.0
829 99.0
907 77.0
512 90.0
565 85.0
74 87.0
406 95.0
256 60.0
124 22.0
718 17.0
189 47.0
290 10.0
204 58.0
371 19.0
287 31.0
174 29.0
125 48.0
131 64.0
771 25.0
783 18.0
861 69.0
847 16.0
579 30.0
525 34.0
779 46.0
126 36.0
223 75.0
697 100.0
15 95.0
87 19.0
996 19.0
731 87.0
951 16.0
127 79.0
54 15.0
579 98.0
818 96.0
307 52.0
500 62.0
524 14.0
668 87.0
245 46.0
253 74.0
145 76.0
886 68.0
281 53.0
648 71.0
638 35.0
417 93.0
694 38.0
128 70.0
952 52.0
723 3.0
780 80.0
886 44.0
574 17.0
290 59.0
301 7.0
12 39.0
129 34.0
217 33.0
175 33.0
76 57.0
802 55.0
50 49.0
328 100.0
892 70.0
395 79.0
370 99.0
734 56.0
954 38.0
894 54.0
278 20.0
130 29.0
559 96.0
599 76.0
271 62.0
292 72.0
299 49.0
201 50.0
321 56.0
729 41.0
287 6.0
288 86.0
131 69.0
746 69.0
666 27.0
592 49.0
364 80.0
497 29.0
610 5.0
132 66.0
458 53.0
230 45.0
78 57.0
322 12.0
329 35.0
654 20.0
208 90.0
335 67.0
266 56.0
728 86.0
133 74.0
106 35.0
298 23.0
632 47.0
397 2.0
122 45.0
394 75.0
453 82.0
770 26.0
134 28.0
261 98.0
385 63.0
196 69.0
926 5.0
303 18.0
109 93.0
238 98.0
417 20.0
762 78.0
135 38.0
295 77.0
421 96.0
959 68.0
147 20.0
719 88.0
680 62.0
742 23.0
426 63.0
338 10.0
136 23.0
830 78.0
763 85.0
907 65.0
161 43.0
240 42.0
391 50.0
300 89.0
159 48.0
252 66.0
137 44.0
246 47.0
981 59.0
140 38.0
557 30.0
34 51.0
232 41.0
894 59.0
917 96.0
855 64.0
606 68.0
787 21.0
632 37.0
37 92.0
711 17.0
138 30.0
69 50.0
909 60.0
39 9.0
607 59.0
139 39.0
285 89.0
20 54.0
513 100.0
633 47.0
477 42.0
198 91.0
140 27.0
7 17.0
531 91.0
941 42.0
352 22.0
749 83.0
732 75.0
422 17.0
29 34.0
544 99.0
111 55.0
141 14.0
290 3.0
208 83.0
830 1.0
313 23.0
842 29.0
924 98.0
388 49.0
536 99.0
902 24.0
561 14.0
385 24.0
991 12.0
896 55.0
142 37.0
564 89.0
838 48.0
282 93.0
509 64.0
720 95.0
294 74.0
535 83.0
833 88.0
523 88.0
642 16.0
778 74.0
690 44.0
143 28.0
629 88.0
285 34.0
913 98.0
591 78.0
36 48.0
310 23.0
838 59.0
907 85.0
144 18.0
709 98.0
455 84.0
347 10.0
189 2.0
385 88.0
91 99.0
155 63.0
208 84.0
255 47.0
297 33.0
145 75.0
689 17.0
923 79.0
162 60.0
431 60.0
667 86.0
100 91.0
497 32.0
146 47.0
678 10.0
3 100.0
937 95.0
643 9.0
645 6.0
459 71.0
761 47.0
217 52.0
38 72.0
554 19.0
964 33.0
492 71.0
981 84.0
147 9.0
431 35.0
293 95.0
901 75.0
540 50.0
825 64.0
674 65.0
148 13.0
623 27.0
485 32.0
52 38.0
483 1.0
204 60.0
11 88.0
149 63.0
87 65.0
834 40.0
849 86.0
231 50.0
892 57.0
699 99.0
347 34.0
119 43.0
84 79.0
564 24.0
567 52.0
150 77.0
361 13.0
548 22.0
739 18.0
124 19.0
358 71.0
375 12.0
549 27.0
442 43.0
71 42.0
605 49.0
215 85.0
965 77.0
151 88.0
955 91.0
18 97.0
320 45.0
716 15.0
866 28.0
310 60.0
249 82.0
530 80.0
20 35.0
218 80.0
992 90.0
152 40.0
966 20.0
740 49.0
477 60.0
319 80.0
815 20.0
701 34.0
995 70.0
536 50.0
425 88.0
111 30.0
153 87.0
453 75.0
353 55.0
515 91.0
104 84.0
391 91.0
177 2.0
461 97.0
816 46.0
811 100.0
162 52.0
284 50.0
307 52.0
933 46.0
154 60.0
484 16.0
854 72.0
41 12.0
793 78.0
571 10.0
129 7.0
295 97.0
407 84.0
190 47.0
592 26.0
230 32.0
290 59.0
4 56.0
155 59.0
45 43.0
655 67.0
208 6.0
717 69.0
125 8.0
861 9.0
785 15.0
843 36.0
432 40.0
955 90.0
253 48.0
337 92.0
716 97.0
156 81.0
113 84.0
203 21.0
688 57.0
237 3.0
669 48.0
602 61.0
966 74.0
879 92.0
874 60.0
157 38.0
395 30.0
967 82.0
271 42.0
106 54.0
241 53.0
744 8.0
631 65.0
78 14.0
200 87.0
832 47.0
166 20.0
136 90.0
610 29.0
158 68.0
293 100.0
855 99.0
923 53.0
953 70.0
785 74.0
159 19.0
803 61.0
22 58.0
806 19.0
157 69.0
644 19.0
103 32.0
902 26.0
160 9.0
942 61.0
474 49.0
119 64.0
777 76.0
106 52.0
393 2.0
87 67.0
821 77.0
161 20.0
199 64.0
296 54.0
41 60.0
877 22.0
502 13.0
982 9.0
810 73.0
85 29.0
523 79.0
162 24.0
940 26.0
829 23.0
873 34.0
878 68.0
428 52.0
869 48.0
884 75.0
253 54.0
384 65.0
29 77.0
460 43.0
163 26.0
579 47.0
816 45.0
131 56.0
783 71.0
236 25.0
160 66.0
172 55.0
873 13.0
954 39.0
701 9.0
201 89.0
762 51.0
904 49.0
757 10.0
164 86.0
560 36.0
346 75.0
107 4.0
850 78.0
968 76.0
203 98.0
825 36.0
148 37.0
810 1.0
135 75.0
616 4.0
409 38.0
788 100.0
971 51.0
165 75.0
290 75.0
782 50.0
712 59.0
368 64.0
819 87.0
723 31.0
886 90.0
82 4.0
373 75.0
824 41.0
136 48.0
76 96.0
998 34.0
166 1.0
514 11.0
179 29.0
798 81.0
855 25.0
135 13.0
65 60.0
334 59.0
354 4.0
663 30.0
71 57.0
167 42.0
368 43.0
716 27.0
904 59.0
446 19.0
94 85.0
800 60.0
182 19.0
290 63.0
168 32.0
477 72.0
143 56.0
3 27.0
165 2.0
189 93.0
535 98.0
419 57.0
177 6.0
243 97.0
169 40.0
203 49.0
678 92.0
831 67.0
854 73.0
346 100.0
619 18.0
670 66.0
91 84.0
391 39.0
133 24.0
871 83.0
648 39.0
563 92.0
170 49.0
666 43.0
914 84.0
744 21.0
644 61.0
421 62.0
191 92.0
957 92.0
842 10.0
279 7.0
153 78.0
171 45.0
312 91.0
562 33.0
952 30.0
863 31.0
190 44.0
909 41.0
655 41.0
172 44.0
602 37.0
885 1.0
919 32.0
782 75.0
101 31.0
762 32.0
13 89.0
518 43.0
492 93.0
173 99.0
639 79.0
220 66.0
864 22.0
71 70.0
718 75.0
275 91.0
813 99.0
786 34.0
152 94.0
775 64.0
400 11.0
886 72.0
896 10.0
468 70.0
174 72.0
903 70.0
760 64.0
824 63.0
576 64.0
327 64.0
290 64.0
791 2.0
123 53.0
482 47.0
798 69.0
895 32.0
544 4.0
537 98.0
175 36.0
284 32.0
452 98.0
571 97.0
762 67.0
906 47.0
879 58.0
791 7.0
285 97.0
420 46.0
387 69.0
291 80.0
331 29.0
850 30.0
855 19.0
173 20.0
176 85.0
991 56.0
571 50.0
918 52.0
90 74.0
759 73.0
116 19.0
249 75.0
403 51.0
366 44.0
695 53.0
427 63.0
476 93.0
184 18.0
177 75.0
737 72.0
240 91.0
911 98.0
486 85.0
556 37.0
45 86.0
182 44.0
941 70.0
682 23.0
695 67.0
242 44.0
178 26.0
700 65.0
676 52.0
26 58.0
185 17.0
457 52.0
319 72.0
591 92.0
76 84.0
891 100.0
563 62.0
325 13.0
289 57.0
629 72.0
878 11.0
687 21.0
179 53.0
463 32.0
889 76.0
274 48.0
4 80.0
473 98.0
53 21.0
546 75.0
402 28.0
767 78.0
29 75.0
471 44.0
109 31.0
219 81.0
969 75.0
578 53.0
180 16.0
291 91.0
47 37.0
978 66.0
345 2.0
624 67.0
181 18.0
899 21.0
713 60.0
225 37.0
374 13.0
576 25.0
403 81.0
147 53.0
138 12.0
822 78.0
748 58.0
28 92.0
182 73.0
191 8.0
714 19.0
472 15.0
338 83.0
393 38.0
323 82.0
183 60.0
883 85.0
4 16.0
126 56.0
803 67.0
683 70.0
508 60.0
12 29.0
912 50.0
154 23.0
35 1.0
889 80.0
184 54.0
76 49.0
708 4.0
456 87.0
209 52.0
6 24.0
833 100.0
470 4.0
710 5.0
192 30.0
674 50.0
453 61.0
736 96.0
185 78.0
539 15.0
554 69.0
935 30.0
450 2.0
415 9.0
688 91.0
57 77.0
442 61.0
263 92.0
362 29.0
475 21.0
186 72.0
887 58.0
930 81.0
957 83.0
229 15.0
705 92.0
144 70.0
268 69.0
874 46.0
946 10.0
703 19.0
187 27.0
877 78.0
84 10.0
205 2.0
635 81.0
740 77.0
376 62.0
604 54.0
955 16.0
188 79.0
470 100.0
836 44.0
991 25.0
712 70.0
812 72.0
563 47.0
596 30.0
871 55.0
963 26.0
974 76.0
937 89.0
189 41.0
271 41.0
333 27.0
221 21.0
474 46.0
78 39.0
774 22.0
540 11.0
547 15.0
605 56.0
522 37.0
468 28.0
788 59.0
117 9.0
460 31.0
318 93.0
748 25.0
190 14.0
873 97.0
27 17.0
760 1.0
815 1.0
964 54.0
715 85.0
497 97.0
194 31.0
820 45.0
200 51.0
533 24.0
741 6.0
933 1.0
637 29.0
995 24.0
485 9.0
400 39.0
191 2.0
400 42.0
933 53.0
809 12.0
604 84.0
125 81.0
853 45.0
709 44.0
471 55.0
192 93.0
157 85.0
757 76.0
589 57.0
724 71.0
343 37.0
910 94.0
958 58.0
35 32.0
193 39.0
482 46.0
518 16.0
320 25.0
284 35.0
287 53.0
59 78.0
393 1.0
194 66.0
889 36.0
683 82.0
19 37.0
994 71.0
306 29.0
254 49.0
290 63.0
195 87.0
623 92.0
692 44.0
461 19.0
805 30.0
21 17.0
44 35.0
120 44.0
390 48.0
929 71.0
196 8.0
530 94.0
49 55.0
434 55.0
31 91.0
514 35.0
825 40.0
946 1.0
754 23.0
917 84.0
197 7.0
280 7.0
290 75.0
240 14.0
456 94.0
273 29.0
458 22.0
717 83.0
744 39.0
288 35.0
388 88.0
924 28.0
684 79.0
439 62.0
881 75.0
481 25.0
198 7.0
665 26.0
96 24.0
403 17.0
570 62.0
464 61.0
956 39.0
835 44.0
576 92.0
821 41.0
999 52.0
199 77.0
297 88.0
118 50.0
339 93.0
667 4.0
666 18.0
882 35.0
514 81.0
200 80.0
811 31.0
484 10.0
419 59.0
717 51.0
469 33.0
536 58.0
991 3.0
201 57.0
201 20.0
224 77.0
803 48.0
623 86.0
419 32.0
475 98.0
352 2.0
381 55.0
260 22.0
342 23.0
202 88.0
734 55.0
919 68.0
255 55.0
309 67.0
117 15.0
743 2.0
415 67.0
696 49.0
310 63.0
936 31.0
788 30.0
910 99.0
662 77.0
86 63.0
203 49.0
115 11.0
978 97.0
426 14.0
962 10.0
931 67.0
104 6.0
530 91.0
662 100.0
804 8.0
753 39.0
996 100.0
175 93.0
204 19.0
365 62.0
351 64.0
71 46.0
529 23.0
127 26.0
761 73.0
125 94.0
385 97.0
446 97.0
616 52.0
205 47.0
841 25.0
38 81.0
930 63.0
617 61.0
474 40.0
26 57.0
266 79.0
252 55.0
206 59.0
948 78.0
679 14.0
797 48.0
505 66.0
60 49.0
309 78.0
207 66.0
332 79.0
325 50.0
857 1.0
10 78.0
208 39.0
770 67.0
860 81.0
126 10.0
752 65.0
136 100.0
715 86.0
53 5.0
323 58.0
379 14.0
209 46.0
919 24.0
167 55.0
337 74.0
741 39.0
473 56.0
437 49.0
901 95.0
939 43.0
998 51.0
210 23.0
215 75.0
474 76.0
537 14.0
442 34.0
358 16.0
789 90.0
981 34.0
784 94.0
197 2.0
135 32.0
534 8.0
82 22.0
64 86.0
490 63.0
211 22.0
791 22.0
732 32.0
55 39.0
832 2.0
637 92.0
209 11.0
898 95.0
701 95.0
397 28.0
212 9.0
60 59.0
648 76.0
995 51.0
793 87.0
892 11.0
853 54.0
884 29.0
967 99.0
814 15.0
857 42.0
900 37.0
213 6.0
137 21.0
203 80.0
782 83.0
409 100.0
858 82.0
969 5.0
320 99.0
475 12.0
340 68.0
844 73.0
260 93.0
421 60.0
429 81.0
214 17.0
633 38.0
290 24.0
711 46.0
526 93.0
692 28.0
543 5.0
824 89.0
892 35.0
221 75.0
450 21.0
837 45.0
574 26.0
148 86.0
844 98.0
904 9.0
117 29.0
245 48.0
418 93.0
215 36.0
15 89.0
196 57.0
378 34.0
94 58.0
600 52.0
682 43.0
282 72.0
547 18.0
586 1.0
613 11.0
232 78.0
216 60.0
433 67.0
987 14.0
203 82.0
696 78.0
345 96.0
134 41.0
635 8.0
132 73.0
105 18.0
76 13.0
817 99.0
581 8.0
491 92.0
217 5.0
142 31.0
809 77.0
438 9.0
227 40.0
951 95.0
787 81.0
961 99.0
158 63.0
559 85.0
218 22.0
806 74.0
211 10.0
400 11.0
531 20.0
810 25.0
264 25.0
240 89.0
73 48.0
263 34.0
141 35.0
761 85.0
706 10.0
374 28.0
147 53.0
890 75.0
221 77.0
878 86.0
219 44.0
508 5.0
545 56.0
999 23.0
757 25.0
952 40.0
118 31.0
239 76.0
991 46.0
436 42.0
220 25.0
558 18.0
535 81.0
383 25.0
148 32.0
483 99.0
37 84.0
964 17.0
883 95.0
659 15.0
259 53.0
276 59.0
306 44.0
221 84.0
639 69.0
360 24.0
965 16.0
855 22.0
482 44.0
353 36.0
592 43.0
222 91.0
811 73.0
267 1.0
444 92.0
119 3.0
770 45.0
411 86.0
715 100.0
223 80.0
771 29.0
449 29.0
852 31.0
85 62.0
767 28.0
761 51.0
580 35.0
665 37.0
533 63.0
558 93.0
224 41.0
126 81.0
945 19.0
656 51.0
338 64.0
190 4.0
367 77.0
447 79.0
201 94.0
52 1.0
225 59.0
15 10.0
411 23.0
40 39.0
441 38.0
917 29.0
79 30.0
354 52.0
297 64.0
188 66.0
112 65.0
271 29.0
226 28.0
986 36.0
522 85.0
78 31.0
200 83.0
646 13.0
444 35.0
132 45.0
867 17.0
411 95.0
590 21.0
911 34.0
227 79.0
802 74.0
564 96.0
150 21.0
540 19.0
612 71.0
385 74.0
228 37.0
644 78.0
273 92.0
779 43.0
696 41.0
434 47.0
42 18.0
894 1.0
132 83.0
565 80.0
229 90.0
658 44.0
191 37.0
552 71.0
934 70.0
691 41.0
256 8.0
230 44.0
501 55.0
803 78.0
366 38.0
417 8.0
68 10.0
227 4.0
731 29.0
704 54.0
891 35.0
231 50.0
159 44.0
529 95.0
107 86.0
354 2.0
780 67.0
457 82.0
583 69.0
345 100.0
127 12.0
596 59.0
232 71.0
879 94.0
277 27.0
539 47.0
363 27.0
889 23.0
915 61.0
31 22.0
741 56.0
264 65.0
54 76.0
857 89.0
792 10.0
233 10.0
373 80.0
492 72.0
86 37.0
927 21.0
66 18.0
509 52.0
457 42.0
715 20.0
849 18.0
912 63.0
243 20.0
309 78.0
234 30.0
811 90.0
99 62.0
855 26.0
605 54.0
857 48.0
272 3.0
34 33.0
141 63.0
623 16.0
887 38.0
395 35.0
724 37.0
457 82.0
972 60.0
235 13.0
352 65.0
178 43.0
769 45.0
255 55.0
506 55.0
138 67.0
571 7.0
458 5.0
236 76.0
554 10.0
337 7.0
193 43.0
708 95.0
303 7.0
184 14.0
694 32.0
347 90.0
959 92.0
607 80.0
384 98.0
51 71.0
756 41.0
237 24.0
287 33.0
704 44.0
509 60.0
488 44.0
198 99.0
90 19.0
499 57.0
885 82.0
400 36.0
798 29.0
496 42.0
903 21.0
97 35.0
238 69.0
504 78.0
624 8.0
104 3.0
537 33.0
282 98.0
666 92.0
616 3.0
508 35.0
375 5.0
837 49.0
367 65.0
710 19.0
552 59.0
239 8.0
725 84.0
866 86.0
733 91.0
12 68.0
372 51.0
460 21.0
544 71.0
840 18.0
781 65.0
240 21.0
86 47.0
574 31.0
406 80.0
672 51.0
149 43.0
792 54.0
859 85.0
6 73.0
242 57.0
213 12.0
112 70.0
104 54.0
386 33.0
241 77.0
388 57.0
925 26.0
556 61.0
646 56.0
115 2.0
623 37.0
9 17.0
576 87.0
204 35.0
888 76.0
395 46.0
312 53.0
114 77.0
242 50.0
497 30.0
485 70.0
699 52.0
771 54.0
125 18.0
955 23.0
215 5.0
805 66.0
138 78.0
944 80.0
772 97.0
243 46.0
45 67.0
676 60.0
923 44.0
487 100.0
34 55.0
212 17.0
237 98.0
244 41.0
133 51.0
767 43.0
187 98.0
210 67.0
857 6.0
246 20.0
108 49.0
572 6.0
1 69.0
788 18.0
678 29.0
245 44.0
761 77.0
950 89.0
135 62.0
532 92.0
960 8.0
579 14.0
129 42.0
246 94.0
560 17.0
981 6.0
472 100.0
670 63.0
907 82.0
172 91.0
822 84.0
265 38.0
727 33.0
207 45.0
405 37.0
982 34.0
137 13.0
581 46.0
185 22.0
247 75.0
288 69.0
758 19.0
697 98.0
576 32.0
493 15.0
668 39.0
181 51.0
509 37.0
352 67.0
979 78.0
248 25.0
652 67.0
116 89.0
713 63.0
108 23.0
655 23.0
950 50.0
417 8.0
474 37.0
249 2.0
874 37.0
814 49.0
868 34.0
289 26.0
489 9.0
901 51.0
250 23.0
583 42.0
527 77.0
70 64.0
986 12.0
400 53.0
819 79.0
908 95.0
712 2.0
696 85.0
675 86.0
251 80.0
230 22.0
43 85.0
358 64.0
756 100.0
872 10.0
86 97.0
101 29.0
137 34.0
252 32.0
291 36.0
546 74.0
860 31.0
660 6.0
921 48.0
662 44.0
504 8.0
586 12.0
434 88.0
297 47.0
488 57.0
734 62.0
151 32.0
253 62.0
664 3.0
643 92.0
692 69.0
968 80.0
767 17.0
812 98.0
386 57.0
991 46.0
380 32.0
626 58.0
916 45.0
781 14.0
355 3.0
254 72.0
685 67.0
847 78.0
574 2.0
377 29.0
702 22.0
529 91.0
531 40.0
255 16.0
42 3.0
542 63.0
990 86.0
380 80.0
375 70.0
943 40.0
787 85.0
973 21.0
93 89.0
799 77.0
677 8.0
668 13.0
531 16.0
737 91.0
87 40.0
642 20.0
487 34.0
256 20.0
248 69.0
824 78.0
599 1.0
461 14.0
641 60.0
265 5.0
157 21.0
606 39.0
879 87.0
264 85.0
807 23.0
257 90.0
590 86.0
75 11.0
500 43.0
988 76.0
264 100.0
258 28.0
88 14.0
834 56.0
137 100.0
675 90.0
829 12.0
122 37.0
230 31.0
360 41.0
510 74.0
259 71.0
60 39.0
953 74.0
638 35.0
260 29.0
118 76.0
597 50.0
285 6.0
694 25.0
54 100.0
68 49.0
899 85.0
518 46.0
138 46.0
536 83.0
825 44.0
684 91.0
801 26.0
160 63.0
496 48.0
261 90.0
875 20.0
970 100.0
458 46.0
328 81.0
268 56.0
951 44.0
799 40.0
65 41.0
262 11.0
963 54.0
634 37.0
276 75.0
255 33.0
377 5.0
39 72.0
850 53.0
129 78.0
813 2.0
520 30.0
817 12.0
70 95.0
263 84.0
491 12.0
670 17.0
877 93.0
463 4.0
628 89.0
108 70.0
732 4.0
303 26.0
773 8.0
264 71.0
311 22.0
444 27.0
76 11.0
385 89.0
738 84.0
168 37.0
899 3.0
314 91.0
265 40.0
53 24.0
122 46.0
439 42.0
35 79.0
467 10.0
317 16.0
930 10.0
297 45.0
519 66.0
129 17.0
113 13.0
266 10.0
237 95.0
376 53.0
280 59.0
802 37.0
946 72.0
609 56.0
67 15.0
267 40.0
735 26.0
496 40.0
319 82.0
652 64.0
804 88.0
863 88.0
818 56.0
24 3.0
911 57.0
268 80.0
287 68.0
862 17.0
683 87.0
869 23.0
354 36.0
11 5.0
815 25.0
24 7.0
204 86.0
419 20.0
577 43.0
671 4.0
269 5.0
650 35.0
812 28.0
316 8.0
987 68.0
619 1.0
222 5.0
610 69.0
638 9.0
388 100.0
896 16.0
948 74.0
270 6.0
12 53.0
630 40.0
46 29.0
136 82.0
524 3.0
993 70.0
436 52.0
350 27.0
26 86.0
381 52.0
638 70.0
91 61.0
535 10.0
271 8.0
703 92.0
317 80.0
967 11.0
458 91.0
785 95.0
133 94.0
97 59.0
272 4.0
307 86.0
126 45.0
713 6.0
768 3.0
438 26.0
565 64.0
588 99.0
734 73.0
485 93.0
991 34.0
159 64.0
860 82.0
557 78.0
284 26.0
273 99.0
204 58.0
487 64.0
948 71.0
316 12.0
523 59.0
119 73.0
335 32.0
824 34.0
974 39.0
624 10.0
338 68.0
274 77.0
21 47.0
222 100.0
390 92.0
698 62.0
530 67.0
435 92.0
275 59.0
872 11.0
663 46.0
536 17.0
876 68.0
846 77.0
247 87.0
904 24.0
884 56.0
494 32.0
276 84.0
4 7.0
10 93.0
640 29.0
15 77.0
330 41.0
881 9.0
748 74.0
82 15.0
570 96.0
844 68.0
476 16.0
277 84.0
622 39.0
390 42.0
790 60.0
431 60.0
825 42.0
965 81.0
461 71.0
177 28.0
700 92.0
278 25.0
778 66.0
78 20.0
185 46.0
259 98.0
616 40.0
285 51.0
100 90.0
510 2.0
649 24.0
516 49.0
90 45.0
279 29.0
232 35.0
774 46.0
946 87.0
630 62.0
512 90.0
776 68.0
878 8.0
911 3.0
269 35.0
280 90.0
999 37.0
990 89.0
675 48.0
71 59.0
789 8.0
387 2.0
729 36.0
61 74.0
945 96.0
488 9.0
45 37.0
293 28.0
281 29.0
116 71.0
953 35.0
52 43.0
912 69.0
885 66.0
423 16.0
47 24.0
640 80.0
254 62.0
118 85.0
282 41.0
723 1.0
216 37.0
475 52.0
682 47.0
516 20.0
558 91.0
537 100.0
733 58.0
406 18.0
20 20.0
35 84.0
283 1.0
999 83.0
271 29.0
323 59.0
848 45.0
287 48.0
227 7.0
890 28.0
859 86.0
874 70.0
981 24.0
814 76.0
284 24.0
213 63.0
75 96.0
302 77.0
957 98.0
322 3.0
286 32.0
518 96.0
517 47.0
545 10.0
963 62.0
260 70.0
49 98.0
932 12.0
285 57.0
867 36.0
558 9.0
759 99.0
310 60.0
747 29.0
18 25.0
849 91.0
490 63.0
44 79.0
286 85.0
162 35.0
353 11.0
402 25.0
892 39.0
953 15.0
309 15.0
984 7.0
167 39.0
287 76.0
234 87.0
571 71.0
481 97.0
155 4.0
288 38.0
252 67.0
103 57.0
879 17.0
280 5.0
944 78.0
779 32.0
402 63.0
390 30.0
21 34.0
680 93.0
988 26.0
43 46.0
886 62.0
1 20.0
289 52.0
879 56.0
474 23.0
634 7.0
102 95.0
97 66.0
699 52.0
602 65.0
889 67.0
697 78.0
598 17.0
924 61.0
355 24.0
71 20.0
290 26.0
627 89.0
563 28.0
664 24.0
998 64.0
208 49.0
768 90.0
248 76.0
387 87.0
832 69.0
203 39.0
811 27.0
934 8.0
231 20.0
432 98.0
291 20.0
254 17.0
564 54.0
962 36.0
55 2.0
1 47.0
480 7.0
283 95.0
173 80.0
223 28.0
84 2.0
667 20.0
60 77.0
292 92.0
121 7.0
143 73.0
356 88.0
355 20.0
809 51.0
869 49.0
832 51.0
537 55.0
548 13.0
565 7.0
457 29.0
29 100.0
831 71.0
447 32.0
126 17.0
468 64.0
293 15.0
422 70.0
465 73.0
788 92.0
741 81.0
434 44.0
904 38.0
702 11.0
911 94.0
494 18.0
720 90.0
511 20.0
299 25.0
294 90.0
276 81.0
884 15.0
640 72.0
523 96.0
546 35.0
689 35.0
518 99.0
717 33.0
39 40.0
447 55.0
878 73.0
569 68.0
525 40.0
295 44.0
685 33.0
323 12.0
236 87.0
693 23.0
415 87.0
636 81.0
589 97.0
658 40.0
363 14.0
397 29.0
296 94.0
810 41.0
462 46.0
804 73.0
259 30.0
696 48.0
872 29.0
32 73.0
486 89.0
853 72.0
297 37.0
312 15.0
214 91.0
648 92.0
356 71.0
758 37.0
76 79.0
630 29.0
247 71.0
461 56.0
331 67.0
298 32.0
370 85.0
620 45.0
286 63.0
360 61.0
847 97.0
909 13.0
956 81.0
296 14.0
207 85.0
629 51.0
596 38.0
822 94.0
851 62.0
39 89.0
356 29.0
90 84.0
542 25.0
684 41.0
299 6.0
725 71.0
40 12.0
34 62.0
492 44.0
27 64.0
759 23.0
943 38.0
485 99.0
349 98.0
300 16.0
516 61.0
912 88.0
658 87.0
540 81.0
648 68.0
939 55.0
108 62.0
301 7.0
432 13.0
969 34.0
15 14.0
924 15.0
348 93.0
366 21.0
87 37.0
949 65.0
540 68.0
715 54.0
46 42.0
770 13.0
165 32.0
577 24.0
491 41.0
105 34.0
952 51.0
302 77.0
78 64.0
795 62.0
618 54.0
352 36.0
514 2.0
774 98.0
258 10.0
794 99.0
929 21.0
484 44.0
440 56.0
501 16.0
303 23.0
447 50.0
75 45.0
715 23.0
804 6.0
408 6.0
304 23.0
175 5.0
678 64.0
786 34.0
606 52.0
763 7.0
241 45.0
394 83.0
789 23.0
304 52.0
455 67.0
563 58.0
382 65.0
330 29.0
93 29.0
975 58.0
228 19.0
972 68.0
98 13.0
6 10.0
800 52.0
305 90.0
666 63.0
848 22.0
470 60.0
431 80.0
619 18.0
382 82.0
192 51.0
487 99.0
353 15.0
458 63.0
306 68.0
461 56.0
182 90.0
928 49.0
583 99.0
248 25.0
934 60.0
750 38.0
718 31.0
765 52.0
320 48.0
307 88.0
984 98.0
765 3.0
513 8.0
748 8.0
338 50.0
536 80.0
896 10.0
1000 74.0
32 75.0
920 22.0
284 88.0
567 30.0
792 71.0
308 16.0
796 50.0
450 88.0
176 10.0
276 50.0
671 100.0
590 21.0
632 81.0
699 19.0
720 41.0
615 89.0
212 13.0
287 95.0
717 31.0
640 98.0
309 62.0
718 51.0
613 23.0
327 12.0
908 81.0
532 34.0
444 50.0
746 79.0
424 60.0
178 37.0
281 98.0
480 39.0
165 14.0
310 99.0
284 17.0
787 44.0
317 42.0
577 24.0
213 71.0
697 80.0
311 65.0
724 9.0
970 1.0
325 17.0
42 79.0
928 58.0
947 82.0
850 28.0
477 10.0
817 77.0
491 25.0
478 34.0
535 34.0
952 52.0
312 80.0
486 32.0
998 10.0
391 57.0
156 3.0
393 24.0
233 39.0
930 100.0
305 81.0
658 31.0
313 72.0
986 66.0
821 69.0
916 82.0
374 53.0
142 63.0
478 48.0
963 40.0
522 63.0
314 58.0
668 2.0
243 28.0
290 2.0
139 38.0
543 14.0
647 27.0
180 44.0
194 66.0
627 75.0
173 42.0
315 81.0
413 100.0
135 94.0
905 88.0
327 20.0
660 83.0
149 9.0
187 58.0
873 67.0
2 94.0
292 24.0
142 79.0
796 66.0
493 27.0
127 78.0
622 55.0
316 17.0
297 77.0
577 7.0
84 69.0
310 60.0
111 91.0
72 15.0
950 99.0
560 34.0
317 27.0
5 90.0
212 81.0
656 46.0
424 32.0
198 29.0
150 46.0
961 99.0
645 51.0
593 11.0
736 78.0
410 35.0
206 78.0
845 42.0
986 78.0
677 19.0
218 36.0
409 100.0
318 67.0
387 28.0
529 92.0
840 53.0
557 52.0
42 15.0
290 78.0
820 33.0
187 21.0
974 82.0
446 40.0
719 90.0
653 53.0
397 9.0
319 15.0
531 40.0
406 61.0
419 86.0
679 7.0
983 76.0
542 74.0
984 78.0
612 82.0
317 6.0
396 45.0
471 7.0
704 67.0
642 40.0
108 85.0
864 68.0
320 54.0
420 73.0
802 74.0
353 41.0
430 21.0
208 92.0
366 99.0
523 91.0
321 77.0
552 98.0
849 13.0
109 37.0
458 1.0
160 99.0
502 11.0
769 66.0
415 27.0
715 16.0
929 35.0
485 94.0
136 36.0
980 100.0
716 39.0
293 82.0
322 16.0
590 51.0
219 83.0
743 8.0
277 62.0
831 4.0
396 55.0
977 81.0
323 93.0
888 57.0
312 67.0
427 8.0
126 20.0
710 39.0
78 46.0
182 81.0
618 53.0
174 15.0
227 70.0
378 63.0
324 78.0
551 57.0
903 90.0
916 62.0
164 100.0
238 41.0
268 61.0
697 62.0
444 40.0
491 21.0
99 54.0
325 62.0
135 39.0
427 82.0
11 42.0
888 45.0
846 78.0
306 77.0
726 75.0
384 63.0
996 25.0
67 89.0
255 66.0
778 64.0
462 35.0
788 6.0
51 63.0
542 3.0
326 93.0
869 33.0
752 26.0
830 80.0
410 80.0
160 51.0
489 20.0
263 46.0
876 55.0
400 39.0
65 20.0
350 99.0
758 77.0
116 90.0
176 78.0
482 68.0
918 48.0
327 73.0
113 28.0
38 11.0
552 79.0
15 11.0
139 83.0
850 83.0
929 4.0
28 10.0
221 24.0
328 71.0
12 75.0
505 26.0
712 25.0
114 58.0
381 54.0
364 83.0
1 1.0
915 1.0
819 50.0
87 30.0
743 33.0
479 84.0
163 28.0
329 65.0
584 100.0
983 33.0
757 43.0
900 71.0
3 15.0
267 5.0
371 75.0
516 96.0
978 38.0
884 96.0
342 37.0
222 80.0
968 13.0
549 13.0
812 41.0
979 65.0
272 40.0
330 20.0
156 62.0
777 68.0
310 70.0
20 8.0
355 82.0
541 21.0
554 19.0
916 19.0
929 14.0
331 19.0
489 54.0
565 19.0
350 8.0
44 68.0
714 64.0
908 46.0
710 46.0
961 30.0
290 48.0
321 56.0
332 58.0
39 41.0
436 45.0
658 9.0
191 66.0
862 68.0
738 40.0
188 25.0
584 98.0
954 66.0
337 44.0
764 63.0
202 77.0
555 45.0
692 87.0
364 79.0
333 60.0
218 62.0
399 69.0
445 69.0
998 81.0
623 61.0
814 24.0
783 9.0
263 16.0
799 64.0
738 95.0
220 56.0
829 49.0
334 74.0
954 63.0
546 46.0
344 38.0
206 54.0
630 78.0
671 2.0
134 18.0
17 88.0
335 52.0
303 44.0
606 98.0
215 83.0
961 23.0
307 17.0
806 7.0
37 13.0
79 75.0
206 36.0
800 23.0
336 54.0
565 56.0
313 88.0
17 16.0
778 33.0
861 55.0
842 56.0
240 42.0
321 27.0
164 10.0
144 35.0
590 21.0
337 67.0
671 93.0
816 5.0
815 15.0
56 76.0
796 22.0
324 18.0
341 59.0
674 7.0
338 15.0
123 35.0
502 26.0
121 42.0
52 7.0
316 50.0
820 26.0
605 23.0
71 29.0
898 89.0
838 41.0
829 25.0
20 26.0
339 65.0
252 9.0
424 2.0
662 22.0
356 31.0
264 96.0
705 29.0
121 65.0
340 86.0
359 60.0
968 91.0
462 70.0
634 100.0
28 73.0
972 1.0
334 71.0
761 56.0
393 9.0
60 44.0
341 94.0
400 96.0
716 71.0
339 9.0
927 53.0
109 60.0
445 78.0
441 65.0
342 46.0
683 92.0
523 60.0
586 1.0
941 36.0
929 32.0
973 46.0
978 35.0
572 11.0
343 100.0
935 1.0
184 88.0
707 39.0
125 8.0
108 91.0
377 32.0
344 75.0
257 30.0
531 55.0
177 21.0
124 17.0
684 48.0
263 88.0
443 63.0
957 99.0
472 66.0
581 78.0
718 93.0
159 40.0
931 56.0
450 70.0
570 2.0
345 59.0
775 97.0
604 3.0
220 74.0
536 16.0
108 28.0
125 77.0
981 73.0
112 38.0
297 28.0
93 70.0
551 78.0
247 1.0
77 67.0
346 73.0
230 27.0
926 88.0
82 16.0
951 44.0
95 81.0
170 19.0
931 30.0
444 44.0
122 55.0
347 26.0
920 69.0
439 77.0
999 19.0
773 39.0
376 70.0
805 37.0
285 59.0
996 28.0
152 86.0
348 79.0
748 83.0
488 62.0
58 24.0
50 13.0
746 42.0
852 89.0
954 49.0
888 11.0
661 54.0
452 53.0
282 72.0
519 83.0
612 75.0
926 30.0
349 28.0
646 75.0
692 57.0
725 16.0
257 91.0
683 47.0
449 27.0
467 16.0
970 81.0
726 64.0
247 97.0
479 43.0
930 78.0
13 2.0
350 19.0
494 93.0
623 11.0
471 80.0
293 7.0
927 34.0
893 17.0
484 51.0
292 52.0
75 22.0
239 71.0
351 12.0
940 39.0
93 61.0
153 8.0
44 31.0
793 25.0
283 69.0
641 37.0
352 80.0
943 68.0
555 83.0
825 20.0
503 58.0
257 41.0
544 55.0
687 40.0
766 33.0
577 25.0
662 72.0
430 66.0
36 77.0
668 47.0
764 42.0
353 36.0
74 6.0
995 81.0
596 77.0
150 33.0
517 35.0
120 56.0
915 87.0
522 70.0
869 32.0
416 71.0
354 93.0
166 57.0
804 93.0
877 20.0
365 47.0
442 46.0
499 99.0
239 81.0
186 38.0
355 73.0
111 3.0
281 59.0
374 35.0
33 73.0
924 88.0
869 3.0
492 97.0
658 56.0
148 12.0
881 16.0
356 9.0
614 20.0
381 100.0
90 85.0
915 54.0
105 100.0
317 1.0
357 36.0
707 36.0
634 28.0
752 50.0
16 24.0
385 25.0
970 84.0
358 10.0
134 12.0
870 13.0
187 83.0
286 35.0
669 88.0
845 81.0
788 1.0
139 65.0
671 26.0
754 3.0
359 8.0
620 98.0
247 42.0
64 60.0
656 23.0
96 62.0
268 1.0
728 78.0
874 3.0
360 39.0
616 19.0
909 50.0
989 91.0
574 40.0
334 54.0
91 51.0
789 59.0
47 88.0
361 42.0
41 81.0
883 51.0
60 16.0
554 65.0
569 91.0
174 88.0
418 59.0
768 96.0
237 75.0
878 4.0
492 3.0
381 20.0
259 12.0
791 2.0
191 94.0
362 44.0
647 7.0
707 14.0
110 2.0
680 94.0
318 15.0
482 29.0
423 70.0
767 20.0
192 50.0
915 79.0
36 59.0
363 47.0
253 88.0
730 85.0
514 42.0
427 44.0
443 77.0
511 7.0
137 34.0
611 59.0
989 100.0
88 83.0
366 58.0
364 73.0
175 50.0
304 59.0
235 98.0
785 79.0
728 45.0
510 100.0
898 27.0
605 100.0
153 97.0
731 83.0
403 99.0
365 80.0
108 71.0
535 57.0
391 78.0
347 41.0
175 8.0
730 7.0
311 76.0
366 6.0
867 86.0
552 11.0
732 27.0
126 32.0
247 66.0
685 16.0
645 71.0
789 50.0
830 52.0
367 57.0
508 29.0
78 97.0
961 71.0
159 58.0
101 30.0
905 30.0
273 57.0
438 25.0
368 28.0
448 94.0
7 39.0
673 73.0
618 57.0
794 88.0
312 72.0
608 74.0
364 76.0
304 42.0
356 98.0
336 83.0
37 29.0
613 65.0
508 91.0
369 35.0
799 67.0
678 38.0
636 65.0
173 75.0
625 94.0
161 52.0
295 14.0
370 40.0
942 64.0
972 10.0
37 60.0
471 70.0
820 20.0
371 73.0
905 19.0
480 23.0
556 42.0
282 20.0
953 71.0
691 32.0
620 59.0
380 9.0
372 12.0
182 9.0
568 16.0
853 1.0
715 85.0
469 4.0
373 78.0
327 99.0
280 61.0
175 2.0
260 96.0
191 33.0
766 4.0
49 37.0
374 32.0
268 15.0
224 40.0
79 11.0
749 91.0
514 36.0
908 29.0
452 48.0
263 98.0
883 10.0
611 41.0
769 18.0
17 2.0
122 72.0
146 39.0
375 31.0
560 87.0
918 80.0
906 54.0
498 51.0
995 93.0
554 70.0
116 41.0
583 18.0
817 98.0
376 56.0
418 75.0
739 6.0
382 32.0
615 4.0
913 86.0
543 91.0
330 95.0
365 71.0
212 25.0
241 59.0
965 7.0
176 31.0
141 85.0
377 44.0
619 17.0
351 42.0
489 60.0
591 49.0
22 76.0
527 2.0
795 68.0
816 78.0
530 75.0
5 9.0
301 3.0
569 16.0
378 96.0
825 35.0
268 67.0
107 44.0
663 14.0
580 1.0
249 7.0
379 17.0
772 62.0
6 63.0
497 5.0
65 95.0
174 24.0
792 86.0
846 37.0
32 57.0
172 14.0
521 39.0
380 35.0
729 85.0
599 88.0
739 73.0
253 62.0
837 2.0
841 95.0
942 23.0
381 28.0
581 95.0
634 25.0
252 72.0
473 57.0
16 4.0
901 77.0
157 86.0
584 61.0
408 15.0
271 98.0
382 89.0
471 46.0
891 53.0
481 63.0
761 86.0
777 12.0
369 10.0
851 29.0
408 5.0
383 10.0
630 32.0
269 19.0
30 98.0
245 56.0
163 79.0
772 83.0
143 38.0
813 6.0
577 14.0
852 86.0
384 85.0
350 16.0
108 23.0
36 52.0
386 10.0
698 27.0
746 84.0
950 80.0
385 13.0
640 84.0
538 24.0
753 23.0
892 47.0
969 48.0
868 59.0
49 29.0
369 25.0
633 10.0
670 15.0
904 70.0
921 62.0
456 11.0
386 23.0
352 7.0
974 3.0
605 83.0
100 38.0
451 65.0
2 87.0
898 55.0
84 79.0
387 99.0
903 78.0
1 44.0
408 81.0
156 52.0
926 72.0
194 20.0
476 55.0
388 14.0
907 96.0
234 6.0
733 97.0
563 34.0
196 2.0
647 33.0
314 75.0
670 2.0
59 93.0
377 25.0
469 32.0
344 64.0
389 59.0
115 43.0
953 1.0
771 52.0
692 15.0
184 32.0
910 39.0
830 96.0
826 97.0
533 79.0
414 7.0
390 71.0
347 17.0
33 14.0
406 8.0
356 40.0
315 59.0
741 92.0
837 44.0
553 95.0
184 5.0
391 12.0
647 26.0
975 82.0
658 11.0
134 87.0
598 32.0
392 85.0
412 6.0
264 99.0
695 35.0
853 91.0
440 96.0
226 85.0
574 64.0
836 63.0
393 23.0
537 67.0
921 83.0
347 40.0
947 31.0
996 86.0
688 84.0
333 24.0
515 31.0
434 44.0
819 8.0
394 67.0
796 50.0
41 18.0
969 42.0
543 27.0
638 11.0
853 99.0
470 59.0
12 82.0
401 97.0
482 6.0
590 30.0
879 43.0
828 30.0
976 67.0
395 79.0
825 96.0
443 43.0
642 92.0
235 68.0
808 90.0
824 95.0
182 7.0
959 100.0
46 7.0
290 100.0
513 16.0
717 27.0
319 58.0
396 13.0
158 61.0
548 24.0
76 35.0
622 45.0
809 29.0
851 39.0
357 89.0
181 82.0
501 87.0
397 73.0
520 77.0
192 60.0
624 6.0
615 72.0
798 38.0
3 77.0
969 5.0
440 88.0
898 18.0
905 58.0
398 31.0
635 20.0
555 54.0
74 64.0
60 25.0
62 78.0
354 22.0
600 94.0
21 42.0
662 54.0
206 100.0
399 57.0
426 53.0
438 13.0
599 88.0
476 4.0
262 32.0
611 1.0
924 41.0
20 39.0
367 70.0
91 82.0
543 46.0
637 10.0
726 33.0
486 10.0
400 55.0
389 30.0
59 25.0
607 46.0
687 5.0
758 50.0
907 17.0
353 29.0
401 37.0
458 85.0
497 4.0
427 55.0
114 76.0
905 90.0
868 90.0
768 56.0
713 87.0
31 47.0
402 85.0
496 43.0
377 99.0
344 2.0
340 1.0
403 50.0
898 85.0
664 65.0
738 74.0
265 59.0
8 67.0
258 84.0
451 13.0
563 75.0
404 68.0
442 75.0
971 94.0
581 70.0
793 52.0
166 22.0
963 88.0
176 16.0
773 13.0
701 50.0
117 62.0
12 11.0
405 48.0
302 42.0
810 38.0
257 28.0
609 83.0
988 40.0
368 31.0
603 87.0
126 25.0
536 5.0
178 18.0
792 70.0
406 87.0
791 96.0
485 4.0
94 4.0
544 8.0
561 46.0
289 58.0
188 10.0
741 78.0
407 8.0
792 99.0
234 51.0
255 72.0
896 39.0
897 22.0
535 33.0
54 21.0
532 65.0
757 32.0
720 39.0
82 47.0
570 32.0
74 37.0
846 30.0
408 13.0
954 21.0
471 51.0
509 53.0
324 24.0
55 95.0
839 39.0
151 23.0
452 15.0
317 31.0
754 1.0
842 63.0
409 100.0
499 81.0
732 100.0
565 64.0
445 17.0
255 17.0
410 3.0
657 41.0
775 66.0
630 52.0
918 51.0
227 36.0
617 8.0
411 83.0
912 62.0
192 7.0
124 31.0
834 22.0
71 54.0
907 84.0
197 75.0
838 24.0
37 95.0
397 22.0
412 88.0
43 51.0
742 73.0
301 22.0
213 2.0
718 68.0
583 71.0
422 3.0
960 64.0
413 90.0
311 4.0
808 37.0
287 49.0
347 6.0
850 65.0
804 61.0
773 68.0
478 6.0
888 13.0
680 5.0
181 57.0
147 51.0
852 76.0
717 52.0
362 31.0
414 79.0
910 96.0
230 55.0
285 48.0
966 28.0
253 14.0
716 21.0
215 63.0
934 16.0
567 52.0
631 67.0
427 4.0
309 1.0
917 63.0
296 73.0
383 26.0
415 98.0
128 62.0
571 74.0
518 89.0
295 78.0
317 37.0
742 61.0
898 49.0
669 12.0
416 93.0
744 28.0
602 93.0
574 76.0
323 67.0
607 13.0
698 46.0
772 1.0
765 42.0
588 27.0
593 61.0
619 16.0
417 18.0
644 42.0
979 24.0
218 59.0
502 7.0
408 55.0
175 16.0
613 47.0
773 65.0
689 29.0
207 83.0
418 64.0
87 28.0
989 15.0
463 42.0
920 31.0
669 17.0
921 97.0
702 8.0
34 70.0
100 49.0
649 63.0
419 77.0
786 56.0
849 57.0
121 98.0
132 26.0
365 2.0
306 57.0
284 54.0
347 54.0
950 91.0
48 37.0
420 68.0
46 10.0
865 12.0
1 12.0
699 73.0
103 40.0
541 65.0
713 36.0
933 7.0
149 80.0
416 51.0
421 8.0
472 100.0
868 49.0
41 58.0
910 67.0
422 80.0
92 37.0
944 96.0
216 80.0
273 79.0
202 12.0
94 19.0
702 65.0
648 68.0
683 4.0
547 6.0
249 11.0
423 10.0
573 77.0
526 85.0
698 30.0
262 61.0
424 93.0
961 35.0
824 66.0
549 85.0
449 68.0
253 42.0
612 44.0
373 15.0
43 24.0
509 46.0
25 97.0
970 58.0
459 35.0
13 3.0
703 20.0
425 85.0
888 76.0
448 92.0
257 93.0
110 71.0
375 35.0
917 3.0
485 61.0
204 7.0
995 57.0
45 54.0
621 16.0
426 38.0
540 91.0
64 9.0
351 38.0
414 34.0
631 35.0
576 84.0
421 92.0
427 96.0
404 66.0
729 56.0
925 58.0
512 12.0
884 94.0
659 10.0
298 4.0
515 91.0
621 88.0
533 41.0
428 12.0
487 57.0
363 98.0
283 33.0
108 80.0
189 11.0
94 92.0
589 23.0
162 92.0
448 20.0
976 47.0
429 98.0
570 65.0
23 98.0
674 12.0
66 28.0
681 52.0
239 3.0
90 24.0
797 30.0
430 69.0
760 7.0
202 11.0
997 51.0
796 56.0
918 45.0
546 65.0
30 20.0
969 70.0
431 18.0
409 47.0
191 48.0
42 76.0
629 35.0
229 24.0
95 96.0
327 96.0
778 54.0
432 45.0
25 48.0
143 85.0
393 5.0
520 51.0
529 45.0
135 34.0
985 91.0
433 52.0
16 36.0
590 63.0
400 38.0
240 27.0
404 63.0
495 36.0
363 43.0
771 93.0
658 60.0
859 27.0
985 70.0
267 54.0
868 17.0
371 75.0
434 45.0
599 67.0
212 46.0
644 14.0
853 34.0
178 34.0
684 82.0
351 67.0
868 69.0
534 87.0
325 64.0
969 78.0
9 26.0
461 12.0
435 70.0
530 26.0
396 8.0
882 42.0
862 54.0
157 67.0
279 55.0
630 62.0
109 42.0
920 100.0
130 35.0
436 92.0
984 65.0
788 90.0
389 25.0
708 24.0
316 72.0
147 92.0
930 73.0
141 34.0
437 71.0
858 97.0
344 88.0
627 13.0
269 53.0
889 3.0
438 6.0
58 8.0
399 92.0
394 16.0
106 45.0
113 75.0
439 21.0
103 34.0
837 87.0
635 49.0
752 68.0
177 86.0
585 60.0
691 31.0
501 78.0
440 18.0
719 15.0
74 47.0
538 54.0
343 25.0
144 63.0
441 94.0
298 68.0
653 14.0
262 25.0
822 90.0
139 52.0
979 100.0
335 55.0
992 82.0
597 97.0
886 100000.0
442 7.0
870 100.0
549 66.0
950 4.0
841 19.0
651 20.0
484 83.0
853 68.0
471 31.0
87 62.0
932 3.0
829 2.0
500 42.0
575 21.0
328 14.0
443 22.0
276 8.0
265 96.0
452 1.0
328 43.0
284 58.0
444 68.0
826 39.0
589 74.0
954 12.0
694 68.0
891 42.0
569 36.0
638 87.0
38 58.0
683 17.0
822 12.0
917 4.0
271 86.0
142 82.0
445 45.0
806 4.0
638 23.0
539 22.0
337 23.0
739 52.0
940 71.0
291 2.0
719 9.0
863 6.0
619 92.0
573 47.0
926 22.0
840 52.0
237 28.0
446 6.0
353 14.0
180 43.0
244 29.0
488 42.0
108 31.0
986 55.0
799 97.0
823 91.0
783 46.0
291 72.0
48 17.0
832 34.0
239 12.0
447 97.0
8 79.0
615 39.0
159 60.0
524 87.0
737 80.0
265 20.0
448 80.0
788 30.0
42 27.0
772 49.0
111 20.0
658 28.0
818 3.0
57 38.0
196 48.0
661 99.0
337 22.0
117 69.0
5 91.0
449 85.0
681 34.0
386 53.0
333 29.0
189 86.0
8 55.0
163 96.0
280 96.0
450 86.0
657 69.0
397 7.0
828 84.0
336 28.0
869 64.0
170 86.0
571 70.0
659 24.0
782 66.0
313 82.0
967 2.0
476 69.0
451 31.0
286 86.0
423 53.0
367 3.0
304 92.0
335 99.0
314 84.0
452 50.0
636 99.0
831 12.0
960 14.0
382 68.0
610 97.0
188 54.0
991 60.0
978 84.0
594 79.0
3 1.0
253 23.0
985 8.0
937 81.0
453 54.0
170 54.0
92 33.0
366 91.0
740 71.0
137 1.0
782 35.0
140 96.0
335 42.0
542 71.0
454 15.0
932 29.0
299 66.0
615 100.0
456 29.0
635 72.0
953 67.0
575 78.0
552 64.0
831 38.0
837 2.0
455 96.0
514 76.0
651 2.0
129 70.0
973 6.0
177 45.0
819 50.0
153 33.0
92 100.0
247 64.0
16 42.0
76 75.0
448 76.0
456 3.0
168 52.0
132 36.0
911 34.0
587 67.0
607 63.0
678 59.0
468 6.0
198 10.0
264 72.0
926 50.0
76 39.0
122 40.0
53 32.0
457 79.0
291 50.0
444 6.0
305 44.0
76 44.0
646 62.0
136 77.0
458 23.0
624 40.0
243 29.0
101 69.0
459 17.0
540 68.0
157 7.0
576 29.0
380 27.0
594 56.0
751 51.0
951 31.0
486 38.0
629 53.0
442 66.0
888 42.0
663 58.0
511 95.0
958 76.0
460 5.0
204 12.0
663 86.0
763 93.0
701 25.0
496 50.0
787 27.0
721 98.0
467 32.0
419 32.0
963 14.0
114 7.0
98 11.0
302 55.0
427 97.0
852 53.0
676 24.0
461 27.0
312 70.0
960 57.0
604 84.0
475 34.0
371 66.0
201 23.0
308 56.0
585 48.0
462 72.0
295 100.0
599 32.0
764 22.0
245 13.0
299 76.0
517 78.0
543 84.0
463 23.0
710 93.0
996 70.0
867 1.0
575 40.0
7 8.0
594 43.0
986 62.0
680 36.0
41 81.0
485 12.0
699 71.0
741 100.0
164 86.0
212 7.0
50 50.0
464 47.0
475 33.0
237 54.0
889 58.0
943 84.0
634 52.0
933 34.0
389 1.0
324 76.0
535 34.0
129 78.0
563 78.0
465 36.0
31 65.0
14 9.0
53 45.0
353 30.0
521 62.0
819 84.0
359 91.0
976 15.0
232 12.0
670 41.0
403 51.0
831 80.0
466 20.0
513 76.0
6 10.0
522 65.0
537 56.0
556 49.0
284 27.0
721 88.0
59 28.0
517 28.0
952 45.0
305 25.0
285 22.0
709 97.0
223 85.0
467 40.0
992 50.0
57 97.0
863 61.0
329 83.0
875 51.0
653 36.0
310 2.0
589 20.0
434 29.0
138 79.0
705 74.0
468 14.0
597 48.0
436 3.0
990 84.0
142 34.0
908 65.0
198 29.0
35 97.0
917 52.0
535 97.0
376 81.0
98 80.0
843 44.0
743 25.0
702 69.0
657 85.0
469 12.0
687 43.0
939 67.0
607 82.0
158 37.0
967 98.0
470 54.0
237 97.0
999 37.0
901 29.0
620 74.0
832 85.0
987 23.0
773 40.0
438 75.0
743 24.0
796 87.0
471 77.0
257 36.0
275 37.0
83 7.0
557 54.0
608 39.0
460 46.0
694 19.0
26 11.0
472 75.0
178 74.0
577 20.0
924 8.0
46 12.0
3 66.0
233 1.0
649 32.0
930 63.0
277 17.0
473 64.0
437 55.0
70 61.0
246 15.0
635 10.0
601 36.0
896 37.0
387 73.0
441 9.0
474 72.0
730 4.0
623 35.0
978 27.0
262 84.0
244 38.0
121 64.0
367 16.0
148 10.0
765 68.0
184 94.0
475 52.0
369 7.0
343 64.0
134 68.0
915 23.0
225 96.0
339 82.0
42 62.0
299 79.0
747 24.0
307 94.0
930 93.0
280 60.0
323 63.0
476 78.0
995 37.0
56 34.0
436 82.0
797 18.0
554 75.0
822 85.0
297 25.0
397 43.0
477 54.0
474 68.0
146 39.0
208 40.0
896 35.0
4 21.0
464 65.0
835 91.0
559 72.0
964 38.0
478 44.0
953 84.0
425 68.0
433 58.0
567 53.0
479 76.0
101 67.0
98 37.0
714 85.0
855 2.0
124 54.0
164 27.0
396 20.0
322 74.0
530 72.0
909 27.0
246 87.0
551 100.0
480 21.0
198 23.0
696 11.0
794 34.0
474 68.0
370 28.0
504 34.0
439 65.0
807 24.0
120 43.0
724 47.0
867 6.0
481 52.0
393 98.0
328 39.0
464 7.0
463 78.0
708 26.0
482 75.0
444 28.0
279 32.0
796 78.0
982 99.0
864 36.0
799 16.0
483 3.0
321 44.0
465 68.0
287 86.0
92 92.0
366 93.0
724 34.0
503 26.0
562 24.0
331 19.0
949 95.0
484 14.0
841 77.0
932 92.0
508 68.0
510 56.0
767 81.0
496 34.0
747 16.0
934 18.0
773 1.0
627 35.0
35 30.0
485 96.0
363 93.0
264 38.0
283 69.0
850 57.0
872 33.0
419 11.0
230 68.0
531 65.0
843 83.0
486 63.0
317 79.0
81 8.0
147 94.0
816 44.0
46 57.0
75 55.0
861 11.0
167 60.0
614 88.0
22 46.0
487 3.0
88 49.0
834 83.0
730 89.0
937 39.0
154 37.0
704 94.0
317 35.0
200 22.0
407 39.0
680 89.0
401 55.0
488 23.0
646 29.0
788 44.0
548 21.0
467 38.0
647 3.0
577 73.0
627 9.0
13 82.0
504 40.0
917 57.0
824 51.0
489 54.0
842 1.0
150 92.0
616 62.0
364 69.0
692 21.0
374 35.0
619 64.0
896 66.0
702 22.0
490 64.0
219 17.0
424 25.0
488 74.0
11 61.0
25 22.0
122 94.0
430 37.0
562 56.0
403 89.0
491 98.0
617 70.0
307 33.0
120 93.0
495 78.0
221 93.0
477 25.0
498 89.0
900 73.0
801 10.0
534 10.0
970 29.0
124 3.0
492 26.0
113 37.0
42 30.0
800 68.0
173 41.0
335 9.0
489 86.0
317 82.0
442 22.0
165 66.0
475 48.0
100 87.0
97 43.0
493 86.0
194 82.0
990 22.0
653 2.0
784 58.0
442 50.0
296 98.0
869 34.0
679 57.0
766 1.0
355 100.0
910 88.0
855 38.0
494 63.0
403 88.0
168 59.0
322 65.0
410 7.0
758 39.0
973 77.0
532 11.0
847 21.0
497 85.0
495 64.0
74 2.0
207 4.0
883 15.0
945 33.0
716 87.0
927 46.0
496 81.0
564 49.0
366 31.0
905 91.0
709 55.0
179 89.0
14 37.0
1 63.0
152 19.0
497 33.0
707 21.0
525 92.0
694 63.0
393 87.0
576 53.0
272 56.0
795 22.0
543 48.0
155 43.0
697 85.0
852 5.0
641 21.0
498 89.0
457 67.0
105 73.0
678 10.0
911 87.0
752 56.0
491 86.0
741 4.0
61 20.0
845 34.0
248 65.0
803 78.0
314 44.0
499 72.0
23 38.0
180 38.0
32 15.0
915 77.0
501 73.0
475 44.0
4 52.0
133 77.0
388 12.0
292 98.0
880 37.0
883 13.0
486 58.0
404 29.0
117 52.0
141 22.0
500 6.0
213 64.0
450 74.0
409 25.0
209 69.0
286 54.0
804 62.0
516 96.0
766 5.0
966 69.0
7 72.0
501 94.0
450 48.0
344 36.0
705 31.0
804 75.0
63 77.0
835 58.0
222 85.0
85 28.0
215 12.0
268 17.0
666 95.0
964 58.0
401 18.0
502 49.0
51 2.0
392 87.0
697 14.0
752 93.0
220 92.0
530 63.0
388 4.0
884 9.0
724 53.0
631 17.0
503 16.0
602 64.0
468 67.0
804 40.0
626 37.0
131 77.0
504 96.0
189 86.0
637 30.0
567 2.0
680 4.0
505 66.0
259 60.0
725 18.0
473 32.0
310 45.0
327 78.0
971 51.0
832 52.0
872 50.0
103 37.0
923 24.0
506 28.0
485 44.0
397 16.0
838 83.0
410 79.0
9 24.0
212 83.0
852 82.0
428 38.0
976 24.0
181 88.0
507 21.0
829 37.0
662 69.0
886 17.0
295 100.0
189 84.0
652 50.0
508 38.0
764 59.0
582 52.0
772 76.0
620 82.0
503 32.0
212 48.0
267 26.0
64 54.0
433 47.0
781 37.0
220 36.0
136 64.0
897 78.0
639 68.0
829 63.0
509 34.0
440 80.0
223 27.0
837 89.0
968 80.0
612 5.0
742 99.0
494 20.0
26 26.0
887 68.0
936 78.0
646 90.0
138 79.0
973 70.0
510 80.0
186 24.0
435 66.0
686 44.0
725 54.0
654 59.0
866 37.0
625 77.0
366 41.0
517 95.0
61 29.0
511 98.0
943 56.0
770 97.0
275 32.0
448 93.0
743 66.0
387 10.0
887 8.0
391 29.0
266 15.0
549 12.0
119 97.0
512 39.0
676 78.0
965 73.0
218 55.0
621 77.0
668 35.0
163 66.0
412 91.0
162 49.0
954 80.0
175 53.0
513 57.0
36 31.0
560 100.0
74 56.0
426 8.0
366 15.0
919 69.0
695 49.0
514 53.0
629 99.0
909 95.0
257 83.0
708 48.0
464 16.0
407 82.0
515 58.0
692 1.0
702 73.0
558 91.0
924 2.0
5 6.0
726 96.0
906 5.0
283 24.0
940 50.0
516 71.0
210 33.0
955 78.0
377 67.0
101 23.0
851 14.0
877 3.0
690 37.0
216 83.0
856 75.0
77 89.0
957 22.0
372 79.0
517 54.0
578 61.0
216 62.0
868 82.0
118 12.0
67 34.0
326 31.0
821 7.0
694 28.0
518 21.0
544 24.0
318 24.0
253 15.0
222 51.0
564 40.0
319 83.0
501 2.0
959 88.0
146 6.0
519 97.0
285 30.0
887 17.0
661 49.0
264 60.0
724 66.0
532 88.0
812 3.0
831 18.0
520 14.0
724 17.0
821 100000.0
935 60.0
429 38.0
521 67.0
277 83.0
856 25.0
282 5.0
72 89.0
763 22.0
302 6.0
610 5.0
643 9.0
522 92.0
344 71.0
105 70.0
258 62.0
404 57.0
523 89.0
13 68.0
581 54.0
12 84.0
372 74.0
695 78.0
532 45.0
161 83.0
764 21.0
942 97.0
631 62.0
272 33.0
831 65.0
620 39.0
62 93.0
524 63.0
952 19.0
249 96.0
762 98.0
669 1.0
532 78.0
222 65.0
394 25.0
906 76.0
525 75.0
276 55.0
12 47.0
33 33.0
741 55.0
32 71.0
729 63.0
64 45.0
854 12.0
526 30.0
994 53.0
805 49.0
642 42.0
464 66.0
201 69.0
527 17.0
465 26.0
354 20.0
254 51.0
711 96.0
456 34.0
186 73.0
391 52.0
972 42.0
644 98.0
240 12.0
981 4.0
416 55.0
528 43.0
407 16.0
320 88.0
712 87.0
62 42.0
213 3.0
912 91.0
283 62.0
626 98.0
525 86.0
64 4.0
232 89.0
967 12.0
827 46.0
529 5.0
577 60.0
317 29.0
697 87.0
221 33.0
507 38.0
196 22.0
799 3.0
895 64.0
965 3.0
640 47.0
530 28.0
113 62.0
713 54.0
861 55.0
200 31.0
52 6.0
531 93.0
453 47.0
699 60.0
337 25.0
656 29.0
378 91.0
553 16.0
644 45.0
972 47.0
532 84.0
30 53.0
754 97.0
947 43.0
471 19.0
460 81.0
307 62.0
952 70.0
219 73.0
676 21.0
542 99.0
372 99.0
691 20.0
210 72.0
533 42.0
143 51.0
54 2.0
912 69.0
195 94.0
201 49.0
90 57.0
718 36.0
950 73.0
872 88.0
382 66.0
534 59.0
220 8.0
597 58.0
243 95.0
770 68.0
789 53.0
494 28.0
108 68.0
728 34.0
348 13.0
681 83.0
618 54.0
535 50.0
253 88.0
84 13.0
779 24.0
536 3.0
248 24.0
874 12.0
712 22.0
709 65.0
61 92.0
216 56.0
949 52.0
771 35.0
201 79.0
537 9.0
390 61.0
158 84.0
715 37.0
731 10.0
615 22.0
164 59.0
246 5.0
169 5.0
222 34.0
452 98.0
192 1.0
106 53.0
717 1.0
699 52.0
538 87.0
559 91.0
785 56.0
750 48.0
680 60.0
91 65.0
503 3.0
143 22.0
236 47.0
473 28.0
477 21.0
539 5.0
585 31.0
53 1.0
893 79.0
917 17.0
631 1.0
495 45.0
752 50.0
621 38.0
540 78.0
917 81.0
665 81.0
843 66.0
408 30.0
299 40.0
423 62.0
195 64.0
944 1.0
895 40.0
55 2.0
541 3.0
515 72.0
895 62.0
69 80.0
992 8.0
165 32.0
621 29.0
542 97.0
25 33.0
741 36.0
217 87.0
79 66.0
424 79.0
443 69.0
419 94.0
192 22.0
543 30.0
313 42.0
720 41.0
294 82.0
991 57.0
414 14.0
647 91.0
784 27.0
127 89.0
744 94.0
645 55.0
624 28.0
86 53.0
544 25.0
140 17.0
835 15.0
175 52.0
710 70.0
181 1.0
818 44.0
914 57.0
16 37.0
308 82.0
911 73.0
23 47.0
639 47.0
728 43.0
545 37.0
529 2.0
910 45.0
39 11.0
302 87.0
789 51.0
469 19.0
368 40.0
428 54.0
947 4.0
456 14.0
186 93.0
272 42.0
333 81.0
248 94.0
290 72.0
486 11.0
546 65.0
971 83.0
439 47.0
726 36.0
231 20.0
298 73.0
880 99.0
639 69.0
325 20.0
116 31.0
442 81.0
77 88.0
401 24.0
547 72.0
717 96.0
311 97.0
871 66.0
514 20.0
996 99.0
420 98.0
713 32.0
548 77.0
874 51.0
969 43.0
700 31.0
517 53.0
205 74.0
586 33.0
351 80.0
549 50.0
397 1.0
449 87.0
211 56.0
550 1.0
108 76.0
878 18.0
918 40.0
828 80.0
262 23.0
306 94.0
48 32.0
18 85.0
551 77.0
665 56.0
580 73.0
876 57.0
817 42.0
189 88.0
133 13.0
462 22.0
527 69.0
138 20.0
271 38.0
552 20.0
663 43.0
820 79.0
293 19.0
728 54.0
505 17.0
146 27.0
595 27.0
572 19.0
159 30.0
553 27.0
5 7.0
925 34.0
146 30.0
112 10.0
956 86.0
910 93.0
376 51.0
883 38.0
554 39.0
40 84.0
513 88.0
779 91.0
555 6.0
481 4.0
321 44.0
742 41.0
719 69.0
769 35.0
209 30.0
964 70.0
171 64.0
556 88.0
403 18.0
974 65.0
941 52.0
657 20.0
635 41.0
768 35.0
104 72.0
704 51.0
480 51.0
638 6.0
557 53.0
852 26.0
715 4.0
389 73.0
91 14.0
445 100.0
296 36.0
868 67.0
127 85.0
898 36.0
807 61.0
558 47.0
747 55.0
417 48.0
57 58.0
5 89.0
740 73.0
720 15.0
648 3.0
923 44.0
502 34.0
74 56.0
559 96.0
904 26.0
313 38.0
561 72.0
775 75.0
519 5.0
139 69.0
619 3.0
792 51.0
870 71.0
412 75.0
288 56.0
900 6.0
560 50.0
330 25.0
855 67.0
627 80.0
734 1.0
231 59.0
913 22.0
395 63.0
332 1.0
181 75.0
194 75.0
974 89.0
563 3.0
902 63.0
664 45.0
561 5.0
242 83.0
252 96.0
290 23.0
915 53.0
379 84.0
25 87.0
671 65.0
792 59.0
562 98.0
509 67.0
632 37.0
318 11.0
456 72.0
107 6.0
265 80.0
708 30.0
885 60.0
728 62.0
138 68.0
979 47.0
882 6.0
563 62.0
404 11.0
714 23.0
179 1.0
235 13.0
963 84.0
788 82.0
494 87.0
201 11.0
155 49.0
564 90.0
939 85.0
22 54.0
232 66.0
220 81.0
75 70.0
112 94.0
900 47.0
736 9.0
59 15.0
269 86.0
352 84.0
565 47.0
232 13.0
235 57.0
457 3.0
443 54.0
492 31.0
65 20.0
836 37.0
402 10.0
933 5.0
154 22.0
643 51.0
566 37.0
179 39.0
59 17.0
11 30.0
969 67.0
743 17.0
884 46.0
106 92.0
551 92.0
928 65.0
900 75.0
825 10.0
567 52.0
793 74.0
696 21.0
979 28.0
400 92.0
881 55.0
112 6.0
278 12.0
598 4.0
998 17.0
916 35.0
174 63.0
26 16.0
140 27.0
568 95.0
334 45.0
815 66.0
773 41.0
971 35.0
942 20.0
887 77.0
262 38.0
916 44.0
119 30.0
181 10.0
569 80.0
765 78.0
303 12.0
893 49.0
631 94.0
759 55.0
592 67.0
518 45.0
530 48.0
715 66.0
938 69.0
570 85.0
478 10.0
820 94.0
625 98.0
39 91.0
967 85.0
630 71.0
935 17.0
400 41.0
571 26.0
137 94.0
525 43.0
664 20.0
848 28.0
403 3.0
507 99.0
123 68.0
828 18.0
655 16.0
788 23.0
92 90.0
270 25.0
447 88.0
770 12.0
572 69.0
126 26.0
34 41.0
136 8.0
453 39.0
920 24.0
788 86.0
288 66.0
182 14.0
917 4.0
7 74.0
608 43.0
114 37.0
21 74.0
56 86.0
767 99.0
573 74.0
126 35.0
685 2.0
279 97.0
606 20.0
644 66.0
602 38.0
10 48.0
532 17.0
526 67.0
148 97.0
574 97.0
599 53.0
416 36.0
3 36.0
818 99.0
841 67.0
119 72.0
867 82.0
575 3.0
944 65.0
482 78.0
117 67.0
722 27.0
894 42.0
646 51.0
807 19.0
781 62.0
407 8.0
408 36.0
576 62.0
195 44.0
692 25.0
68 100.0
938 6.0
848 33.0
742 92.0
784 33.0
357 45.0
996 50.0
238 14.0
299 13.0
577 74.0
170 49.0
891 86.0
974 5.0
215 52.0
107 48.0
111 40.0
485 50.0
862 69.0
582 62.0
87 65.0
578 16.0
689 79.0
398 41.0
756 36.0
247 64.0
857 14.0
548 80.0
149 85.0
579 83.0
390 35.0
444 34.0
236 30.0
938 91.0
809 76.0
50 37.0
572 34.0
431 63.0
856 55.0
366 86.0
580 69.0
621 23.0
68 81.0
868 4.0
513 96.0
799 9.0
552 51.0
47 77.0
778 96.0
193 27.0
371 31.0
581 98.0
276 82.0
268 62.0
149 89.0
451 23.0
70 8.0
945 42.0
102 82.0
582 13.0
895 59.0
41 46.0
694 18.0
561 84.0
470 43.0
844 28.0
38 3.0
307 34.0
617 47.0
743 1.0
612 81.0
755 82.0
418 77.0
899 94.0
261 76.0
921 11.0
158 84.0
573 72.0
583 12.0
165 91.0
905 26.0
537 18.0
166 82.0
240 49.0
982 94.0
132 20.0
608 73.0
110 6.0
804 95.0
584 78.0
753 96.0
411 75.0
312 98.0
596 84.0
844 68.0
995 2.0
754 73.0
76 98.0
585 54.0
999 59.0
378 31.0
402 77.0
579 43.0
863 89.0
613 81.0
449 32.0
926 99.0
302 36.0
351 35.0
131 36.0
32 91.0
914 74.0
586 74.0
922 53.0
16 80.0
64 95.0
428 37.0
701 28.0
746 31.0
891 8.0
321 16.0
503 37.0
144 5.0
937 54.0
486 53.0
587 33.0
495 89.0
432 100.0
101 44.0
461 85.0
320 38.0
607 84.0
437 42.0
588 86.0
233 78.0
899 9.0
357 58.0
63 21.0
894 1.0
36 73.0
349 79.0
73 100.0
227 96.0
759 81.0
890 6.0
897 46.0
589 94.0
177 85.0
437 81.0
993 61.0
520 53.0
367 44.0
373 57.0
199 21.0
672 60.0
243 4.0
590 87.0
479 5.0
337 36.0
277 68.0
677 54.0
138 63.0
500 60.0
466 6.0
186 40.0
5 62.0
349 80.0
120 79.0
801 35.0
100 63.0
291 45.0
591 54.0
636 9.0
767 52.0
168 91.0
60 8.0
87 80.0
584 67.0
245 19.0
126 71.0
862 67.0
596 71.0
592 43.0
82 46.0
835 68.0
117 5.0
225 71.0
192 18.0
146 4.0
593 27.0
891 58.0
395 30.0
999 56.0
697 43.0
686 60.0
912 74.0
48 79.0
146 88.0
757 40.0
295 88.0
385 31.0
624 53.0
594 90.0
844 22.0
595 78.0
373 66.0
318 86.0
612 26.0
96 90.0
644 18.0
519 76.0
943 80.0
595 89.0
579 67.0
28 91.0
322 94.0
820 65.0
383 67.0
437 81.0
830 69.0
596 24.0
868 20.0
92 52.0
72 14.0
410 8.0
805 95.0
58 15.0
597 89.0
889 4.0
381 58.0
140 10.0
917 96.0
787 13.0
191 28.0
751 6.0
671 85.0
598 96.0
413 84.0
70 22.0
359 64.0
448 7.0
316 37.0
599 39.0
744 66.0
466 70.0
774 76.0
580 95.0
731 71.0
561 8.0
600 64.0
918 53.0
893 94.0
841 4.0
477 74.0
92 83.0
601 25.0
17 46.0
929 19.0
793 60.0
957 72.0
30 81.0
329 79.0
307 33.0
362 44.0
914 92.0
602 49.0
378 83.0
141 15.0
342 79.0
421 47.0
216 34.0
45 24.0
603 8.0
394 5.0
789 91.0
943 48.0
632 35.0
604 49.0
892 94.0
860 55.0
232 7.0
726 49.0
707 63.0
216 70.0
692 98.0
605 66.0
697 11.0
805 45.0
575 37.0
260 48.0
629 71.0
577 30.0
423 58.0
684 20.0
259 18.0
808 84.0
606 54.0
372 80.0
411 55.0
203 97.0
106 64.0
463 75.0
142 37.0
207 82.0
968 91.0
982 30.0
705 32.0
123 5.0
737 88.0
607 98.0
855 78.0
210 9.0
314 97.0
561 5.0
188 90.0
978 80.0
522 79.0
932 41.0
297 46.0
116 31.0
457 24.0
23 76.0
608 53.0
843 77.0
201 8.0
832 18.0
971 56.0
643 99.0
734 5.0
784 97.0
609 10.0
580 71.0
46 39.0
328 71.0
155 13.0
193 7.0
234 15.0
617 83.0
991 26.0
183 37.0
826 70.0
610 13.0
843 3.0
752 94.0
787 41.0
128 78.0
717 55.0
272 76.0
611 99.0
681 17.0
710 13.0
498 65.0
217 2.0
724 96.0
484 70.0
298 99.0
69 38.0
73 4.0
17 96.0
147 13.0
429 28.0
251 61.0
612 21.0
68 27.0
103 37.0
89 96.0
774 56.0
996 95.0
517 52.0
170 11.0
220 71.0
265 22.0
929 76.0
392 96.0
691 57.0
164 89.0
581 55.0
613 40.0
641 36.0
318 66.0
672 6.0
688 15.0
313 7.0
63 11.0
722 92.0
588 20.0
757 15.0
84 20.0
857 99.0
614 29.0
409 14.0
694 65.0
887 23.0
37 14.0
807 32.0
770 60.0
494 50.0
816 39.0
615 37.0
674 56.0
147 28.0
195 49.0
410 55.0
616 79.0
279 63.0
472 94.0
231 95.0
395 32.0
709 34.0
523 56.0
407 18.0
605 94.0
38 94.0
483 44.0
617 97.0
915 95.0
254 64.0
200 8.0
620 68.0
139 4.0
759 12.0
440 4.0
618 53.0
434 66.0
577 71.0
679 37.0
984 87.0
648 89.0
854 2.0
464 25.0
619 6.0
528 77.0
228 20.0
578 40.0
572 92.0
413 66.0
33 8.0
163 50.0
348 99.0
601 27.0
840 16.0
502 42.0
746 33.0
620 68.0
335 92.0
477 52.0
990 81.0
210 25.0
89 89.0
621 1.0
198 89.0
830 60.0
593 20.0
704 16.0
332 63.0
189 96.0
604 88.0
953 9.0
961 99.0
272 27.0
622 22.0
823 64.0
75 81.0
774 79.0
192 46.0
146 20.0
786 50.0
428 51.0
154 86.0
815 4.0
777 56.0
270 27.0
858 84.0
623 83.0
935 32.0
281 97.0
230 35.0
63 61.0
304 23.0
624 64.0
688 48.0
347 36.0
475 74.0
434 56.0
384 19.0
932 71.0
453 78.0
525 16.0
354 29.0
984 5.0
635 55.0
538 52.0
664 86.0
625 7.0
536 96.0
831 62.0
417 53.0
67 25.0
548 30.0
110 22.0
73 25.0
626 70.0
300 36.0
982 16.0
258 3.0
676 77.0
523 24.0
972 40.0
939 7.0
965 26.0
452 53.0
528 40.0
627 39.0
297 69.0
647 42.0
18 89.0
375 59.0
224 53.0
420 98.0
184 13.0
628 75.0
711 94.0
654 96.0
61 76.0
923 38.0
629 15.0
416 3.0
668 23.0
210 92.0
407 48.0
570 3.0
837 29.0
752 96.0
630 100.0
795 92.0
31 27.0
694 83.0
478 98.0
364 91.0
670 63.0
971 50.0
47 99.0
110 30.0
688 46.0
456 2.0
691 8.0
328 29.0
888 45.0
502 17.0
475 47.0
474 41.0
631 33.0
510 8.0
519 3.0
513 55.0
416 2.0
147 100.0
386 70.0
282 20.0
695 33.0
485 89.0
966 48.0
49 65.0
486 72.0
120 7.0
632 100.0
634 54.0
696 71.0
681 53.0
505 53.0
297 63.0
644 45.0
480 20.0
141 23.0
738 35.0
633 11.0
81 36.0
331 1.0
834 41.0
70 9.0
372 72.0
312 32.0
201 38.0
568 95.0
438 2.0
934 44.0
925 51.0
138 66.0
47 21.0
634 69.0
520 87.0
410 63.0
727 72.0
516 16.0
963 46.0
969 5.0
517 85.0
935 62.0
490 73.0
758 88.0
228 92.0
265 17.0
123 11.0
750 24.0
189 81.0
635 35.0
409 46.0
477 67.0
971 93.0
936 77.0
192 83.0
743 17.0
434 65.0
700 50.0
158 71.0
636 4.0
556 54.0
321 51.0
175 1.0
955 82.0
158 74.0
227 25.0
998 59.0
55 4.0
637 85.0
236 15.0
804 79.0
422 90.0
890 61.0
515 99.0
542 7.0
20 80.0
128 61.0
113 93.0
132 1.0
337 24.0
301 81.0
499 86.0
352 39.0
37 22.0
638 50.0
252 7.0
286 35.0
401 42.0
532 55.0
583 83.0
896 24.0
142 43.0
908 24.0
539 93.0
765 33.0
368 67.0
639 78.0
593 1.0
448 80.0
128 86.0
602 38.0
214 38.0
550 97.0
907 93.0
1 26.0
489 91.0
131 16.0
424 82.0
640 6.0
460 38.0
600 85.0
665 28.0
791 20.0
544 13.0
79 99.0
684 15.0
41 12.0
641 3.0
227 80.0
296 98.0
856 47.0
578 5.0
698 89.0
649 7.0
970 69.0
460 31.0
642 91.0
713 2.0
408 36.0
895 85.0
239 86.0
98 82.0
171 31.0
643 87.0
809 86.0
119 69.0
427 14.0
393 37.0
704 43.0
791 52.0
278 64.0
731 23.0
230 84.0
644 72.0
85 52.0
340 77.0
523 16.0
322 94.0
196 31.0
67 11.0
819 8.0
109 48.0
363 85.0
269 76.0
945 12.0
645 52.0
531 37.0
514 93.0
641 70.0
803 62.0
664 36.0
261 84.0
108 93.0
646 71.0
993 33.0
451 94.0
401 5.0
304 63.0
245 77.0
810 42.0
20 6.0
628 3.0
807 1.0
216 2.0
647 17.0
888 57.0
169 40.0
651 18.0
208 40.0
290 11.0
672 91.0
753 35.0
75 56.0
648 46.0
135 37.0
436 75.0
783 85.0
489 20.0
577 98.0
185 78.0
653 93.0
77 60.0
368 63.0
649 9.0
983 32.0
507 43.0
259 45.0
624 48.0
518 42.0
364 48.0
230 91.0
650 98.0
105 26.0
30 100.0
651 98.0
332 9.0
279 34.0
890 35.0
680 64.0
120 83.0
99 89.0
546 11.0
973 93.0
558 13.0
652 84.0
317 89.0
983 96.0
355 95.0
116 72.0
847 91.0
444 85.0
624 41.0
500 22.0
53 27.0
737 82.0
862 40.0
653 18.0
799 73.0
777 79.0
295 74.0
704 15.0
635 5.0
629 79.0
919 56.0
927 52.0
932 32.0
355 52.0
714 61.0
654 6.0
582 75.0
890 5.0
209 18.0
745 52.0
215 52.0
358 39.0
947 83.0
784 15.0
980 76.0
833 52.0
255 2.0
655 13.0
659 41.0
684 83.0
303 75.0
816 4.0
888 70.0
130 20.0
519 64.0
633 25.0
332 19.0
980 52.0
677 22.0
86 37.0
656 81.0
837 5.0
72 73.0
376 36.0
664 29.0
28 38.0
544 41.0
565 56.0
978 74.0
104 43.0
259 97.0
657 97.0
470 66.0
1000 52.0
11 14.0
476 90.0
871 36.0
993 16.0
292 13.0
460 22.0
658 34.0
816 51.0
815 77.0
749 23.0
95 94.0
925 99.0
839 15.0
506 43.0
895 73.0
972 71.0
431 63.0
796 49.0
659 53.0
725 19.0
310 96.0
251 88.0
493 3.0
449 76.0
338 53.0
290 22.0
752 75.0
58 29.0
788 47.0
114 55.0
2 54.0
660 12.0
421 74.0
313 5.0
934 51.0
691 64.0
634 91.0
827 73.0
944 97.0
856 42.0
156 20.0
25 96.0
255 88.0
763 90.0
72 100.0
661 58.0
565 70.0
32 30.0
294 17.0
974 15.0
988 85.0
9 100.0
63 38.0
350 98.0
492 41.0
931 76.0
999 82.0
662 4.0
623 72.0
540 80.0
905 61.0
277 54.0
56 27.0
27 42.0
125 56.0
214 99.0
906 100.0
337 40.0
859 57.0
698 35.0
663 6.0
79 11.0
397 36.0
16 39.0
58 12.0
151 17.0
199 93.0
73 88.0
976 17.0
664 93.0
845 17.0
744 46.0
465 28.0
7 13.0
604 80.0
420 81.0
512 10.0
797 76.0
720 31.0
934 88.0
12 70.0
665 8.0
53 77.0
402 3.0
624 67.0
943 22.0
461 13.0
499 74.0
666 99.0
71 73.0
276 78.0
544 66.0
525 17.0
835 22.0
75 15.0
59 78.0
600 23.0
274 93.0
278 5.0
3 10.0
667 74.0
724 98.0
401 13.0
206 28.0
957 31.0
612 89.0
495 20.0
167 21.0
590 40.0
287 21.0
334 59.0
397 3.0
668 43.0
265 42.0
92 29.0
250 54.0
54 74.0
46 53.0
895 64.0
60 54.0
622 99.0
540 98.0
965 5.0
903 2.0
224 74.0
296 100.0
681 11.0
406 50.0
669 40.0
288 5.0
683 39.0
714 55.0
533 76.0
725 66.0
515 14.0
862 81.0
237 50.0
134 8.0
849 79.0
670 92.0
342 1.0
849 48.0
583 84.0
799 25.0
618 89.0
66 48.0
497 3.0
321 73.0
671 69.0
943 38.0
510 19.0
966 98.0
990 82.0
639 59.0
618 67.0
108 90.0
372 87.0
642 96.0
405 83.0
540 6.0
672 35.0
723 23.0
718 83.0
323 45.0
420 44.0
253 94.0
147 3.0
59 19.0
371 80.0
78 44.0
359 8.0
628 39.0
673 45.0
816 54.0
644 71.0
967 98.0
759 99.0
458 5.0
674 57.0
459 27.0
515 73.0
815 5.0
797 38.0
887 65.0
763 28.0
923 21.0
442 56.0
563 69.0
280 93.0
164 100.0
590 56.0
675 92.0
463 63.0
275 61.0
176 57.0
48 46.0
336 97.0
676 50.0
769 97.0
903 3.0
462 47.0
276 50.0
127 64.0
863 99.0
225 26.0
589 46.0
919 66.0
239 88.0
332 65.0
512 68.0
983 13.0
562 19.0
11 34.0
677 84.0
26 49.0
421 32.0
293 74.0
668 24.0
340 31.0
471 47.0
171 83.0
652 8.0
506 45.0
682 82.0
326 3.0
352 31.0
1 66.0
678 62.0
860 14.0
301 12.0
617 57.0
136 21.0
299 56.0
144 25.0
498 17.0
121 8.0
691 68.0
130 89.0
1000 46.0
686 92.0
616 20.0
679 43.0
845 85.0
342 5.0
958 44.0
362 45.0
999 27.0
174 52.0
175 92.0
749 41.0
809 95.0
207 50.0
680 92.0
798 11.0
935 7.0
496 97.0
900 58.0
723 92.0
94 72.0
507 13.0
909 53.0
561 20.0
988 34.0
681 97.0
340 89.0
55 40.0
918 87.0
997 22.0
895 91.0
421 34.0
255 45.0
924 12.0
240 66.0
557 85.0
527 58.0
479 31.0
970 3.0
667 11.0
686 7.0
374 7.0
682 68.0
936 3.0
729 78.0
151 12.0
697 22.0
736 96.0
683 18.0
760 83.0
608 25.0
328 42.0
694 95.0
707 92.0
544 20.0
213 78.0
684 82.0
564 35.0
292 81.0
820 32.0
525 36.0
168 2.0
123 87.0
232 17.0
678 36.0
88 94.0
281 34.0
732 31.0
357 81.0
685 87.0
923 25.0
695 41.0
813 49.0
814 18.0
66 62.0
893 77.0
425 87.0
45 35.0
326 50.0
97 30.0
429 68.0
64 11.0
231 49.0
601 50.0
844 95.0
504 48.0
877 78.0
864 96.0
457 81.0
686 67.0
984 3.0
306 77.0
652 80.0
549 68.0
552 65.0
76 36.0
386 64.0
280 3.0
22 86.0
577 86.0
531 27.0
362 13.0
486 62.0
687 8.0
58 40.0
116 98.0
949 93.0
562 2.0
544 44.0
804 93.0
583 59.0
339 82.0
688 21.0
186 38.0
667 62.0
406 23.0
505 29.0
95 58.0
891 99.0
352 68.0
559 95.0
461 3.0
144 34.0
251 9.0
689 69.0
342 67.0
254 18.0
38 95.0
455 2.0
596 7.0
243 60.0
733 38.0
901 1.0
351 28.0
981 69.0
789 68.0
611 60.0
929 47.0
777 12.0
869 3.0
690 3.0
673 9.0
97 39.0
256 76.0
931 71.0
524 34.0
223 30.0
490 19.0
311 56.0
972 20.0
962 5.0
691 32.0
15 87.0
298 8.0
859 11.0
453 82.0
658 15.0
336 40.0
754 20.0
608 40.0
562 32.0
250 66.0
471 97.0
692 51.0
729 25.0
384 3.0
779 10.0
282 12.0
257 87.0
29 69.0
249 98.0
511 54.0
556 33.0
693 59.0
488 96.0
379 71.0
594 42.0
318 10.0
163 66.0
837 18.0
520 10.0
936 17.0
307 88.0
38 59.0
852 54.0
694 16.0
143 81.0
931 73.0
778 94.0
375 41.0
370 84.0
54 30.0
97 42.0
366 58.0
915 7.0
903 93.0
247 50.0
274 42.0
20 3.0
695 80.0
157 28.0
302 23.0
680 59.0
33 15.0
234 98.0
991 50.0
232 44.0
466 40.0
444 22.0
5 65.0
696 73.0
498 23.0
601 70.0
175 49.0
881 75.0
879 98.0
975 20.0
206 64.0
772 53.0
812 96.0
366 23.0
368 13.0
874 86.0
442 100.0
697 2.0
23 89.0
233 69.0
830 31.0
900 13.0
118 65.0
19 18.0
485 78.0
736 68.0
698 10.0
23 75.0
213 5.0
55 54.0
190 88.0
663 73.0
782 95.0
227 91.0
736 30.0
616 74.0
699 10.0
886 15.0
909 65.0
903 88.0
209 65.0
54 56.0
791 57.0
700 46.0
691 60.0
948 12.0
416 99.0
982 20.0
264 18.0
481 54.0
621 62.0
334 47.0
42 69.0
227 78.0
403 74.0
841 70.0
701 31.0
366 41.0
488 17.0
743 45.0
147 83.0
508 81.0
688 52.0
884 35.0
998 58.0
860 84.0
996 26.0
573 69.0
702 80.0
377 93.0
788 67.0
682 46.0
524 69.0
25 89.0
96 74.0
703 24.0
676 24.0
229 4.0
149 71.0
869 19.0
387 55.0
306 84.0
634 20.0
76 57.0
2 41.0
668 44.0
227 93.0
454 48.0
958 77.0
659 64.0
853 97.0
542 73.0
666 66.0
868 82.0
704 38.0
915 12.0
968 26.0
293 55.0
367 58.0
96 95.0
959 60.0
634 17.0
146 21.0
876 45.0
381 61.0
705 90.0
17 54.0
844 18.0
485 93.0
231 37.0
599 67.0
464 14.0
165 58.0
359 42.0
328 6.0
706 58.0
512 49.0
21 18.0
310 40.0
743 62.0
437 48.0
373 44.0
785 34.0
707 28.0
917 47.0
323 81.0
3 29.0
863 86.0
506 56.0
943 74.0
778 80.0
708 25.0
852 61.0
454 74.0
296 48.0
645 57.0
495 43.0
596 77.0
696 22.0
792 78.0
701 27.0
709 11.0
931 41.0
490 64.0
884 22.0
604 43.0
226 62.0
182 15.0
468 88.0
255 48.0
720 48.0
199 31.0
33 26.0
165 85.0
234 76.0
705 56.0
224 37.0
458 86.0
280 59.0
941 62.0
710 44.0
739 58.0
251 3.0
661 81.0
651 97.0
562 94.0
100 30.0
504 37.0
324 83.0
677 87.0
773 61.0
311 32.0
979 8.0
761 24.0
393 43.0
377 49.0
602 91.0
117 11.0
711 57.0
585 9.0
303 15.0
864 91.0
17 17.0
949 50.0
142 14.0
712 3.0
655 33.0
139 9.0
751 91.0
762 95.0
650 61.0
441 88.0
769 45.0
713 43.0
797 61.0
790 4.0
817 48.0
468 78.0
245 43.0
925 9.0
81 10.0
548 88.0
49 3.0
164 52.0
714 32.0
254 51.0
593 4.0
923 21.0
334 59.0
524 61.0
999 24.0
123 64.0
301 48.0
599 45.0
650 57.0
987 85.0
554 83.0
769 64.0
69 7.0
376 25.0
562 89.0
639 98.0
262 72.0
41 98.0
715 3.0
7 98.0
821 49.0
975 19.0
935 97.0
419 74.0
982 67.0
611 60.0
80 16.0
546 96.0
716 93.0
291 90.0
115 84.0
863 43.0
490 99.0
845 16.0
638 87.0
627 98.0
817 1.0
827 9.0
717 93.0
280 96.0
909 93.0
811 60.0
109 72.0
191 86.0
378 56.0
868 36.0
599 36.0
718 55.0
288 42.0
476 48.0
324 79.0
619 2.0
314 10.0
301 24.0
906 27.0
367 35.0
719 69.0
566 29.0
473 73.0
980 50.0
619 95.0
214 34.0
539 44.0
664 49.0
413 7.0
224 8.0
734 69.0
838 37.0
967 75.0
276 99.0
208 98.0
720 51.0
878 37.0
310 39.0
105 52.0
124 88.0
212 76.0
54 11.0
799 61.0
648 77.0
721 14.0
488 28.0
712 1.0
602 37.0
571 27.0
223 44.0
27 6.0
225 37.0
846 71.0
176 93.0
522 42.0
722 74.0
627 29.0
672 26.0
407 76.0
483 67.0
655 50.0
443 63.0
546 43.0
59 92.0
524 6.0
270 79.0
706 77.0
828 37.0
723 25.0
225 68.0
678 7.0
439 53.0
2 98.0
874 73.0
737 84.0
449 41.0
125 14.0
724 91.0
862 35.0
70 83.0
592 95.0
641 92.0
175 33.0
518 8.0
256 44.0
286 41.0
380 22.0
725 79.0
371 10.0
258 24.0
736 95.0
706 36.0
963 51.0
319 17.0
978 24.0
871 2.0
879 20.0
718 58.0
87 92.0
682 59.0
948 13.0
411 99.0
726 37.0
85 28.0
738 55.0
431 78.0
424 94.0
961 11.0
239 70.0
687 20.0
123 55.0
814 57.0
992 63.0
962 21.0
669 20.0
678 54.0
491 29.0
505 71.0
727 21.0
544 97.0
236 99.0
452 28.0
932 58.0
84 72.0
728 86.0
732 9.0
340 12.0
174 26.0
145 24.0
190 27.0
126 28.0
106 80.0
729 69.0
145 77.0
110 59.0
68 24.0
10 4.0
730 49.0
138 63.0
245 54.0
70 8.0
116 2.0
17 69.0
903 17.0
567 30.0
435 34.0
392 1.0
52 80.0
418 16.0
295 40.0
39 34.0
731 95.0
104 25.0
862 21.0
803 87.0
990 56.0
773 6.0
366 65.0
235 74.0
817 100.0
204 4.0
740 81.0
732 11.0
88 79.0
159 48.0
927 36.0
653 69.0
941 78.0
619 59.0
740 48.0
733 40.0
808 79.0
437 25.0
825 83.0
104 88.0
50 41.0
295 56.0
508 34.0
734 82.0
501 75.0
950 88.0
306 29.0
176 83.0
570 78.0
84 67.0
566 58.0
642 95.0
422 71.0
497 39.0
735 98.0
919 71.0
66 72.0
222 9.0
307 51.0
491 85.0
106 25.0
440 51.0
602 84.0
644 95.0
494 36.0
736 74.0
142 63.0
659 9.0
714 100.0
737 7.0
912 92.0
605 10.0
300 28.0
460 92.0
758 1.0
625 59.0
456 82.0
738 19.0
757 61.0
670 60.0
891 30.0
346 65.0
267 47.0
679 55.0
785 15.0
442 53.0
60 58.0
329 8.0
739 88.0
152 87.0
6 72.0
662 58.0
382 60.0
818 76.0
929 61.0
410 45.0
766 3.0
740 67.0
186 41.0
179 28.0
103 36.0
920 40.0
925 82.0
518 82.0
15 51.0
500 65.0
25 39.0
886 35.0
741 35.0
801 81.0
832 5.0
959 31.0
310 96.0
972 4.0
405 27.0
563 52.0
336 80.0
845 7.0
56 33.0
322 80.0
737 96.0
742 62.0
298 100.0
716 6.0
600 81.0
515 62.0
653 21.0
743 5.0
486 13.0
61 72.0
266 48.0
735 85.0
135 72.0
982 25.0
784 51.0
317 68.0
270 78.0
155 6.0
107 62.0
744 12.0
94 47.0
901 87.0
164 52.0
999 85.0
349 23.0
77 92.0
268 58.0
134 32.0
946 100.0
489 9.0
512 69.0
904 70.0
82 65.0
289 71.0
995 82.0
745 45.0
521 29.0
628 28.0
893 82.0
134 41.0
436 32.0
224 29.0
493 28.0
746 67.0
705 92.0
672 54.0
893 44.0
191 87.0
912 64.0
915 73.0
817 84.0
928 68.0
733 26.0
747 76.0
677 44.0
780 37.0
755 39.0
474 85.0
836 56.0
198 29.0
916 61.0
364 19.0
886 99.0
737 50.0
173 8.0
520 62.0
898 19.0
617 10.0
748 63.0
182 32.0
549 47.0
925 54.0
25 52.0
105 81.0
169 47.0
897 85.0
122 62.0
64 70.0
624 55.0
908 28.0
749 26.0
971 49.0
836 53.0
986 37.0
61 87.0
305 28.0
138 19.0
601 20.0
600 15.0
92 16.0
750 98.0
717 44.0
691 79.0
615 65.0
819 14.0
561 77.0
408 42.0
316 47.0
275 83.0
627 21.0
628 86.0
337 63.0
345 34.0
649 99.0
946 59.0
751 18.0
549 31.0
641 28.0
989 64.0
427 63.0
610 79.0
587 3.0
655 48.0
105 54.0
342 64.0
384 99.0
833 79.0
752 30.0
853 5.0
470 55.0
668 22.0
727 51.0
655 84.0
497 26.0
347 79.0
230 43.0
152 94.0
695 27.0
753 10.0
201 6.0
257 83.0
304 35.0
305 79.0
415 23.0
590 62.0
796 45.0
754 54.0
661 92.0
308 28.0
602 39.0
521 80.0
492 16.0
802 34.0
641 24.0
851 40.0
496 20.0
698 14.0
755 95.0
847 19.0
348 13.0
574 64.0
221 9.0
73 75.0
371 28.0
543 97.0
771 91.0
286 17.0
69 65.0
147 100.0
609 56.0
300 7.0
646 66.0
756 21.0
240 22.0
691 5.0
902 55.0
633 8.0
708 100.0
534 18.0
757 58.0
146 13.0
61 99.0
489 84.0
758 90.0
251 45.0
641 69.0
926 62.0
79 6.0
645 51.0
748 65.0
744 72.0
494 61.0
185 91.0
792 25.0
460 20.0
759 31.0
800 96.0
40 78.0
454 46.0
751 40.0
17 13.0
574 45.0
965 28.0
534 24.0
760 19.0
798 45.0
433 73.0
709 69.0
628 32.0
223 64.0
384 91.0
533 55.0
747 17.0
245 78.0
987 43.0
577 79.0
281 94.0
761 73.0
259 22.0
872 41.0
9 50.0
593 83.0
572 95.0
506 51.0
158 14.0
136 33.0
215 17.0
81 33.0
927 22.0
348 85.0
373 40.0
603 51.0
762 90.0
884 43.0
904 19.0
756 33.0
339 54.0
157 48.0
513 38.0
500 13.0
281 68.0
58 55.0
463 3.0
763 6.0
511 66.0
270 96.0
329 93.0
482 95.0
683 87.0
207 94.0
294 82.0
832 55.0
59 53.0
761 97.0
764 3.0
189 10.0
818 61.0
202 45.0
388 31.0
969 39.0
912 74.0
911 98.0
291 100.0
753 54.0
765 96.0
304 56.0
629 97.0
416 70.0
799 42.0
325 18.0
98 48.0
766 11.0
957 67.0
230 100.0
234 32.0
199 91.0
704 85.0
595 50.0
257 67.0
243 26.0
574 70.0
785 84.0
475 35.0
767 53.0
460 26.0
16 14.0
731 79.0
358 54.0
601 96.0
813 97.0
709 19.0
41 16.0
768 76.0
572 84.0
777 24.0
434 63.0
321 69.0
459 66.0
270 2.0
406 43.0
826 46.0
280 6.0
112 85.0
857 50.0
769 76.0
348 62.0
519 62.0
438 30.0
517 65.0
556 70.0
943 39.0
563 7.0
456 73.0
228 68.0
375 49.0
126 42.0
340 79.0
58 11.0
770 5.0
136 67.0
711 94.0
86 77.0
958 79.0
982 48.0
519 88.0
256 53.0
276 23.0
329 91.0
771 45.0
190 49.0
40 72.0
640 54.0
721 71.0
736 13.0
678 19.0
740 27.0
816 69.0
16 83.0
509 58.0
681 92.0
392 93.0
772 46.0
863 52.0
569 52.0
32 94.0
705 49.0
909 2.0
764 37.0
551 33.0
836 57.0
878 26.0
11 64.0
777 98.0
54 60.0
773 42.0
2 35.0
599 38.0
410 87.0
581 11.0
386 19.0
926 26.0
774 13.0
497 81.0
110 63.0
972 30.0
989 54.0
863 41.0
876 33.0
85 94.0
611 77.0
775 89.0
201 39.0
635 44.0
885 44.0
697 94.0
297 2.0
599 29.0
841 14.0
850 48.0
670 99.0
776 25.0
703 82.0
23 84.0
394 91.0
16 77.0
40 26.0
139 72.0
688 61.0
191 69.0
777 51.0
169 88.0
194 92.0
696 89.0
956 75.0
610 45.0
155 6.0
941 75.0
773 36.0
66 57.0
778 98.0
241 67.0
82 5.0
57 31.0
881 59.0
299 57.0
890 15.0
383 89.0
14 6.0
779 30.0
875 74.0
499 14.0
46 23.0
286 6.0
780 38.0
594 86.0
754 73.0
421 77.0
674 28.0
79 59.0
902 88.0
872 6.0
747 62.0
791 59.0
491 52.0
944 29.0
781 75.0
940 55.0
536 98.0
952 6.0
992 40.0
77 53.0
688 49.0
942 36.0
390 57.0
85 97.0
158 80.0
235 10.0
667 59.0
316 12.0
782 44.0
34 21.0
462 90.0
169 52.0
978 12.0
850 79.0
935 41.0
4 75.0
783 75.0
93 57.0
803 25.0
487 38.0
855 51.0
778 48.0
651 10.0
992 99.0
176 15.0
358 73.0
222 57.0
784 53.0
776 34.0
146 22.0
803 22.0
131 12.0
483 81.0
686 43.0
664 30.0
137 11.0
337 25.0
840 27.0
880 7.0
712 92.0
662 59.0
785 69.0
440 43.0
333 78.0
507 66.0
933 3.0
360 15.0
509 20.0
609 81.0
926 51.0
598 27.0
901 72.0
288 85.0
880 93.0
999 96.0
786 6.0
173 31.0
653 4.0
719 32.0
181 22.0
362 52.0
848 6.0
741 68.0
428 13.0
530 98.0
944 13.0
707 38.0
914 2.0
440 3.0
787 4.0
164 38.0
307 22.0
981 60.0
583 25.0
960 87.0
675 13.0
600 49.0
628 87.0
47 8.0
131 66.0
119 29.0
788 37.0
837 45.0
862 54.0
24 29.0
759 39.0
833 92.0
931 35.0
835 49.0
483 81.0
789 83.0
619 76.0
800 64.0
715 95.0
774 37.0
907 41.0
170 3.0
731 81.0
459 66.0
59 2.0
790 64.0
665 45.0
874 34.0
378 92.0
661 23.0
237 73.0
229 2.0
791 44.0
639 10.0
774 64.0
107 4.0
457 76.0
595 23.0
386 65.0
744 38.0
484 99.0
66 13.0
694 66.0
489 4.0
792 11.0
868 18.0
337 22.0
81 20.0
721 77.0
836 11.0
939 29.0
315 70.0
11 69.0
635 69.0
317 91.0
278 82.0
607 51.0
793 70.0
896 4.0
888 19.0
423 84.0
216 74.0
572 32.0
671 26.0
704 43.0
980 25.0
181 51.0
794 43.0
855 76.0
495 13.0
114 57.0
300 36.0
172 57.0
498 88.0
313 36.0
870 26.0
795 64.0
340 99.0
472 96.0
526 70.0
950 25.0
142 5.0
236 43.0
674 1.0
383 40.0
196 100.0
827 48.0
825 94.0
496 30.0
796 63.0
979 98.0
148 40.0
233 11.0
447 88.0
469 79.0
23 11.0
531 78.0
327 40.0
918 75.0
669 39.0
71 43.0
305 5.0
381 97.0
183 75.0
797 37.0
339 98.0
792 88.0
164 11.0
991 30.0
463 55.0
90 17.0
147 84.0
556 62.0
527 79.0
798 29.0
639 4.0
176 99.0
834 42.0
499 45.0
719 99.0
31 36.0
559 22.0
830 75.0
859 60.0
11 71.0
537 39.0
604 18.0
799 90.0
629 12.0
239 90.0
615 72.0
18 25.0
349 24.0
718 62.0
531 27.0
800 20.0
85 58.0
511 78.0
714 42.0
925 59.0
676 27.0
397 23.0
217 74.0
337 57.0
509 25.0
240 39.0
872 54.0
969 10.0
145 26.0
589 78.0
801 33.0
23 94.0
81 21.0
143 41.0
275 91.0
258 73.0
724 67.0
221 79.0
385 31.0
550 93.0
317 81.0
802 31.0
812 98.0
875 48.0
569 70.0
960 92.0
61 27.0
945 6.0
547 61.0
979 78.0
77 28.0
803 11.0
829 97.0
187 18.0
5 46.0
963 40.0
780 26.0
871 84.0
181 92.0
373 52.0
865 33.0
434 49.0
804 38.0
253 89.0
401 100.0
996 75.0
391 77.0
810 22.0
492 12.0
320 51.0
785 16.0
926 22.0
797 88.0
83 98.0
714 67.0
626 12.0
307 99.0
805 42.0
451 5.0
184 8.0
588 79.0
324 41.0
808 56.0
673 57.0
806 38.0
127 55.0
748 19.0
903 53.0
486 79.0
656 81.0
945 6.0
994 76.0
190 50.0
192 53.0
106 45.0
807 95.0
984 99.0
846 53.0
40 53.0
16 80.0
471 63.0
647 1.0
249 46.0
808 89.0
751 7.0
347 63.0
355 30.0
190 24.0
252 66.0
61 57.0
149 86.0
237 26.0
398 33.0
855 72.0
647 86.0
294 30.0
519 35.0
809 43.0
449 61.0
319 89.0
234 84.0
568 73.0
343 77.0
231 74.0
44 86.0
631 19.0
166 77.0
797 59.0
810 69.0
486 28.0
960 98.0
909 69.0
95 24.0
252 100.0
36 8.0
697 3.0
610 7.0
718 41.0
1 47.0
358 97.0
313 78.0
167 57.0
152 68.0
244 45.0
388 37.0
811 77.0
35 48.0
309 57.0
732 91.0
504 52.0
842 66.0
302 97.0
63 7.0
633 70.0
427 9.0
179 44.0
812 34.0
455 23.0
482 53.0
244 53.0
126 79.0
747 42.0
401 57.0
987 57.0
885 98.0
813 34.0
906 2.0
152 25.0
229 5.0
181 50.0
852 59.0
265 7.0
520 38.0
383 40.0
971 22.0
814 32.0
574 24.0
843 94.0
4 83.0
949 11.0
624 25.0
554 37.0
712 63.0
294 67.0
367 92.0
867 93.0
604 2.0
996 85.0
398 63.0
815 53.0
869 12.0
670 80.0
172 47.0
816 25.0
35 26.0
144 69.0
889 78.0
296 29.0
335 97.0
673 11.0
125 72.0
741 15.0
580 33.0
878 76.0
609 54.0
71 27.0
344 25.0
675 35.0
857 55.0
439 27.0
817 90.0
135 77.0
80 42.0
984 52.0
776 53.0
376 94.0
437 37.0
63 14.0
200 69.0
818 53.0
412 69.0
156 94.0
323 46.0
778 64.0
892 78.0
933 87.0
349 35.0
499 97.0
630 35.0
819 82.0
375 58.0
364 41.0
462 62.0
979 1.0
363 24.0
820 30.0
436 72.0
491 79.0
700 52.0
143 22.0
442 47.0
821 42.0
363 75.0
291 43.0
419 56.0
114 81.0
716 87.0
289 33.0
822 78.0
660 34.0
763 26.0
992 70.0
347 3.0
129 44.0
978 100000.0
82 31.0
962 41.0
977 95.0
476 65.0
288 75.0
961 86.0
33 31.0
101 75.0
823 76.0
858 4.0
811 9.0
280 81.0
490 37.0
125 41.0
421 83.0
832 39.0
199 63.0
948 83.0
846 19.0
348 26.0
356 56.0
824 77.0
304 44.0
587 55.0
710 17.0
311 8.0
75 1.0
805 6.0
298 68.0
642 39.0
800 73.0
383 86.0
988 72.0
825 1.0
184 34.0
995 94.0
515 44.0
222 68.0
950 66.0
400 23.0
30 8.0
667 18.0
35 39.0
22 64.0
571 13.0
826 69.0
537 67.0
283 55.0
999 75.0
337 28.0
582 89.0
137 33.0
799 3.0
827 90.0
25 18.0
596 50.0
559 35.0
217 62.0
287 94.0
857 25.0
787 27.0
737 72.0
828 18.0
976 20.0
268 69.0
920 58.0
420 67.0
691 44.0
969 54.0
947 63.0
212 42.0
54 22.0
829 38.0
463 20.0
727 98.0
432 40.0
83 3.0
783 87.0
194 54.0
526 70.0
535 56.0
374 43.0
841 28.0
27 87.0
830 79.0
716 14.0
776 45.0
485 18.0
625 3.0
447 23.0
253 77.0
364 1.0
660 87.0
551 75.0
428 88.0
31 48.0
831 50.0
221 63.0
970 91.0
394 83.0
396 31.0
716 37.0
157 15.0
832 13.0
732 55.0
56 85.0
499 56.0
806 55.0
889 22.0
75 42.0
417 83.0
298 75.0
593 45.0
396 40.0
42 39.0
233 96.0
833 50.0
854 38.0
436 41.0
910 84.0
143 36.0
58 97.0
204 4.0
196 69.0
779 18.0
458 56.0
731 30.0
834 68.0
293 25.0
335 11.0
106 94.0
73 81.0
994 94.0
894 42.0
458 61.0
557 17.0
934 12.0
27 69.0
640 91.0
384 71.0
835 70.0
704 60.0
937 96.0
20 52.0
208 20.0
207 34.0
760 49.0
675 67.0
16 68.0
836 66.0
310 67.0
255 60.0
447 79.0
850 65.0
415 89.0
837 85.0
71 34.0
899 54.0
531 70.0
799 44.0
519 75.0
48 1.0
373 79.0
458 29.0
556 72.0
316 44.0
838 40.0
15 40.0
894 22.0
409 34.0
723 14.0
353 58.0
376 90.0
910 13.0
885 36.0
513 96.0
304 54.0
878 90.0
522 84.0
824 32.0
839 3.0
387 37.0
569 54.0
910 1.0
616 69.0
981 22.0
618 55.0
420 9.0
990 88.0
840 21.0
230 27.0
738 83.0
655 43.0
658 36.0
842 10.0
661 93.0
213 35.0
731 100.0
859 53.0
510 1.0
612 91.0
374 82.0
841 62.0
322 96.0
39 50.0
45 75.0
920 56.0
145 79.0
222 9.0
431 17.0
144 2.0
785 73.0
703 64.0
209 20.0
174 84.0
992 23.0
842 46.0
987 76.0
884 50.0
427 1.0
601 24.0
472 54.0
527 78.0
967 100.0
629 83.0
342 41.0
174 38.0
916 5.0
631 49.0
843 3.0
808 23.0
727 80.0
545 7.0
855 83.0
624 73.0
880 3.0
733 53.0
786 29.0
115 26.0
997 25.0
348 78.0
540 13.0
286 58.0
553 76.0
121 8.0
538 79.0
832 99.0
844 81.0
874 96.0
799 63.0
26 18.0
608 98.0
988 6.0
760 72.0
535 5.0
573 36.0
363 96.0
867 57.0
50 65.0
3 45.0
753 86.0
13 8.0
845 69.0
936 10.0
702 16.0
504 28.0
732 1.0
208 84.0
353 7.0
816 67.0
86 33.0
784 41.0
985 54.0
846 33.0
180 41.0
407 28.0
896 69.0
903 96.0
632 11.0
116 81.0
645 18.0
861 1.0
750 72.0
370 70.0
112 61.0
847 97.0
719 74.0
563 43.0
869 19.0
314 89.0
403 78.0
518 94.0
426 30.0
359 14.0
22 54.0
971 21.0
791 67.0
340 86.0
820 84.0
488 51.0
848 72.0
477 16.0
643 100.0
123 88.0
342 77.0
445 80.0
890 92.0
279 92.0
615 16.0
100 92.0
849 13.0
174 55.0
385 42.0
245 69.0
93 83.0
208 71.0
842 69.0
814 32.0
671 15.0
38 38.0
527 94.0
850 84.0
664 15.0
770 88.0
375 45.0
250 5.0
50 27.0
851 45.0
608 78.0
570 34.0
158 42.0
111 92.0
553 23.0
756 94.0
979 22.0
357 48.0
237 71.0
852 3.0
389 98.0
210 83.0
289 63.0
822 20.0
323 30.0
454 23.0
47 93.0
161 63.0
141 53.0
347 59.0
830 91.0
626 33.0
956 77.0
740 69.0
358 22.0
853 94.0
894 78.0
40 76.0
126 66.0
860 53.0
341 30.0
698 51.0
528 55.0
344 69.0
229 73.0
854 18.0
587 91.0
777 55.0
866 68.0
993 10.0
551 18.0
919 22.0
473 57.0
629 53.0
982 33.0
872 83.0
994 83.0
855 5.0
37 11.0
700 86.0
844 43.0
11 24.0
772 38.0
212 48.0
80 22.0
457 58.0
856 49.0
173 9.0
696 81.0
452 32.0
849 56.0
509 55.0
405 15.0
857 73.0
611 1.0
46 46.0
933 46.0
290 65.0
647 91.0
495 99.0
427 21.0
339 58.0
108 14.0
858 16.0
521 60.0
525 36.0
488 23.0
590 39.0
826 28.0
262 79.0
30 19.0
543 92.0
327 27.0
606 17.0
859 46.0
308 19.0
100 38.0
621 75.0
416 90.0
994 55.0
326 13.0
798 50.0
717 52.0
860 23.0
58 91.0
185 47.0
72 76.0
949 100.0
736 34.0
610 56.0
561 32.0
835 79.0
821 65.0
515 89.0
786 48.0
684 31.0
323 68.0
679 42.0
449 35.0
861 79.0
719 85.0
164 3.0
238 66.0
242 18.0
627 86.0
553 23.0
634 79.0
842 96.0
165 55.0
366 85.0
93 78.0
660 14.0
256 82.0
141 79.0
639 100.0
905 62.0
278 98.0
629 2.0
862 55.0
492 24.0
435 67.0
819 39.0
98 51.0
994 23.0
206 12.0
194 86.0
614 64.0
212 13.0
863 65.0
788 13.0
96 50.0
958 91.0
124 80.0
118 97.0
671 4.0
864 96.0
848 37.0
796 99.0
511 23.0
144 58.0
247 64.0
524 74.0
971 59.0
777 76.0
858 16.0
837 15.0
107 46.0
225 55.0
721 19.0
289 77.0
865 24.0
764 56.0
789 9.0
39 78.0
545 81.0
392 81.0
803 6.0
866 89.0
123 90.0
306 20.0
411 83.0
899 61.0
414 6.0
653 5.0
646 79.0
46 56.0
529 82.0
103 41.0
390 83.0
829 11.0
867 77.0
412 87.0
535 96.0
858 10.0
846 85.0
476 28.0
757 73.0
708 34.0
396 26.0
916 29.0
868 84.0
57 53.0
11 16.0
666 79.0
984 19.0
32 87.0
183 34.0
647 20.0
960 90.0
966 18.0
884 22.0
869 48.0
973 45.0
690 23.0
389 57.0
983 55.0
218 62.0
406 15.0
117 42.0
822 78.0
870 32.0
961 49.0
957 40.0
148 46.0
42 12.0
913 84.0
757 9.0
149 51.0
831 86.0
473 77.0
871 46.0
380 48.0
890 67.0
479 6.0
848 91.0
651 95.0
387 45.0
953 8.0
297 97.0
592 38.0
692 83.0
495 53.0
872 33.0
632 25.0
939 12.0
432 81.0
594 14.0
750 72.0
258 94.0
811 85.0
764 18.0
341 66.0
211 64.0
918 35.0
873 39.0
341 9.0
949 40.0
618 22.0
39 38.0
38 33.0
979 65.0
275 66.0
556 60.0
773 42.0
284 58.0
12 52.0
874 54.0
235 8.0
785 30.0
714 24.0
842 34.0
397 70.0
581 42.0
611 98.0
505 31.0
875 98.0
643 45.0
804 51.0
159 98.0
175 87.0
74 1.0
513 64.0
876 81.0
379 29.0
561 29.0
307 25.0
563 17.0
437 90.0
85 38.0
289 92.0
305 79.0
240 45.0
877 79.0
820 78.0
873 24.0
928 44.0
47 62.0
823 72.0
582 68.0
576 94.0
388 17.0
370 6.0
890 77.0
88 20.0
478 87.0
878 78.0
922 17.0
738 56.0
389 91.0
367 13.0
729 88.0
261 70.0
151 78.0
15 70.0
887 17.0
14 61.0
798 27.0
863 20.0
183 14.0
940 7.0
879 2.0
506 83.0
45 85.0
631 85.0
263 91.0
81 12.0
940 5.0
571 61.0
907 31.0
880 99.0
260 28.0
647 81.0
603 25.0
849 55.0
323 50.0
293 68.0
881 71.0
648 12.0
812 86.0
667 76.0
906 52.0
416 6.0
962 25.0
580 81.0
937 24.0
819 3.0
776 86.0
500 40.0
77 94.0
537 55.0
882 70.0
8 80.0
332 68.0
161 42.0
89 82.0
679 85.0
285 16.0
618 99.0
798 11.0
505 89.0
877 50.0
550 56.0
883 23.0
171 94.0
81 25.0
781 64.0
606 82.0
505 89.0
684 20.0
766 30.0
208 63.0
212 6.0
133 96.0
308 3.0
457 22.0
884 17.0
511 18.0
598 20.0
51 87.0
556 43.0
971 91.0
448 89.0
919 44.0
635 6.0
738 71.0
645 70.0
200 34.0
371 16.0
814 9.0
959 65.0
885 79.0
365 8.0
523 6.0
227 86.0
23 90.0
571 47.0
881 82.0
505 65.0
244 45.0
394 51.0
903 57.0
886 93.0
718 20.0
382 29.0
995 14.0
855 37.0
819 12.0
900 7.0
460 30.0
846 44.0
362 30.0
286 16.0
335 92.0
120 13.0
887 39.0
519 100000.0
63 27.0
284 69.0
64 33.0
515 14.0
215 75.0
240 33.0
380 6.0
888 83.0
77 30.0
830 68.0
181 78.0
175 5.0
128 22.0
932 1.0
36 35.0
531 9.0
84 72.0
986 16.0
469 26.0
889 21.0
796 60.0
755 60.0
647 83.0
276 6.0
288 68.0
14 6.0
20 75.0
563 1.0
890 33.0
212 47.0
797 52.0
303 93.0
586 50.0
898 84.0
100 33.0
26 79.0
643 5.0
399 53.0
120 6.0
745 6.0
891 44.0
304 99.0
965 85.0
989 50.0
125 21.0
838 83.0
780 13.0
600 61.0
87 52.0
829 61.0
114 77.0
892 78.0
649 58.0
950 37.0
82 99.0
736 69.0
672 51.0
962 86.0
972 21.0
80 40.0
893 51.0
688 19.0
260 69.0
756 45.0
844 96.0
304 52.0
598 55.0
148 11.0
625 68.0
894 1.0
697 55.0
225 66.0
216 86.0
469 58.0
27 67.0
535 100.0
974 15.0
866 99.0
585 72.0
447 31.0
780 33.0
895 45.0
749 49.0
368 2.0
575 78.0
581 25.0
523 66.0
633 91.0
161 24.0
614 54.0
432 11.0
896 99.0
629 53.0
1 78.0
654 62.0
112 82.0
254 81.0
89 24.0
593 11.0
944 16.0
633 88.0
897 52.0
3 88.0
545 38.0
685 92.0
510 70.0
305 18.0
23 83.0
374 94.0
368 23.0
255 4.0
715 41.0
193 85.0
737 43.0
38 19.0
467 84.0
898 4.0
25 39.0
441 29.0
58 89.0
849 52.0
247 61.0
629 2.0
260 69.0
36 21.0
279 1.0
585 36.0
145 89.0
899 16.0
33 70.0
807 16.0
883 24.0
966 16.0
58 92.0
1000 66.0
955 2.0
490 80.0
992 56.0
900 19.0
616 69.0
872 76.0
352 8.0
592 47.0
349 19.0
168 55.0
981 14.0
492 11.0
539 99.0
975 58.0
901 16.0
512 24.0
590 48.0
745 85.0
331 45.0
902 12.0
888 23.0
609 74.0
430 39.0
212 1.0
942 61.0
281 18.0
413 89.0
592 57.0
903 88.0
741 23.0
785 98.0
826 99.0
468 93.0
528 60.0
69 49.0
850 88.0
747 3.0
721 38.0
904 97.0
532 27.0
199 85.0
725 68.0
786 64.0
40 25.0
606 40.0
6 21.0
55 98.0
64 5.0
561 94.0
487 39.0
605 55.0
623 89.0
550 57.0
456 46.0
320 14.0
585 63.0
905 1.0
758 66.0
154 2.0
246 94.0
906 10.0
672 11.0
383 32.0
69 73.0
511 39.0
77 17.0
823 34.0
196 74.0
649 37.0
513 92.0
846 40.0
468 58.0
834 46.0
907 76.0
431 54.0
511 15.0
894 26.0
340 75.0
127 2.0
847 3.0
396 93.0
908 39.0
76 50.0
674 63.0
53 6.0
543 21.0
772 69.0
41 85.0
358 83.0
318 62.0
137 9.0
144 15.0
283 14.0
658 57.0
795 12.0
909 79.0
260 62.0
597 47.0
561 48.0
431 5.0
499 57.0
11 23.0
17 55.0
236 62.0
469 34.0
910 68.0
917 73.0
412 99.0
506 76.0
421 66.0
755 53.0
862 54.0
657 16.0
103 93.0
358 62.0
394 75.0
456 84.0
911 63.0
508 22.0
118 63.0
658 84.0
484 20.0
4 45.0
592 81.0
697 13.0
581 98.0
410 6.0
52 5.0
354 72.0
21 63.0
364 77.0
598 65.0
821 98.0
912 65.0
367 59.0
167 12.0
719 48.0
7 50.0
948 82.0
425 7.0
848 42.0
349 4.0
336 76.0
707 64.0
329 67.0
913 62.0
94 99.0
318 100.0
760 1.0
340 91.0
719 24.0
24 56.0
746 8.0
703 54.0
272 55.0
293 17.0
137 45.0
625 25.0
748 44.0
914 43.0
9 76.0
176 75.0
304 98.0
849 63.0
285 70.0
710 86.0
50 57.0
885 25.0
456 74.0
932 56.0
501 1.0
915 96.0
697 28.0
160 46.0
719 53.0
898 5.0
738 5.0
19 84.0
260 17.0
14 28.0
630 42.0
24 12.0
795 11.0
83 94.0
587 27.0
632 41.0
149 10.0
284 81.0
340 79.0
916 100.0
790 91.0
1000 77.0
651 62.0
605 53.0
244 18.0
218 55.0
324 93.0
917 71.0
675 99.0
114 31.0
744 24.0
330 27.0
128 66.0
644 66.0
869 21.0
894 18.0
685 46.0
393 71.0
982 83.0
12 57.0
918 90.0
670 25.0
439 73.0
776 81.0
132 37.0
921 76.0
850 88.0
919 63.0
950 73.0
627 45.0
450 5.0
815 98.0
250 78.0
290 87.0
39 23.0
856 12.0
693 78.0
920 98.0
359 40.0
643 84.0
197 66.0
162 2.0
573 10.0
916 78.0
552 24.0
142 77.0
652 67.0
867 44.0
921 25.0
935 55.0
779 96.0
310 96.0
921 69.0
52 13.0
367 37.0
320 37.0
667 22.0
962 84.0
588 80.0
71 91.0
427 40.0
198 64.0
833 27.0
172 83.0
408 52.0
876 38.0
922 12.0
209 43.0
842 37.0
154 18.0
953 80.0
885 81.0
53 100.0
361 87.0
78 27.0
35 61.0
210 47.0
682 89.0
923 16.0
548 3.0
556 91.0
252 4.0
563 90.0
497 45.0
206 86.0
86 72.0
1 59.0
924 93.0
2 33.0
833 85.0
870 30.0
510 39.0
545 14.0
303 32.0
934 9.0
844 6.0
675 64.0
925 56.0
418 17.0
814 50.0
493 48.0
306 97.0
831 76.0
463 87.0
36 4.0
1000 33.0
184 32.0
669 98.0
496 2.0
926 2.0
904 11.0
126 92.0
122 69.0
464 67.0
474 54.0
220 95.0
347 94.0
908 3.0
730 94.0
927 6.0
626 36.0
660 43.0
133 92.0
102 11.0
928 54.0
871 61.0
160 40.0
333 77.0
579 37.0
963 34.0
242 18.0
604 82.0
460 3.0
902 71.0
929 95.0
612 80.0
640 91.0
232 64.0
55 92.0
218 54.0
370 15.0
310 42.0
393 54.0
112 77.0
747 31.0
761 47.0
905 22.0
79 62.0
104 31.0
536 71.0
452 21.0
278 68.0
930 78.0
914 12.0
354 25.0
888 6.0
904 29.0
848 33.0
243 54.0
931 2.0
526 61.0
873 10.0
849 58.0
422 41.0
404 90.0
238 58.0
682 25.0
890 14.0
372 31.0
938 100.0
573 39.0
932 72.0
666 98.0
882 21.0
703 29.0
577 71.0
829 7.0
728 97.0
933 73.0
988 49.0
762 68.0
412 53.0
858 14.0
443 72.0
126 31.0
79 29.0
934 74.0
590 68.0
133 92.0
611 41.0
513 46.0
641 75.0
447 82.0
53 40.0
258 23.0
411 92.0
935 18.0
602 34.0
391 37.0
198 70.0
78 56.0
899 65.0
976 21.0
262 24.0
280 99.0
807 10.0
959 30.0
939 99.0
277 51.0
936 93.0
78 32.0
352 66.0
701 9.0
946 67.0
574 63.0
835 26.0
337 95.0
8 80.0
307 43.0
479 84.0
753 81.0
506 9.0
64 9.0
576 45.0
937 94.0
91 88.0
403 31.0
237 59.0
85 24.0
153 81.0
842 42.0
297 83.0
598 100.0
825 49.0
79 78.0
938 37.0
336 67.0
649 48.0
633 9.0
165 72.0
52 1.0
703 22.0
573 27.0
68 39.0
460 51.0
314 35.0
939 30.0
2 5.0
616 20.0
456 31.0
745 32.0
940 23.0
272 55.0
638 36.0
812 71.0
808 63.0
56 86.0
343 55.0
482 94.0
525 81.0
941 53.0
52 57.0
317 48.0
205 16.0
597 44.0
554 35.0
46 47.0
487 28.0
981 77.0
83 92.0
145 49.0
579 99.0
132 42.0
942 76.0
129 85.0
127 18.0
581 64.0
76 60.0
53 18.0
253 3.0
763 75.0
720 85.0
813 51.0
943 83.0
967 83.0
259 15.0
390 48.0
508 88.0
292 2.0
185 90.0
592 45.0
944 40.0
907 48.0
859 47.0
477 45.0
83 29.0
945 78.0
991 98.0
406 87.0
208 40.0
568 46.0
878 30.0
504 51.0
3 14.0
690 59.0
537 57.0
113 19.0
444 50.0
259 24.0
254 46.0
965 50.0
946 36.0
402 70.0
798 29.0
799 91.0
393 10.0
646 26.0
420 88.0
18 28.0
297 73.0
190 35.0
363 71.0
317 55.0
294 96.0
947 80.0
795 69.0
463 22.0
694 96.0
567 14.0
700 81.0
803 36.0
870 78.0
274 38.0
332 39.0
949 42.0
948 15.0
16 50.0
994 18.0
303 65.0
464 4.0
379 47.0
360 91.0
753 80.0
238 87.0
977 58.0
949 7.0
734 88.0
405 13.0
894 78.0
945 35.0
672 36.0
81 48.0
825 62.0
1 68.0
950 27.0
819 27.0
427 38.0
959 7.0
999 76.0
871 92.0
982 93.0
496 28.0
775 24.0
569 44.0
361 83.0
900 41.0
951 11.0
818 80.0
221 46.0
126 21.0
412 24.0
805 34.0
675 98.0
551 84.0
747 88.0
788 76.0
954 73.0
952 12.0
516 3.0
993 74.0
137 57.0
241 52.0
348 27.0
315 69.0
896 94.0
115 79.0
966 43.0
664 68.0
563 56.0
953 69.0
689 81.0
64 48.0
916 1.0
457 79.0
340 85.0
309 95.0
209 29.0
954 46.0
346 76.0
218 29.0
887 9.0
595 60.0
622 98.0
362 59.0
386 65.0
550 60.0
812 66.0
547 58.0
614 88.0
955 1.0
689 14.0
777 28.0
212 60.0
85 87.0
446 26.0
317 80.0
291 23.0
263 32.0
956 55.0
323 17.0
722 42.0
483 41.0
877 45.0
857 33.0
251 82.0
377 69.0
507 9.0
620 58.0
444 65.0
629 68.0
489 93.0
538 100.0
733 64.0
97 43.0
223 23.0
336 2.0
188 25.0
957 17.0
663 77.0
667 39.0
248 32.0
509 84.0
21 36.0
149 86.0
396 76.0
958 20.0
838 40.0
294 18.0
282 12.0
38 26.0
732 31.0
109 82.0
901 9.0
766 3.0
267 75.0
786 27.0
571 95.0
959 9.0
547 67.0
193 50.0
259 34.0
100 15.0
472 56.0
466 69.0
53 26.0
613 25.0
328 24.0
345 49.0
656 81.0
960 43.0
906 11.0
971 90.0
325 18.0
653 14.0
380 55.0
635 53.0
456 11.0
43 44.0
690 21.0
961 49.0
29 9.0
193 79.0
737 57.0
911 48.0
643 2.0
733 6.0
962 58.0
409 89.0
660 52.0
244 85.0
778 80.0
699 46.0
64 5.0
486 21.0
895 68.0
827 34.0
970 34.0
222 60.0
199 66.0
89 46.0
22 8.0
963 66.0
765 94.0
454 27.0
315 93.0
858 99.0
585 13.0
964 87.0
597 96.0
10 23.0
427 73.0
131 56.0
224 66.0
814 25.0
965 15.0
404 16.0
463 84.0
82 85.0
292 47.0
105 84.0
419 99.0
985 28.0
163 100.0
74 51.0
966 26.0
611 48.0
548 51.0
103 40.0
487 80.0
73 99.0
121 83.0
365 16.0
659 20.0
967 64.0
257 38.0
896 41.0
243 39.0
534 83.0
205 56.0
884 82.0
577 75.0
802 92.0
711 73.0
460 36.0
968 3.0
586 37.0
719 56.0
882 58.0
885 15.0
356 12.0
64 33.0
343 11.0
318 24.0
22 81.0
667 60.0
555 63.0
155 62.0
627 5.0
554 21.0
969 94.0
464 49.0
385 31.0
679 24.0
283 91.0
493 35.0
181 87.0
927 48.0
471 16.0
884 78.0
792 1.0
402 95.0
146 25.0
11 55.0
970 39.0
37 31.0
30 37.0
769 100.0
568 58.0
127 13.0
476 15.0
421 3.0
20 10.0
971 38.0
477 84.0
515 72.0
701 45.0
877 56.0
859 25.0
519 48.0
228 59.0
844 97.0
972 75.0
355 79.0
967 15.0
405 87.0
745 73.0
233 55.0
639 75.0
733 52.0
443 47.0
594 3.0
189 31.0
589 97.0
896 60.0
973 100.0
440 71.0
906 94.0
352 46.0
912 60.0
958 95.0
59 54.0
61 20.0
773 95.0
124 94.0
547 38.0
974 100.0
601 63.0
950 23.0
603 41.0
314 27.0
860 91.0
498 68.0
897 97.0
916 50.0
77 90.0
79 67.0
777 80.0
52 37.0
944 30.0
197 64.0
658 96.0
975 80.0
499 45.0
899 30.0
834 19.0
710 1.0
803 77.0
145 19.0
54 38.0
976 61.0
76 35.0
755 15.0
66 48.0
53 82.0
910 97.0
414 32.0
557 45.0
662 98.0
977 76.0
922 6.0
209 93.0
217 100.0
904 79.0
98 2.0
763 75.0
797 46.0
534 44.0
203 52.0
978 79.0
683 56.0
235 56.0
749 49.0
280 43.0
366 52.0
222 82.0
593 74.0
638 71.0
340 12.0
741 99.0
163 98.0
399 86.0
915 96.0
844 85.0
348 92.0
979 99.0
85 100000.0
6 41.0
773 99.0
235 38.0
211 32.0
607 55.0
786 31.0
529 91.0
295 55.0
276 67.0
345 25.0
980 58.0
425 72.0
295 20.0
232 44.0
439 85.0
571 66.0
741 35.0
906 56.0
464 23.0
488 66.0
561 77.0
524 61.0
981 75.0
823 61.0
392 19.0
378 30.0
845 11.0
55 16.0
740 57.0
314 10.0
885 11.0
400 91.0
536 35.0
982 13.0
712 31.0
734 62.0
451 72.0
615 16.0
918 53.0
868 45.0
346 14.0
270 32.0
983 26.0
253 94.0
604 12.0
799 88.0
516 91.0
751 79.0
333 38.0
975 68.0
603 56.0
808 16.0
344 45.0
122 27.0
575 8.0
115 15.0
984 42.0
669 42.0
544 59.0
4 78.0
733 57.0
635 70.0
673 60.0
972 52.0
45 80.0
783 13.0
295 28.0
900 58.0
463 19.0
451 85.0
985 28.0
543 93.0
627 83.0
787 63.0
672 89.0
555 34.0
986 7.0
600 19.0
684 31.0
657 4.0
200 97.0
135 82.0
342 17.0
702 11.0
975 40.0
987 65.0
361 8.0
398 64.0
489 12.0
699 64.0
805 73.0
646 63.0
371 75.0
224 98.0
660 41.0
372 19.0
210 9.0
400 46.0
988 57.0
113 93.0
852 23.0
172 17.0
914 17.0
114 23.0
869 85.0
982 10.0
593 75.0
708 13.0
989 66.0
252 97.0
651 9.0
471 65.0
40 40.0
695 72.0
459 87.0
533 44.0
990 36.0
474 4.0
855 54.0
382 15.0
802 93.0
612 42.0
340 19.0
331 32.0
871 36.0
709 99.0
73 77.0
991 78.0
558 55.0
684 15.0
879 25.0
32 18.0
783 65.0
597 15.0
172 61.0
334 34.0
343 99.0
800 10.0
247 4.0
377 69.0
621 91.0
992 94.0
304 12.0
623 54.0
866 10.0
958 18.0
558 86.0
320 9.0
778 28.0
694 42.0
252 77.0
993 50.0
377 48.0
808 13.0
959 37.0
552 36.0
167 94.0
48 76.0
961 17.0
502 3.0
137 68.0
123 57.0
620 12.0
562 79.0
956 17.0
654 97.0
281 88.0
983 56.0
708 40.0
6 83.0
947 62.0
994 83.0
210 62.0
158 28.0
797 49.0
877 70.0
817 69.0
995 49.0
14 100.0
715 56.0
658 80.0
941 89.0
637 47.0
371 90.0
115 31.0
537 100.0
396 8.0
583 97.0
996 66.0
998 25.0
969 79.0
113 9.0
325 3.0
265 69.0
242 8.0
721 99.0
703 26.0
571 20.0
375 37.0
516 54.0
650 44.0
698 1.0
902 59.0
997 4.0
990 93.0
589 27.0
452 93.0
615 50.0
380 90.0
837 77.0
295 83.0
167 65.0
150 59.0
258 83.0
998 11.0
724 5.0
333 63.0
579 15.0
39 38.0
570 57.0
968 80.0
999 16.0
653 79.0
559 66.0
48 68.0
903 91.0
654 66.0
197 15.0
430 3.0
867 99.0
872 88.0
236 4.0
954 15.0
221 25.0
1000 3.0
618 14.0
726 73.0
457 18.0
203 56.0
127 89.0
236 87.0
717 77.0
844 98.0
125 73.0
43 97.0
668 93.0
159 99.0
721 52.0
970 30.0
930 99.0
312 96.0
996 51.0
179 74.0
440
381
1 440
8 286 672 365 583 367 329 66 886
9 119 688 805 541 493 436 91 377 519
7 707 722 758 40 846 782 821
9 892 276 272 125 945 240 487 505 978
7 778 195 290 737 437 611 85
1 381
