1000 10989 0  0 3
13
13
12
8
16
7
10
11
8
17
9
7
8
15
9
10
13
7
8
14
12
9
13
7
17
14
9
13
12
14
10
13
7
4
15
10
6
12
13
7
20
7
8
10
12
11
11
10
8
6
12
7
12
16
16
8
12
13
7
8
16
10
12
11
15
11
9
7
12
10
11
7
9
8
12
11
7
13
16
9
8
10
7
8
15
12
10
14
8
7
7
15
8
13
15
9
9
12
13
13
13
10
16
13
8
4
9
8
9
13
3
12
8
16
7
15
15
16
11
12
9
15
20
15
7
9
15
12
9
6
9
15
7
11
15
14
16
11
10
11
7
10
15
14
11
12
16
16
7
15
11
15
9
10
10
8
10
11
9
10
9
10
11
12
12
12
7
13
13
14
13
11
13
9
12
10
9
15
12
15
12
9
9
13
13
7
6
9
13
10
14
6
7
15
10
11
9
12
10
16
10
9
9
12
8
12
13
10
19
11
10
13
6
7
9
8
9
13
11
15
8
16
13
11
10
10
7
8
14
13
8
11
10
14
13
9
10
8
7
9
12
14
13
15
15
7
10
10
13
7
13
14
16
18
13
9
9
14
11
8
15
8
7
9
13
10
14
11
12
14
12
13
13
7
12
12
12
6
11
12
10
12
15
6
10
15
14
10
16
10
10
14
8
15
10
14
12
8
7
11
16
8
8
14
8
9
15
4
8
13
10
6
8
8
4
11
8
10
13
8
12
5
11
12
15
11
15
9
10
8
7
17
13
11
12
12
13
12
18
10
13
8
15
12
7
17
16
15
13
8
14
16
12
11
12
15
8
9
16
11
14
21
7
18
7
11
8
7
13
13
9
15
28
15
12
9
9
10
11
7
4
9
10
10
12
5
12
11
12
11
10
8
16
11
7
11
9
12
12
10
11
11
9
8
8
9
5
13
7
15
11
18
4
10
10
15
9
12
4
5
19
7
11
9
8
10
13
15
9
9
13
14
20
12
13
11
15
8
7
12
13
9
18
11
7
7
5
9
11
8
14
14
12
17
12
6
13
10
10
12
12
12
12
13
7
16
12
10
16
11
13
8
6
16
9
10
16
17
9
10
15
9
11
8
10
12
9
11
10
12
9
13
11
12
14
11
7
14
9
11
10
12
8
11
9
12
9
13
17
12
8
15
9
10
16
11
10
9
2
6
10
8
10
10
10
10
17
8
7
9
18
13
10
11
7
13
15
9
14
5
8
6
10
14
7
15
9
8
11
12
6
19
10
14
8
9
12
14
9
6
9
13
11
12
10
10
15
7
7
11
9
12
6
11
9
7
13
16
15
18
12
9
7
10
14
16
8
13
11
14
12
7
12
12
19
6
9
8
13
10
10
12
9
13
22
17
11
12
4
12
8
10
9
11
10
8
12
10
9
12
16
15
12
11
8
13
14
16
12
8
13
14
10
8
8
11
9
11
8
7
10
11
7
13
12
12
13
19
10
14
7
16
13
11
10
7
11
4
6
12
13
13
5
13
14
12
11
10
14
8
12
15
12
11
11
10
9
8
17
14
12
6
12
12
8
6
9
12
15
8
15
9
7
13
5
8
11
13
9
16
12
12
10
9
15
14
12
11
8
7
16
11
11
7
8
12
14
14
8
11
10
8
9
16
9
8
7
17
9
13
10
13
6
8
14
7
8
14
12
7
9
10
17
11
11
8
9
16
7
11
14
6
10
13
10
8
13
13
11
9
11
10
14
17
6
11
14
10
12
10
11
11
15
9
11
16
7
10
10
8
10
15
16
11
10
8
5
10
12
7
14
8
10
13
14
12
7
10
7
10
8
10
12
6
11
10
7
11
11
7
12
16
9
8
11
12
10
14
12
12
15
18
11
10
12
7
12
9
12
13
9
17
5
7
11
9
10
12
15
14
16
9
9
12
11
17
12
9
8
9
9
13
10
11
13
12
7
13
10
12
10
15
10
14
10
11
9
21
10
11
8
10
4
15
15
10
11
6
12
8
8
12
10
9
16
17
14
13
11
9
13
10
12
12
9
8
11
11
12
13
7
10
8
11
14
9
14
14
7
10
9
10
14
12
10
13
12
12
3
12
11
17
11
11
9
10
16
12
10
12
9
7
8
7
11
13
9
11
7
10
12
15
10
11
14
16
8
8
12
12
14
10
14
11
12
14
14
16
12
14
15
12
9
8
12
6
19
12
8
17
9
6
4
6
12
7
9
9
10
10
14
8
15
11
18
11
13
13
12
9
12
10
11
4
13
14
12
10
13
9
2 57.0
171 65.0
82 33.0
74 22.0
965 95.0
590 49.0
588 100.0
105 55.0
554 67.0
727 74.0
638 13.0
640 14.0
175 80.0
3 5.0
851 38.0
880 65.0
707 35.0
903 61.0
585 48.0
294 20.0
390 97.0
177 57.0
80 27.0
536 9.0
24 93.0
916 95.0
4 23.0
386 4.0
906 92.0
16 85.0
417 79.0
863 72.0
366 60.0
606 87.0
440 75.0
296 100.0
228 31.0
39 20.0
5 34.0
508 65.0
998 70.0
562 95.0
740 25.0
895 48.0
175 62.0
506 79.0
6 36.0
538 83.0
732 33.0
527 4.0
570 20.0
7 16.0
869 30.0
320 100.0
153 67.0
604 2.0
255 91.0
281 71.0
308 14.0
309 98.0
355 13.0
139 88.0
7 5.0
587 57.0
148 8.0
568 84.0
951 87.0
932 76.0
472 10.0
8 31.0
382 9.0
821 24.0
881 9.0
814 49.0
973 4.0
148 35.0
695 45.0
559 92.0
490 47.0
9 24.0
149 67.0
973 21.0
576 36.0
111 15.0
205 72.0
270 81.0
296 33.0
151 9.0
145 80.0
356 31.0
10 97.0
545 88.0
730 18.0
55 93.0
447 92.0
229 15.0
311 88.0
693 38.0
11 75.0
40 19.0
591 52.0
523 91.0
831 33.0
439 29.0
878 39.0
802 84.0
713 80.0
432 55.0
900 99.0
903 89.0
438 68.0
880 56.0
93 65.0
414 28.0
677 41.0
12 43.0
887 76.0
771 22.0
844 99.0
833 90.0
363 59.0
748 24.0
805 37.0
593 46.0
13 59.0
542 43.0
176 50.0
621 37.0
172 96.0
669 19.0
344 88.0
14 24.0
691 36.0
120 20.0
119 32.0
87 68.0
977 17.0
826 52.0
716 9.0
15 2.0
71 89.0
242 92.0
442 40.0
852 63.0
441 79.0
105 24.0
188 3.0
271 43.0
333 100.0
804 34.0
225 74.0
995 48.0
182 49.0
696 18.0
16 27.0
119 91.0
673 29.0
289 66.0
451 89.0
800 75.0
575 20.0
939 33.0
667 37.0
17 100.0
543 72.0
754 84.0
944 15.0
510 53.0
318 66.0
503 12.0
694 3.0
610 10.0
904 93.0
18 21.0
314 28.0
1 15.0
502 65.0
464 28.0
703 63.0
841 56.0
877 66.0
666 87.0
981 56.0
565 54.0
170 1.0
467 97.0
19 5.0
519 72.0
109 58.0
536 64.0
516 26.0
727 31.0
250 98.0
20 53.0
443 77.0
526 70.0
508 5.0
922 32.0
210 98.0
870 93.0
835 50.0
21 100.0
821 43.0
613 27.0
908 12.0
691 41.0
345 59.0
386 43.0
670 90.0
911 18.0
588 70.0
353 36.0
704 49.0
235 35.0
380 58.0
22 80.0
722 70.0
236 55.0
880 46.0
86 99.0
11 76.0
812 61.0
556 97.0
674 55.0
458 27.0
409 23.0
750 92.0
23 45.0
27 8.0
53 40.0
318 50.0
319 36.0
941 1.0
189 41.0
839 34.0
341 51.0
24 20.0
925 87.0
422 45.0
390 34.0
448 82.0
702 13.0
919 30.0
531 93.0
710 49.0
540 30.0
405 86.0
409 18.0
631 14.0
25 31.0
501 57.0
521 80.0
964 98.0
155 11.0
276 90.0
139 59.0
26 5.0
679 61.0
308 94.0
288 59.0
412 83.0
280 25.0
757 61.0
149 79.0
186 94.0
162 3.0
445 91.0
731 17.0
266 23.0
790 90.0
624 29.0
768 13.0
612 83.0
27 72.0
641 97.0
723 74.0
994 41.0
209 42.0
419 98.0
336 12.0
611 45.0
247 25.0
758 56.0
326 92.0
382 21.0
598 49.0
751 25.0
28 43.0
399 91.0
839 3.0
377 21.0
418 45.0
577 45.0
729 25.0
654 65.0
579 36.0
29 62.0
752 46.0
501 100.0
592 69.0
644 48.0
633 46.0
848 91.0
798 24.0
13 17.0
59 81.0
557 60.0
152 83.0
702 2.0
30 36.0
313 28.0
248 59.0
293 63.0
425 91.0
655 74.0
939 31.0
437 34.0
424 42.0
576 76.0
896 77.0
999 85.0
31 67.0
983 88.0
210 42.0
361 50.0
94 72.0
391 69.0
541 31.0
836 85.0
693 71.0
720 30.0
61 55.0
172 87.0
517 39.0
756 74.0
32 16.0
959 43.0
788 22.0
38 38.0
80 27.0
930 66.0
37 75.0
970 16.0
408 92.0
926 60.0
33 83.0
284 93.0
591 70.0
889 44.0
457 11.0
537 34.0
20 12.0
218 39.0
399 75.0
459 84.0
274 39.0
944 18.0
356 45.0
34 8.0
631 100.0
857 4.0
689 14.0
607 9.0
778 64.0
254 22.0
35 15.0
232 90.0
519 2.0
865 55.0
36 96.0
154 41.0
484 42.0
526 46.0
633 2.0
673 84.0
446 97.0
168 30.0
653 41.0
81 5.0
847 26.0
44 59.0
768 94.0
238 36.0
678 98.0
37 64.0
832 18.0
237 51.0
246 39.0
492 11.0
909 14.0
61 85.0
514 16.0
914 27.0
245 64.0
38 95.0
698 48.0
213 43.0
233 91.0
174 67.0
32 92.0
39 78.0
536 60.0
339 8.0
997 96.0
301 50.0
520 50.0
690 87.0
487 64.0
200 44.0
869 77.0
896 35.0
328 34.0
40 18.0
679 91.0
769 15.0
128 31.0
341 70.0
605 87.0
268 63.0
768 90.0
933 83.0
647 67.0
1 73.0
325 84.0
931 36.0
41 87.0
177 57.0
11 22.0
782 49.0
985 53.0
332 53.0
542 66.0
42 6.0
807 81.0
787 45.0
385 66.0
943 93.0
615 89.0
962 37.0
894 17.0
919 53.0
517 41.0
297 3.0
805 25.0
10 86.0
681 81.0
370 8.0
950 97.0
273 49.0
213 89.0
928 37.0
237 20.0
43 62.0
435 18.0
831 27.0
623 62.0
336 36.0
969 27.0
225 61.0
44 72.0
387 44.0
304 17.0
459 65.0
975 64.0
534 16.0
475 51.0
861 45.0
45 54.0
101 68.0
961 41.0
342 86.0
625 22.0
5 55.0
323 6.0
488 20.0
809 22.0
470 47.0
46 78.0
537 38.0
945 74.0
222 95.0
341 18.0
388 97.0
587 68.0
234 3.0
22 76.0
350 35.0
328 63.0
518 75.0
47 25.0
759 78.0
26 78.0
629 24.0
12 35.0
738 8.0
925 58.0
534 13.0
121 61.0
774 100.0
75 28.0
48 13.0
790 40.0
272 40.0
163 20.0
652 29.0
99 10.0
849 78.0
749 64.0
706 43.0
780 77.0
776 95.0
49 96.0
884 12.0
272 23.0
271 7.0
190 53.0
299 63.0
275 29.0
89 98.0
431 64.0
31 89.0
50 84.0
370 97.0
202 24.0
476 94.0
3 25.0
305 59.0
579 12.0
535 84.0
51 36.0
106 40.0
189 27.0
684 36.0
279 59.0
284 80.0
52 42.0
525 18.0
992 32.0
996 1.0
968 88.0
645 89.0
295 35.0
409 27.0
226 23.0
198 54.0
116 48.0
59 46.0
53 19.0
822 73.0
569 10.0
813 25.0
542 82.0
654 39.0
388 74.0
54 22.0
950 51.0
636 9.0
468 89.0
925 89.0
206 18.0
130 98.0
424 68.0
744 47.0
723 92.0
698 36.0
892 76.0
55 27.0
206 95.0
669 90.0
222 55.0
68 63.0
39 50.0
250 20.0
837 73.0
334 78.0
202 42.0
724 55.0
947 25.0
721 21.0
188 35.0
550 48.0
191 13.0
56 29.0
237 70.0
218 99.0
443 83.0
582 34.0
156 46.0
662 87.0
61 21.0
444 97.0
364 84.0
393 27.0
220 34.0
731 20.0
266 35.0
961 20.0
888 43.0
57 90.0
698 29.0
568 15.0
202 46.0
30 28.0
298 83.0
773 20.0
435 25.0
58 98.0
634 94.0
777 76.0
228 93.0
776 62.0
611 34.0
962 23.0
806 48.0
448 77.0
270 64.0
4 100.0
819 44.0
59 67.0
445 71.0
618 64.0
697 38.0
398 4.0
586 54.0
946 74.0
205 29.0
546 11.0
531 25.0
384 46.0
431 77.0
730 24.0
60 20.0
108 17.0
882 15.0
5 65.0
68 51.0
745 20.0
906 55.0
61 66.0
693 67.0
466 40.0
213 96.0
671 46.0
371 24.0
924 44.0
817 27.0
62 70.0
30 16.0
419 21.0
703 11.0
284 63.0
534 50.0
466 39.0
173 12.0
292 51.0
44 26.0
592 69.0
75 77.0
451 52.0
715 57.0
475 40.0
700 10.0
63 55.0
314 36.0
28 23.0
179 25.0
339 94.0
855 10.0
371 68.0
763 46.0
707 54.0
654 26.0
64 70.0
237 53.0
270 40.0
998 1.0
818 40.0
495 16.0
312 79.0
360 53.0
439 90.0
773 39.0
142 64.0
634 34.0
65 53.0
324 6.0
839 91.0
148 76.0
438 68.0
824 52.0
51 19.0
606 89.0
964 3.0
779 100.0
292 49.0
66 8.0
987 69.0
660 63.0
413 82.0
704 16.0
212 43.0
319 8.0
52 90.0
520 85.0
69 73.0
723 79.0
944 88.0
237 35.0
672 79.0
193 31.0
67 42.0
377 3.0
934 71.0
360 42.0
189 2.0
150 39.0
944 92.0
959 96.0
867 51.0
865 99.0
62 70.0
68 21.0
953 96.0
779 77.0
802 24.0
3 56.0
236 34.0
350 3.0
179 17.0
709 61.0
69 97.0
665 60.0
158 90.0
239 91.0
643 50.0
637 43.0
152 40.0
70 6.0
261 13.0
526 67.0
654 11.0
857 87.0
649 69.0
329 52.0
170 25.0
71 74.0
478 95.0
544 100.0
658 29.0
71 63.0
805 4.0
368 4.0
91 8.0
526 24.0
599 4.0
126 68.0
148 1.0
231 93.0
966 6.0
72 25.0
994 33.0
357 9.0
144 60.0
879 39.0
110 88.0
21 58.0
420 68.0
403 51.0
977 39.0
784 78.0
73 82.0
760 47.0
300 95.0
434 83.0
842 67.0
339 54.0
896 8.0
74 34.0
515 49.0
40 23.0
43 51.0
202 32.0
46 55.0
877 66.0
959 56.0
814 35.0
75 13.0
393 93.0
460 61.0
851 70.0
161 63.0
235 100.0
332 42.0
453 36.0
76 62.0
262 44.0
667 21.0
121 95.0
686 7.0
399 95.0
66 2.0
961 97.0
473 48.0
452 88.0
342 86.0
844 20.0
77 41.0
768 1.0
241 46.0
119 20.0
678 11.0
555 78.0
906 51.0
463 60.0
966 97.0
113 85.0
250 94.0
78 68.0
729 61.0
537 64.0
243 7.0
801 55.0
928 73.0
375 65.0
79 59.0
452 91.0
658 65.0
442 41.0
55 33.0
493 33.0
454 43.0
517 13.0
421 88.0
994 39.0
242 22.0
71 99.0
451 23.0
80 75.0
851 89.0
688 13.0
77 20.0
232 25.0
726 87.0
723 16.0
465 74.0
159 60.0
287 55.0
330 15.0
801 97.0
411 98.0
954 44.0
30 37.0
785 72.0
81 24.0
930 53.0
979 64.0
392 46.0
422 63.0
350 86.0
389 57.0
512 61.0
396 45.0
82 75.0
987 19.0
239 89.0
586 48.0
153 9.0
636 69.0
227 1.0
128 89.0
83 86.0
7 64.0
784 89.0
798 89.0
441 73.0
774 32.0
896 99.0
264 78.0
378 63.0
977 71.0
84 28.0
18 34.0
141 85.0
52 58.0
215 97.0
660 93.0
936 52.0
85 75.0
543 65.0
124 32.0
139 21.0
71 51.0
664 55.0
937 86.0
246 99.0
86 68.0
317 14.0
307 8.0
533 74.0
986 98.0
135 79.0
814 67.0
137 66.0
23 39.0
711 44.0
450 39.0
810 37.0
477 45.0
356 13.0
772 74.0
87 6.0
709 69.0
400 91.0
544 84.0
687 80.0
425 75.0
488 48.0
892 66.0
839 6.0
142 3.0
630 85.0
926 3.0
88 100.0
608 71.0
236 68.0
809 79.0
966 67.0
469 75.0
620 79.0
626 65.0
998 47.0
795 67.0
89 74.0
485 77.0
620 37.0
959 57.0
205 13.0
486 61.0
157 21.0
604 73.0
380 49.0
269 18.0
153 29.0
579 37.0
945 79.0
786 46.0
90 31.0
589 48.0
976 1.0
744 5.0
97 77.0
723 60.0
922 96.0
915 32.0
91 89.0
384 44.0
78 13.0
966 56.0
652 96.0
459 91.0
110 82.0
92 87.0
577 25.0
522 82.0
25 16.0
200 68.0
180 22.0
860 75.0
93 48.0
505 27.0
752 19.0
865 94.0
705 9.0
62 90.0
348 51.0
777 61.0
489 83.0
756 11.0
376 30.0
392 97.0
162 35.0
279 88.0
526 75.0
94 50.0
377 77.0
713 54.0
339 71.0
583 70.0
606 99.0
966 16.0
572 55.0
95 44.0
397 57.0
122 10.0
639 76.0
67 93.0
594 76.0
119 77.0
53 78.0
943 49.0
284 57.0
847 53.0
461 3.0
434 26.0
96 67.0
188 11.0
109 37.0
547 72.0
19 79.0
214 50.0
439 57.0
868 63.0
807 28.0
283 30.0
32 1.0
343 82.0
761 90.0
90 21.0
468 23.0
97 82.0
704 91.0
724 83.0
711 69.0
908 71.0
868 16.0
876 40.0
989 87.0
232 70.0
98 4.0
78 71.0
159 64.0
664 9.0
59 82.0
305 8.0
550 57.0
274 87.0
951 16.0
99 75.0
941 18.0
633 5.0
589 38.0
621 65.0
801 37.0
994 84.0
226 15.0
431 46.0
310 53.0
289 32.0
740 93.0
100 4.0
392 27.0
607 28.0
155 63.0
990 4.0
548 52.0
313 29.0
731 33.0
817 2.0
19 29.0
833 94.0
973 83.0
741 36.0
101 14.0
792 100.0
470 100.0
895 9.0
831 60.0
797 89.0
359 31.0
85 42.0
73 35.0
820 41.0
174 62.0
858 37.0
346 77.0
102 16.0
538 87.0
141 66.0
269 94.0
688 17.0
473 64.0
330 65.0
45 38.0
840 14.0
77 14.0
897 68.0
642 97.0
916 70.0
103 72.0
520 24.0
987 34.0
615 17.0
568 18.0
637 37.0
79 30.0
671 90.0
100 80.0
633 84.0
104 18.0
158 39.0
113 72.0
319 29.0
897 70.0
679 84.0
875 99.0
349 16.0
587 30.0
196 100.0
59 44.0
540 1.0
514 36.0
970 46.0
129 66.0
616 39.0
105 67.0
689 90.0
220 47.0
225 96.0
412 74.0
564 46.0
280 38.0
514 52.0
550 44.0
730 6.0
959 32.0
638 100.0
944 33.0
106 15.0
975 96.0
516 82.0
849 71.0
479 11.0
810 36.0
834 47.0
183 76.0
107 85.0
208 77.0
383 39.0
955 95.0
108 51.0
923 83.0
239 77.0
581 54.0
629 7.0
512 3.0
538 33.0
778 73.0
270 41.0
109 81.0
950 83.0
174 29.0
667 30.0
123 20.0
661 40.0
473 24.0
520 87.0
110 20.0
306 26.0
844 8.0
550 18.0
282 77.0
302 9.0
206 66.0
872 51.0
342 22.0
111 82.0
84 51.0
245 45.0
143 10.0
742 8.0
528 16.0
782 44.0
259 88.0
38 74.0
547 39.0
387 75.0
77 63.0
830 25.0
112 50.0
739 74.0
845 74.0
113 94.0
120 49.0
848 67.0
244 38.0
441 73.0
955 51.0
544 32.0
890 90.0
376 77.0
752 8.0
71 29.0
597 32.0
114 20.0
63 39.0
747 48.0
709 50.0
980 30.0
18 35.0
53 74.0
299 39.0
115 36.0
204 74.0
898 13.0
260 79.0
46 92.0
338 83.0
49 39.0
245 97.0
859 81.0
480 52.0
149 13.0
506 34.0
269 95.0
775 27.0
37 19.0
995 70.0
116 35.0
965 58.0
894 8.0
529 89.0
847 74.0
74 8.0
941 21.0
117 52.0
232 23.0
967 87.0
67 25.0
810 35.0
363 70.0
131 73.0
47 27.0
981 33.0
717 81.0
390 23.0
546 42.0
320 56.0
911 16.0
654 60.0
118 38.0
576 2.0
419 20.0
426 47.0
676 14.0
933 53.0
316 12.0
257 47.0
966 22.0
774 17.0
545 73.0
684 63.0
607 87.0
551 31.0
992 77.0
119 41.0
7 37.0
371 39.0
999 43.0
587 65.0
486 81.0
117 37.0
512 43.0
996 55.0
649 28.0
240 1.0
11 55.0
761 49.0
334 47.0
395 27.0
781 20.0
120 66.0
314 56.0
627 50.0
558 26.0
942 68.0
57 31.0
145 79.0
862 54.0
866 87.0
8 1.0
644 96.0
121 28.0
560 79.0
176 20.0
105 82.0
401 63.0
934 70.0
986 69.0
818 61.0
334 45.0
373 13.0
691 98.0
222 72.0
122 64.0
103 3.0
322 1.0
620 28.0
329 26.0
841 13.0
569 42.0
412 17.0
836 74.0
123 87.0
448 74.0
741 27.0
734 53.0
367 83.0
548 73.0
182 44.0
783 59.0
201 54.0
620 7.0
534 90.0
84 35.0
414 20.0
416 84.0
101 56.0
124 12.0
168 93.0
817 93.0
270 20.0
492 68.0
336 25.0
980 95.0
815 9.0
308 27.0
763 61.0
166 67.0
202 41.0
699 95.0
49 41.0
668 72.0
300 99.0
674 71.0
141 78.0
849 93.0
288 74.0
125 45.0
63 71.0
595 52.0
692 64.0
440 98.0
962 45.0
172 83.0
725 47.0
632 71.0
6 35.0
814 99.0
209 48.0
446 14.0
657 76.0
644 57.0
126 72.0
839 36.0
410 37.0
427 27.0
858 89.0
487 31.0
859 62.0
127 10.0
298 7.0
394 100.0
224 12.0
282 66.0
364 27.0
624 18.0
274 86.0
129 55.0
128 48.0
209 6.0
839 30.0
123 72.0
5 83.0
886 70.0
261 23.0
180 56.0
538 43.0
306 60.0
279 71.0
398 1.0
412 51.0
233 33.0
878 65.0
129 36.0
605 15.0
318 44.0
22 100.0
772 1.0
51 29.0
77 22.0
249 11.0
867 21.0
996 12.0
892 12.0
480 73.0
130 77.0
62 2.0
445 25.0
242 68.0
263 1.0
335 83.0
34 50.0
808 51.0
149 42.0
131 42.0
992 44.0
220 15.0
943 38.0
956 19.0
345 8.0
132 23.0
913 7.0
499 82.0
885 82.0
402 94.0
636 82.0
347 98.0
354 86.0
352 66.0
133 15.0
660 57.0
327 17.0
517 73.0
235 3.0
625 31.0
314 96.0
836 57.0
899 98.0
146 61.0
448 37.0
265 95.0
542 57.0
162 79.0
827 71.0
134 72.0
54 14.0
249 27.0
216 12.0
581 15.0
946 18.0
823 34.0
135 34.0
229 68.0
841 21.0
424 6.0
1 90.0
448 20.0
368 71.0
638 82.0
645 55.0
945 43.0
9 40.0
136 1.0
345 39.0
987 17.0
445 4.0
953 69.0
528 88.0
266 34.0
586 85.0
408 49.0
926 73.0
581 17.0
719 58.0
770 22.0
148 77.0
669 64.0
137 18.0
356 92.0
522 44.0
847 63.0
881 37.0
449 46.0
527 79.0
254 27.0
323 47.0
109 82.0
830 2.0
592 26.0
777 20.0
187 93.0
138 27.0
567 8.0
727 21.0
593 51.0
882 26.0
35 77.0
987 18.0
656 89.0
631 27.0
147 96.0
912 93.0
839 30.0
697 95.0
2 61.0
453 13.0
955 91.0
139 75.0
244 79.0
153 89.0
514 70.0
691 67.0
70 31.0
555 82.0
661 62.0
636 35.0
254 41.0
183 29.0
140 28.0
809 10.0
406 18.0
89 37.0
178 38.0
709 63.0
152 65.0
694 81.0
298 97.0
15 25.0
141 46.0
895 33.0
657 44.0
770 11.0
492 23.0
685 46.0
303 34.0
659 15.0
786 68.0
137 48.0
516 88.0
142 5.0
474 58.0
286 100.0
913 87.0
208 75.0
821 55.0
378 31.0
143 83.0
278 53.0
78 14.0
327 78.0
842 19.0
795 88.0
418 59.0
634 25.0
37 50.0
17 40.0
144 21.0
942 6.0
302 32.0
200 96.0
811 62.0
782 78.0
844 10.0
508 21.0
278 95.0
95 91.0
367 84.0
662 57.0
338 27.0
142 73.0
82 18.0
145 18.0
571 85.0
32 9.0
915 31.0
122 24.0
594 80.0
460 49.0
932 44.0
347 46.0
406 52.0
963 44.0
587 85.0
974 69.0
288 35.0
146 80.0
242 42.0
661 46.0
341 100.0
745 33.0
74 22.0
369 61.0
680 45.0
687 69.0
673 45.0
470 15.0
147 6.0
687 4.0
874 75.0
802 45.0
351 41.0
847 15.0
800 91.0
705 69.0
961 34.0
209 48.0
824 19.0
595 55.0
148 27.0
568 11.0
918 67.0
83 32.0
411 76.0
713 11.0
461 61.0
427 12.0
674 68.0
114 91.0
227 5.0
683 93.0
241 95.0
343 41.0
221 31.0
145 70.0
149 54.0
31 82.0
683 88.0
975 58.0
423 50.0
214 56.0
257 43.0
73 60.0
281 33.0
875 32.0
831 4.0
440 18.0
459 51.0
635 36.0
889 82.0
742 48.0
150 73.0
738 34.0
156 1.0
321 75.0
175 55.0
243 90.0
574 39.0
151 94.0
960 88.0
595 54.0
528 38.0
128 67.0
795 93.0
645 90.0
351 16.0
439 63.0
591 52.0
861 36.0
913 59.0
124 78.0
332 23.0
369 24.0
152 62.0
873 45.0
172 23.0
472 29.0
553 20.0
314 46.0
206 85.0
84 57.0
487 24.0
189 24.0
568 44.0
153 13.0
393 33.0
83 82.0
764 1.0
659 77.0
343 29.0
950 93.0
48 35.0
694 94.0
850 71.0
386 46.0
131 59.0
46 62.0
538 60.0
80 82.0
154 36.0
652 49.0
849 23.0
236 57.0
303 69.0
581 34.0
71 84.0
504 3.0
271 97.0
155 74.0
853 14.0
611 15.0
505 82.0
210 98.0
461 79.0
640 10.0
794 51.0
661 16.0
500 40.0
156 7.0
656 98.0
192 78.0
900 70.0
844 77.0
550 32.0
57 64.0
826 34.0
947 15.0
586 25.0
157 87.0
861 70.0
522 25.0
41 37.0
777 12.0
173 53.0
346 43.0
233 24.0
158 52.0
882 97.0
364 7.0
278 34.0
856 52.0
54 93.0
507 31.0
609 65.0
551 95.0
473 8.0
159 17.0
14 85.0
564 35.0
452 31.0
948 52.0
670 34.0
951 50.0
180 30.0
581 52.0
594 9.0
321 36.0
160 18.0
995 98.0
196 23.0
1000 36.0
901 43.0
652 92.0
168 81.0
637 72.0
751 23.0
161 68.0
966 63.0
290 95.0
913 78.0
896 21.0
961 72.0
255 29.0
610 37.0
131 98.0
761 4.0
162 51.0
280 33.0
612 37.0
658 65.0
202 97.0
608 85.0
624 45.0
682 90.0
438 61.0
163 56.0
803 16.0
791 18.0
576 14.0
411 8.0
492 13.0
18 9.0
852 65.0
245 95.0
946 84.0
164 30.0
859 2.0
999 90.0
735 1.0
676 59.0
731 72.0
841 95.0
988 87.0
95 57.0
170 73.0
154 88.0
165 64.0
132 58.0
431 8.0
251 53.0
288 95.0
555 90.0
103 89.0
955 9.0
429 29.0
902 97.0
537 73.0
772 36.0
166 80.0
334 24.0
748 24.0
528 18.0
856 84.0
733 93.0
428 30.0
617 26.0
435 76.0
601 14.0
668 47.0
634 12.0
167 77.0
933 92.0
178 14.0
555 41.0
840 50.0
915 67.0
864 56.0
308 50.0
509 8.0
688 24.0
496 57.0
47 64.0
168 46.0
94 68.0
607 13.0
244 42.0
800 56.0
131 21.0
552 99.0
169 5.0
403 19.0
394 4.0
342 96.0
622 53.0
605 92.0
174 48.0
667 44.0
423 36.0
594 9.0
140 25.0
203 59.0
17 77.0
170 84.0
23 68.0
459 47.0
420 60.0
24 86.0
401 58.0
54 57.0
416 57.0
583 67.0
789 4.0
963 90.0
276 30.0
872 2.0
171 97.0
393 79.0
919 38.0
112 41.0
941 12.0
35 97.0
441 15.0
979 71.0
921 52.0
63 76.0
903 81.0
929 39.0
559 31.0
914 70.0
172 7.0
775 86.0
226 29.0
683 27.0
442 88.0
190 52.0
156 63.0
805 73.0
697 2.0
582 59.0
302 17.0
233 40.0
553 60.0
173 50.0
375 68.0
757 44.0
462 24.0
930 85.0
155 65.0
739 53.0
144 35.0
443 48.0
888 69.0
541 52.0
174 84.0
913 71.0
400 97.0
99 46.0
417 21.0
424 67.0
479 3.0
286 34.0
600 44.0
979 3.0
58 73.0
403 56.0
724 79.0
175 34.0
425 100.0
902 4.0
576 40.0
339 32.0
161 10.0
781 99.0
629 5.0
303 94.0
176 46.0
47 30.0
350 12.0
28 57.0
216 52.0
775 1.0
656 78.0
943 78.0
423 99.0
699 44.0
854 66.0
983 65.0
177 28.0
459 80.0
428 89.0
900 76.0
610 94.0
955 69.0
924 51.0
60 76.0
42 77.0
675 79.0
178 90.0
75 52.0
528 46.0
570 64.0
388 73.0
949 30.0
475 49.0
802 99.0
525 15.0
179 37.0
4 34.0
288 72.0
587 62.0
927 90.0
115 1.0
819 30.0
936 65.0
943 84.0
746 16.0
575 33.0
539 57.0
800 40.0
498 59.0
537 42.0
180 39.0
199 91.0
228 45.0
801 78.0
345 81.0
324 45.0
135 71.0
198 29.0
146 79.0
839 45.0
482 51.0
624 97.0
181 22.0
623 76.0
418 18.0
787 68.0
994 60.0
988 55.0
522 39.0
347 80.0
54 45.0
33 26.0
169 55.0
282 34.0
532 41.0
894 83.0
428 14.0
182 83.0
197 91.0
609 30.0
618 96.0
458 44.0
349 1.0
651 36.0
87 64.0
272 76.0
939 8.0
703 45.0
549 72.0
183 36.0
702 40.0
304 76.0
901 35.0
414 6.0
113 1.0
65 14.0
814 55.0
504 28.0
184 98.0
698 83.0
162 12.0
433 82.0
519 81.0
627 74.0
504 69.0
529 35.0
926 26.0
185 79.0
576 6.0
515 85.0
926 23.0
663 85.0
390 32.0
468 93.0
853 20.0
493 74.0
52 12.0
452 23.0
933 97.0
836 52.0
186 62.0
976 68.0
998 9.0
655 100.0
641 13.0
631 37.0
869 54.0
520 29.0
610 51.0
270 24.0
500 39.0
397 25.0
636 38.0
187 80.0
119 48.0
570 70.0
977 10.0
903 40.0
322 31.0
673 85.0
188 52.0
362 75.0
277 43.0
547 25.0
870 35.0
841 40.0
189 79.0
484 27.0
791 25.0
599 20.0
394 86.0
719 81.0
982 13.0
507 24.0
894 80.0
190 82.0
254 12.0
128 74.0
181 20.0
722 77.0
604 83.0
34 43.0
487 1.0
215 41.0
136 100.0
3 26.0
291 37.0
556 62.0
191 25.0
613 25.0
458 17.0
672 77.0
650 86.0
698 27.0
924 33.0
779 97.0
885 5.0
389 82.0
192 1.0
8 91.0
248 69.0
891 58.0
818 34.0
73 1.0
995 26.0
68 70.0
897 74.0
993 6.0
107 38.0
629 69.0
243 16.0
523 78.0
193 40.0
604 77.0
664 20.0
331 33.0
633 85.0
635 41.0
194 91.0
733 58.0
837 4.0
836 38.0
537 25.0
458 10.0
202 13.0
195 52.0
323 76.0
977 89.0
399 78.0
75 23.0
440 2.0
854 19.0
506 74.0
996 85.0
121 69.0
47 95.0
313 26.0
180 91.0
857 46.0
717 100.0
196 100.0
850 49.0
736 86.0
633 45.0
562 42.0
843 42.0
449 42.0
389 19.0
734 25.0
713 42.0
197 7.0
420 9.0
114 65.0
813 23.0
378 24.0
81 83.0
118 28.0
926 31.0
435 36.0
244 73.0
966 4.0
198 86.0
44 50.0
610 67.0
240 29.0
726 5.0
99 56.0
636 67.0
4 33.0
695 18.0
199 18.0
232 49.0
819 43.0
939 91.0
98 61.0
987 13.0
726 52.0
784 10.0
810 88.0
537 39.0
746 79.0
796 81.0
200 51.0
163 43.0
600 47.0
403 92.0
778 70.0
167 5.0
866 25.0
336 27.0
353 89.0
384 85.0
201 37.0
180 63.0
372 88.0
914 14.0
646 86.0
638 53.0
837 6.0
469 92.0
288 27.0
400 52.0
925 100.0
779 62.0
750 39.0
743 44.0
691 15.0
100 63.0
202 42.0
721 71.0
431 25.0
822 87.0
425 85.0
948 89.0
359 60.0
106 45.0
50 12.0
882 37.0
203 18.0
541 72.0
190 97.0
848 77.0
104 48.0
528 79.0
462 53.0
9 51.0
490 89.0
204 19.0
886 55.0
515 53.0
662 88.0
867 8.0
623 19.0
129 12.0
99 50.0
42 94.0
205 47.0
164 58.0
518 56.0
732 21.0
54 8.0
392 83.0
278 19.0
292 2.0
125 97.0
898 4.0
650 29.0
664 8.0
206 55.0
699 21.0
374 59.0
345 16.0
562 66.0
850 51.0
646 1.0
180 24.0
207 9.0
107 63.0
705 11.0
769 38.0
118 30.0
244 11.0
393 20.0
115 45.0
759 94.0
440 45.0
6 48.0
362 43.0
208 84.0
322 1.0
59 29.0
161 80.0
530 88.0
533 67.0
811 36.0
310 76.0
407 58.0
43 77.0
472 3.0
569 95.0
849 85.0
209 80.0
879 21.0
453 60.0
212 73.0
235 86.0
974 4.0
881 24.0
345 76.0
131 3.0
333 93.0
210 56.0
339 36.0
393 69.0
387 87.0
715 95.0
429 11.0
373 74.0
236 60.0
769 71.0
444 47.0
59 2.0
395 66.0
330 1.0
120 67.0
578 72.0
221 54.0
657 88.0
788 22.0
315 33.0
211 61.0
554 98.0
296 59.0
452 78.0
684 44.0
915 27.0
350 27.0
921 47.0
794 80.0
130 23.0
951 18.0
212 21.0
227 43.0
511 4.0
962 25.0
846 87.0
508 98.0
91 62.0
160 49.0
401 100.0
126 97.0
213 78.0
946 92.0
900 41.0
502 8.0
447 97.0
387 25.0
843 83.0
289 95.0
930 43.0
553 12.0
658 4.0
263 96.0
318 82.0
214 92.0
43 79.0
335 48.0
116 64.0
788 28.0
479 76.0
215 15.0
574 78.0
772 61.0
990 51.0
859 38.0
650 34.0
852 90.0
216 10.0
29 69.0
722 14.0
210 29.0
393 11.0
897 24.0
206 55.0
724 77.0
135 42.0
217 87.0
724 74.0
621 41.0
799 76.0
279 98.0
732 2.0
932 26.0
599 43.0
218 16.0
183 26.0
353 34.0
338 17.0
212 6.0
253 30.0
534 53.0
333 77.0
104 57.0
219 59.0
807 17.0
335 69.0
419 52.0
760 73.0
664 19.0
686 28.0
101 75.0
334 66.0
576 33.0
963 93.0
314 89.0
991 28.0
220 55.0
84 52.0
562 9.0
37 77.0
208 60.0
929 82.0
267 3.0
198 40.0
506 22.0
561 72.0
508 7.0
221 45.0
412 75.0
51 80.0
719 65.0
842 65.0
77 58.0
250 91.0
211 7.0
474 58.0
67 39.0
177 48.0
258 99.0
676 50.0
230 85.0
856 38.0
222 12.0
26 34.0
977 51.0
136 68.0
101 17.0
973 32.0
386 68.0
997 61.0
223 47.0
96 50.0
472 96.0
688 95.0
539 21.0
874 99.0
719 5.0
95 31.0
572 20.0
946 11.0
744 78.0
581 12.0
155 60.0
877 90.0
224 14.0
468 48.0
224 19.0
411 72.0
774 9.0
989 76.0
16 58.0
973 88.0
685 58.0
905 35.0
641 20.0
37 90.0
708 1.0
789 42.0
196 37.0
225 41.0
953 25.0
111 21.0
819 79.0
256 60.0
581 45.0
778 89.0
918 13.0
436 49.0
644 29.0
868 35.0
226 8.0
648 82.0
29 29.0
378 24.0
224 87.0
530 3.0
39 1.0
503 62.0
584 100.0
65 4.0
227 4.0
789 86.0
384 76.0
966 60.0
638 36.0
46 90.0
216 64.0
603 8.0
689 7.0
385 2.0
228 90.0
515 67.0
748 44.0
848 80.0
327 59.0
628 58.0
72 85.0
229 42.0
986 8.0
445 84.0
963 97.0
125 9.0
715 45.0
563 77.0
335 25.0
230 1.0
18 61.0
672 35.0
286 68.0
414 34.0
75 95.0
4 79.0
637 90.0
832 76.0
539 86.0
110 54.0
988 97.0
647 36.0
862 94.0
231 66.0
826 70.0
613 86.0
140 49.0
747 90.0
86 98.0
875 42.0
801 58.0
681 36.0
516 39.0
458 90.0
806 54.0
388 24.0
232 80.0
583 8.0
381 1.0
116 70.0
719 8.0
649 79.0
128 77.0
695 5.0
233 56.0
638 95.0
24 83.0
55 14.0
135 17.0
361 79.0
536 87.0
678 12.0
610 38.0
148 24.0
264 83.0
234 3.0
834 56.0
514 11.0
443 28.0
444 44.0
262 77.0
312 99.0
603 74.0
593 73.0
498 45.0
235 82.0
251 19.0
445 31.0
545 27.0
784 52.0
916 15.0
482 33.0
725 8.0
379 23.0
952 6.0
705 13.0
217 14.0
511 46.0
118 9.0
236 18.0
693 86.0
530 83.0
182 34.0
890 34.0
700 66.0
657 93.0
384 38.0
91 74.0
360 10.0
81 16.0
52 83.0
184 15.0
237 7.0
330 70.0
763 98.0
81 6.0
8 58.0
792 73.0
329 16.0
672 35.0
65 32.0
238 35.0
41 33.0
411 24.0
372 6.0
107 7.0
605 53.0
419 80.0
584 49.0
80 1.0
950 24.0
239 77.0
660 58.0
808 2.0
757 95.0
622 58.0
464 76.0
346 82.0
911 40.0
240 43.0
257 98.0
151 67.0
491 71.0
362 63.0
398 48.0
132 81.0
241 31.0
462 39.0
785 72.0
458 44.0
118 62.0
466 23.0
618 91.0
647 45.0
263 95.0
242 22.0
698 49.0
259 77.0
902 1.0
351 6.0
457 76.0
277 29.0
466 4.0
842 57.0
260 47.0
688 4.0
597 4.0
243 94.0
881 40.0
401 68.0
534 61.0
572 89.0
147 25.0
756 43.0
935 76.0
387 10.0
921 36.0
178 58.0
735 17.0
170 89.0
260 45.0
244 73.0
452 91.0
794 45.0
620 65.0
528 27.0
934 26.0
188 8.0
973 94.0
891 64.0
761 13.0
92 8.0
447 89.0
760 80.0
245 63.0
219 19.0
222 7.0
881 94.0
114 31.0
648 1.0
782 6.0
767 81.0
145 47.0
444 79.0
359 90.0
847 22.0
608 34.0
759 55.0
923 67.0
246 1.0
691 55.0
696 28.0
625 40.0
499 32.0
446 74.0
755 57.0
629 17.0
622 7.0
253 41.0
166 8.0
310 80.0
40 81.0
386 21.0
874 81.0
247 34.0
108 24.0
363 26.0
367 56.0
68 63.0
839 6.0
468 17.0
248 17.0
794 13.0
828 47.0
512 48.0
81 75.0
381 30.0
687 66.0
172 10.0
558 27.0
117 8.0
249 16.0
290 23.0
472 18.0
558 71.0
689 38.0
448 85.0
374 48.0
379 98.0
912 99.0
16 64.0
250 22.0
58 36.0
313 57.0
676 68.0
735 65.0
875 27.0
265 46.0
751 98.0
745 100.0
48 74.0
54 81.0
842 77.0
181 11.0
251 27.0
140 48.0
613 67.0
820 50.0
361 45.0
214 45.0
656 11.0
252 13.0
196 38.0
652 62.0
46 2.0
936 75.0
629 68.0
144 1.0
899 82.0
755 90.0
161 87.0
583 86.0
472 15.0
421 33.0
253 51.0
733 77.0
499 50.0
904 15.0
754 1.0
929 30.0
858 29.0
675 40.0
791 80.0
851 96.0
368 90.0
936 94.0
548 80.0
241 67.0
254 37.0
314 66.0
947 5.0
525 93.0
925 8.0
794 30.0
975 61.0
163 91.0
635 10.0
172 94.0
484 69.0
427 100.0
678 89.0
84 15.0
493 28.0
24 32.0
255 91.0
403 5.0
276 72.0
329 51.0
565 24.0
997 1.0
552 69.0
378 31.0
571 68.0
627 49.0
841 80.0
626 56.0
78 72.0
242 69.0
867 11.0
494 19.0
732 77.0
885 1.0
256 68.0
930 12.0
769 97.0
207 1.0
122 61.0
58 96.0
561 9.0
951 60.0
465 8.0
549 13.0
28 38.0
862 29.0
994 19.0
257 51.0
759 33.0
313 61.0
598 64.0
85 95.0
385 38.0
201 7.0
544 15.0
315 99.0
258 8.0
603 49.0
673 88.0
413 18.0
184 40.0
482 68.0
634 97.0
826 48.0
83 99.0
259 3.0
2 22.0
942 31.0
957 50.0
91 90.0
68 49.0
475 54.0
876 83.0
646 3.0
659 21.0
960 84.0
629 91.0
262 64.0
102 15.0
260 11.0
358 88.0
219 35.0
785 49.0
531 59.0
360 82.0
462 99.0
293 70.0
498 97.0
520 27.0
71 49.0
261 85.0
112 31.0
888 69.0
789 71.0
860 21.0
9 50.0
245 73.0
323 36.0
262 53.0
720 51.0
138 7.0
485 23.0
90 77.0
994 98.0
561 14.0
405 18.0
656 62.0
571 87.0
373 67.0
733 59.0
751 58.0
648 10.0
199 71.0
263 64.0
422 17.0
702 7.0
922 14.0
568 36.0
924 83.0
612 41.0
603 41.0
264 56.0
126 80.0
969 46.0
766 9.0
86 36.0
639 68.0
651 91.0
265 82.0
901 7.0
772 54.0
282 23.0
701 96.0
595 48.0
175 77.0
596 3.0
113 66.0
266 37.0
357 34.0
387 81.0
589 49.0
907 46.0
260 45.0
282 32.0
620 93.0
97 25.0
883 2.0
929 82.0
140 40.0
287 45.0
267 27.0
881 43.0
447 100.0
615 71.0
54 63.0
855 32.0
709 53.0
957 70.0
237 56.0
827 83.0
268 86.0
788 41.0
705 46.0
859 48.0
529 12.0
850 40.0
978 44.0
34 33.0
704 63.0
209 71.0
438 7.0
525 44.0
666 15.0
786 67.0
269 99.0
44 69.0
545 72.0
996 91.0
890 58.0
471 61.0
120 73.0
634 41.0
329 43.0
624 71.0
602 24.0
270 64.0
642 52.0
511 26.0
539 98.0
146 4.0
69 30.0
502 19.0
574 72.0
550 31.0
273 1.0
16 30.0
65 89.0
271 1.0
947 78.0
223 77.0
661 95.0
651 91.0
214 54.0
308 95.0
330 47.0
101 42.0
995 66.0
177 13.0
48 55.0
476 58.0
954 9.0
272 33.0
770 35.0
507 57.0
537 75.0
651 64.0
343 35.0
839 70.0
753 26.0
86 59.0
455 62.0
430 37.0
52 49.0
273 22.0
287 92.0
906 57.0
956 45.0
291 31.0
460 22.0
563 29.0
158 86.0
171 19.0
37 41.0
487 4.0
680 98.0
177 2.0
274 88.0
179 83.0
864 18.0
137 10.0
828 12.0
704 30.0
735 88.0
357 64.0
760 63.0
269 60.0
81 18.0
243 98.0
520 36.0
275 12.0
353 50.0
548 14.0
977 19.0
518 60.0
993 30.0
716 48.0
276 54.0
205 98.0
925 40.0
843 2.0
679 32.0
71 50.0
990 77.0
650 8.0
175 27.0
118 30.0
92 93.0
833 86.0
277 85.0
374 11.0
302 2.0
360 67.0
731 5.0
352 70.0
537 50.0
422 95.0
336 76.0
645 69.0
217 20.0
792 15.0
278 92.0
307 35.0
181 96.0
933 100.0
523 1.0
846 7.0
484 97.0
550 52.0
652 21.0
254 19.0
588 58.0
872 15.0
279 32.0
633 70.0
187 34.0
33 34.0
116 87.0
339 76.0
280 94.0
522 49.0
192 31.0
534 15.0
998 50.0
214 80.0
213 45.0
293 23.0
237 2.0
93 100.0
896 82.0
281 28.0
58 46.0
396 98.0
824 42.0
16 92.0
417 43.0
45 61.0
904 44.0
518 42.0
255 46.0
759 2.0
128 9.0
282 72.0
301 41.0
456 81.0
219 18.0
284 98.0
164 57.0
868 21.0
154 56.0
667 92.0
827 41.0
283 88.0
66 11.0
975 86.0
707 7.0
650 26.0
714 17.0
765 27.0
197 88.0
702 11.0
849 97.0
176 12.0
812 92.0
284 48.0
119 47.0
960 43.0
542 28.0
121 67.0
67 79.0
159 42.0
719 91.0
388 71.0
403 6.0
984 9.0
321 80.0
22 49.0
265 1.0
443 39.0
285 38.0
123 41.0
413 38.0
344 22.0
587 53.0
888 17.0
286 97.0
160 100.0
366 48.0
500 68.0
166 85.0
199 79.0
442 20.0
123 79.0
548 94.0
896 72.0
287 63.0
357 87.0
138 43.0
313 3.0
113 43.0
739 77.0
868 80.0
11 92.0
593 29.0
973 68.0
944 87.0
419 31.0
346 53.0
907 10.0
376 62.0
288 100.0
162 51.0
885 39.0
666 98.0
648 100.0
470 74.0
983 43.0
143 72.0
759 1.0
620 65.0
746 17.0
808 39.0
907 73.0
282 48.0
289 14.0
810 59.0
921 77.0
880 56.0
169 21.0
551 20.0
196 24.0
396 79.0
916 73.0
228 94.0
290 46.0
696 64.0
165 63.0
846 46.0
610 32.0
825 33.0
808 75.0
286 15.0
866 72.0
637 61.0
167 56.0
606 97.0
243 91.0
332 87.0
913 36.0
652 39.0
291 54.0
166 32.0
28 30.0
747 60.0
430 99.0
136 45.0
19 14.0
92 16.0
846 13.0
741 66.0
292 97.0
485 63.0
222 43.0
751 34.0
449 68.0
370 71.0
757 25.0
322 94.0
47 23.0
936 21.0
293 54.0
400 63.0
175 21.0
666 89.0
392 99.0
695 27.0
661 24.0
11 84.0
265 13.0
117 90.0
762 83.0
278 42.0
580 55.0
863 95.0
294 42.0
951 47.0
270 43.0
337 61.0
591 41.0
406 80.0
473 68.0
800 60.0
295 97.0
258 1.0
751 55.0
943 34.0
535 38.0
564 72.0
92 25.0
654 11.0
578 71.0
674 41.0
274 64.0
619 51.0
209 47.0
509 70.0
759 35.0
296 20.0
697 17.0
250 22.0
159 49.0
452 42.0
893 77.0
869 12.0
108 27.0
512 84.0
817 46.0
297 81.0
362 27.0
271 30.0
488 15.0
848 77.0
245 82.0
507 24.0
198 36.0
189 75.0
91 2.0
449 56.0
92 18.0
950 52.0
351 40.0
298 15.0
998 56.0
267 74.0
99 37.0
184 10.0
499 62.0
748 44.0
736 89.0
831 69.0
98 6.0
602 40.0
963 39.0
299 54.0
858 73.0
187 25.0
701 8.0
649 7.0
268 16.0
375 82.0
643 26.0
300 11.0
433 8.0
236 59.0
816 98.0
784 25.0
613 45.0
810 39.0
301 40.0
235 80.0
431 1.0
232 57.0
267 31.0
435 33.0
395 14.0
820 6.0
501 20.0
520 38.0
892 40.0
302 21.0
456 61.0
171 100.0
34 92.0
863 88.0
635 19.0
2 46.0
419 57.0
352 96.0
806 9.0
183 84.0
215 79.0
33 24.0
387 96.0
944 4.0
805 52.0
303 98.0
969 40.0
884 6.0
253 33.0
979 28.0
462 42.0
610 59.0
159 21.0
304 69.0
825 55.0
468 21.0
179 100.0
855 86.0
186 85.0
645 2.0
712 14.0
305 33.0
188 87.0
847 11.0
906 92.0
858 67.0
554 67.0
625 36.0
32 40.0
354 91.0
519 34.0
677 35.0
8 77.0
191 91.0
173 61.0
306 87.0
210 55.0
528 92.0
715 96.0
780 48.0
949 20.0
763 20.0
808 22.0
307 61.0
435 100.0
313 2.0
553 30.0
838 28.0
920 75.0
530 36.0
505 35.0
619 42.0
308 41.0
312 91.0
247 27.0
391 47.0
658 87.0
359 33.0
61 13.0
468 78.0
741 55.0
784 21.0
100 21.0
548 68.0
841 61.0
366 19.0
421 53.0
309 59.0
354 84.0
498 34.0
964 10.0
310 9.0
499 71.0
127 57.0
376 74.0
198 44.0
889 30.0
229 56.0
864 15.0
311 55.0
1000 10.0
359 16.0
582 66.0
212 16.0
694 57.0
821 49.0
35 82.0
887 48.0
36 11.0
402 26.0
237 20.0
318 79.0
312 26.0
721 96.0
39 13.0
170 55.0
889 38.0
929 26.0
542 97.0
530 28.0
764 85.0
369 51.0
313 44.0
226 85.0
722 30.0
675 1.0
210 84.0
24 74.0
314 5.0
526 93.0
274 53.0
730 16.0
910 62.0
142 61.0
948 100.0
27 4.0
315 82.0
39 14.0
209 47.0
43 96.0
831 59.0
229 19.0
459 23.0
753 17.0
316 12.0
579 49.0
149 19.0
73 5.0
317 76.0
62 51.0
813 73.0
564 69.0
675 100.0
465 97.0
352 71.0
269 92.0
606 61.0
770 7.0
930 48.0
318 41.0
85 9.0
510 10.0
735 17.0
326 28.0
489 54.0
918 25.0
860 81.0
319 1.0
802 84.0
313 39.0
939 39.0
649 78.0
416 41.0
347 73.0
801 64.0
683 73.0
295 32.0
320 98.0
730 60.0
333 76.0
884 4.0
122 76.0
216 90.0
114 59.0
446 32.0
914 97.0
190 45.0
816 87.0
3 47.0
242 45.0
321 100.0
4 90.0
622 40.0
925 26.0
486 24.0
911 42.0
395 72.0
799 43.0
322 91.0
68 97.0
324 23.0
394 33.0
611 39.0
875 66.0
181 76.0
497 47.0
847 79.0
141 8.0
385 84.0
108 51.0
323 72.0
776 95.0
306 55.0
286 15.0
28 28.0
324 40.0
816 100.0
211 6.0
967 94.0
565 99.0
4 87.0
310 25.0
723 4.0
968 35.0
935 53.0
214 89.0
325 13.0
494 33.0
564 60.0
215 46.0
75 63.0
131 26.0
212 78.0
996 44.0
159 80.0
442 22.0
528 97.0
121 4.0
326 56.0
757 95.0
822 92.0
715 40.0
642 35.0
983 48.0
679 77.0
146 87.0
338 2.0
624 48.0
566 43.0
741 60.0
223 16.0
824 53.0
541 14.0
327 40.0
644 66.0
215 53.0
812 22.0
525 92.0
871 22.0
238 17.0
231 91.0
366 48.0
665 23.0
316 6.0
328 62.0
129 57.0
290 64.0
17 71.0
855 27.0
676 93.0
489 93.0
108 77.0
706 57.0
463 92.0
66 99.0
972 30.0
914 92.0
25 47.0
805 25.0
329 37.0
121 26.0
410 58.0
347 37.0
767 32.0
977 8.0
738 61.0
888 61.0
540 66.0
330 65.0
416 90.0
947 57.0
548 37.0
403 85.0
397 17.0
288 8.0
972 22.0
16 8.0
332 66.0
331 30.0
329 54.0
602 8.0
826 35.0
976 33.0
174 31.0
204 13.0
374 23.0
332 91.0
663 13.0
594 33.0
909 20.0
857 27.0
968 24.0
805 99.0
333 45.0
649 69.0
245 11.0
873 75.0
975 15.0
629 79.0
328 94.0
786 18.0
541 88.0
304 57.0
28 94.0
132 54.0
503 94.0
349 52.0
189 10.0
856 55.0
731 66.0
334 70.0
449 44.0
886 20.0
386 55.0
62 96.0
740 33.0
911 10.0
98 86.0
963 17.0
112 80.0
266 16.0
985 90.0
990 76.0
335 36.0
633 90.0
963 32.0
737 69.0
107 94.0
380 42.0
257 55.0
147 52.0
332 19.0
835 21.0
100 99.0
336 9.0
991 9.0
756 39.0
529 34.0
282 73.0
498 18.0
146 7.0
651 86.0
814 19.0
414 85.0
862 62.0
755 47.0
337 98.0
63 79.0
378 27.0
829 71.0
91 65.0
761 77.0
412 38.0
469 75.0
439 56.0
868 23.0
982 3.0
298 78.0
338 18.0
750 13.0
380 79.0
58 66.0
278 11.0
864 89.0
333 49.0
720 73.0
3 41.0
621 10.0
566 50.0
377 16.0
748 43.0
339 36.0
402 35.0
885 50.0
618 70.0
435 12.0
864 35.0
383 24.0
688 48.0
611 24.0
241 92.0
40 54.0
899 40.0
340 11.0
912 16.0
234 15.0
893 11.0
472 59.0
43 89.0
718 7.0
979 60.0
416 20.0
609 86.0
88 73.0
411 89.0
974 70.0
545 1.0
303 32.0
370 80.0
996 28.0
74 68.0
341 23.0
810 44.0
14 57.0
794 59.0
986 70.0
590 13.0
124 72.0
106 98.0
219 54.0
614 72.0
342 70.0
683 97.0
247 56.0
357 24.0
718 19.0
92 18.0
417 9.0
384 22.0
500 69.0
627 49.0
220 74.0
535 29.0
793 76.0
343 99.0
150 9.0
637 26.0
802 24.0
454 51.0
128 71.0
760 23.0
724 25.0
344 94.0
172 3.0
760 47.0
426 67.0
6 79.0
945 8.0
761 89.0
232 96.0
142 54.0
434 56.0
21 7.0
585 30.0
966 45.0
671 21.0
422 24.0
345 96.0
96 67.0
357 55.0
464 4.0
170 53.0
902 31.0
209 87.0
473 42.0
299 98.0
950 65.0
490 53.0
708 96.0
346 3.0
717 58.0
621 78.0
759 44.0
17 32.0
18 6.0
23 98.0
347 52.0
361 91.0
140 16.0
289 9.0
389 17.0
31 68.0
973 82.0
244 97.0
908 25.0
460 99.0
705 83.0
44 89.0
439 67.0
678 16.0
276 29.0
936 77.0
969 26.0
348 11.0
881 11.0
529 76.0
252 53.0
834 80.0
696 28.0
390 53.0
804 91.0
457 20.0
861 19.0
400 36.0
376 65.0
321 86.0
526 14.0
802 94.0
837 12.0
349 70.0
236 14.0
99 100.0
199 8.0
789 32.0
875 63.0
713 87.0
824 34.0
336 56.0
487 86.0
145 37.0
576 100.0
514 30.0
841 47.0
532 46.0
350 41.0
905 75.0
471 28.0
448 59.0
521 53.0
630 76.0
509 72.0
310 53.0
594 96.0
292 28.0
69 32.0
889 61.0
735 30.0
351 91.0
520 29.0
697 88.0
585 22.0
685 21.0
515 46.0
661 11.0
186 83.0
352 5.0
199 24.0
796 82.0
977 20.0
894 70.0
859 52.0
802 78.0
961 23.0
923 97.0
567 67.0
108 37.0
139 85.0
663 43.0
55 18.0
353 84.0
466 32.0
752 12.0
789 35.0
76 23.0
856 73.0
613 36.0
780 27.0
572 31.0
961 70.0
243 47.0
577 16.0
909 47.0
183 77.0
239 19.0
376 60.0
354 61.0
366 84.0
556 66.0
697 37.0
897 95.0
13 19.0
862 77.0
622 56.0
218 60.0
298 83.0
180 1.0
804 95.0
355 2.0
681 49.0
832 79.0
184 62.0
344 94.0
987 8.0
149 54.0
328 11.0
327 32.0
665 95.0
952 10.0
356 85.0
812 13.0
476 98.0
650 40.0
604 34.0
894 64.0
624 1.0
342 93.0
137 67.0
889 20.0
455 27.0
550 83.0
357 18.0
846 11.0
246 92.0
346 87.0
299 26.0
874 46.0
886 67.0
879 91.0
13 80.0
10 77.0
30 79.0
383 48.0
265 88.0
614 33.0
933 52.0
358 54.0
750 9.0
680 1.0
890 15.0
579 40.0
563 11.0
944 61.0
811 53.0
359 38.0
665 71.0
902 38.0
600 65.0
931 78.0
188 2.0
35 27.0
941 24.0
979 69.0
360 74.0
201 65.0
620 97.0
13 14.0
644 64.0
124 13.0
609 68.0
449 83.0
718 25.0
380 83.0
660 69.0
40 32.0
308 12.0
448 95.0
218 60.0
483 85.0
361 80.0
67 79.0
117 44.0
614 34.0
893 43.0
198 49.0
297 81.0
944 63.0
603 36.0
292 95.0
821 77.0
362 87.0
692 93.0
3 92.0
904 83.0
158 10.0
889 80.0
729 53.0
968 35.0
545 4.0
286 96.0
650 36.0
579 54.0
332 14.0
896 76.0
363 29.0
59 51.0
261 33.0
213 93.0
405 49.0
500 7.0
207 3.0
768 96.0
488 1.0
812 35.0
242 4.0
683 66.0
952 34.0
743 51.0
409 80.0
921 60.0
604 37.0
450 26.0
746 97.0
318 49.0
1 39.0
364 95.0
73 28.0
116 89.0
726 45.0
484 22.0
464 25.0
195 47.0
365 69.0
335 47.0
285 68.0
970 66.0
676 11.0
530 55.0
87 23.0
684 35.0
67 76.0
164 95.0
35 43.0
459 47.0
901 6.0
182 69.0
777 60.0
982 58.0
480 89.0
565 7.0
366 15.0
132 38.0
491 54.0
579 87.0
568 15.0
806 61.0
430 78.0
367 66.0
519 13.0
383 49.0
579 96.0
513 87.0
344 1.0
841 45.0
951 26.0
510 99.0
912 76.0
998 97.0
368 69.0
709 71.0
532 84.0
933 23.0
161 83.0
466 36.0
673 8.0
726 27.0
369 34.0
267 93.0
116 72.0
582 84.0
301 12.0
179 31.0
615 72.0
370 46.0
164 23.0
593 68.0
157 35.0
495 90.0
252 50.0
460 74.0
380 85.0
913 83.0
523 25.0
580 32.0
685 80.0
787 57.0
371 31.0
819 51.0
712 4.0
121 18.0
942 34.0
913 97.0
39 88.0
485 9.0
994 9.0
359 99.0
678 65.0
114 49.0
722 13.0
372 73.0
909 43.0
259 44.0
39 86.0
583 52.0
492 45.0
761 3.0
354 94.0
595 14.0
373 39.0
379 45.0
378 97.0
350 83.0
514 64.0
176 41.0
747 61.0
780 58.0
563 85.0
312 73.0
206 2.0
34 26.0
433 32.0
296 35.0
999 100.0
374 81.0
867 17.0
679 8.0
744 4.0
699 91.0
952 19.0
229 7.0
110 49.0
462 69.0
923 44.0
545 35.0
725 82.0
786 29.0
692 37.0
516 95.0
317 82.0
889 19.0
136 57.0
296 31.0
553 35.0
235 78.0
840 19.0
195 16.0
128 38.0
852 37.0
88 59.0
858 50.0
766 38.0
375 75.0
421 80.0
428 30.0
489 9.0
462 83.0
15 60.0
585 17.0
644 97.0
442 46.0
91 77.0
222 21.0
264 59.0
254 87.0
578 62.0
728 57.0
376 1.0
97 41.0
925 13.0
648 35.0
752 21.0
448 74.0
343 98.0
205 52.0
75 76.0
641 12.0
685 58.0
533 60.0
377 21.0
203 87.0
585 68.0
990 58.0
463 24.0
189 23.0
198 64.0
224 96.0
636 68.0
378 13.0
801 1.0
58 86.0
144 66.0
991 72.0
286 53.0
911 37.0
862 75.0
89 8.0
379 60.0
683 23.0
361 95.0
936 83.0
174 88.0
484 27.0
353 31.0
882 61.0
727 13.0
964 61.0
380 25.0
925 54.0
888 66.0
728 80.0
859 4.0
818 50.0
860 41.0
141 89.0
804 79.0
313 78.0
439 31.0
381 32.0
743 54.0
435 66.0
850 48.0
111 44.0
196 3.0
351 45.0
382 45.0
531 41.0
813 91.0
899 51.0
383 78.0
879 79.0
993 58.0
469 67.0
249 68.0
778 19.0
125 13.0
510 57.0
891 64.0
384 84.0
33 50.0
38 64.0
934 49.0
367 78.0
98 66.0
210 33.0
887 81.0
551 98.0
342 69.0
385 36.0
159 100.0
873 37.0
997 42.0
236 80.0
629 20.0
242 81.0
472 13.0
105 62.0
577 61.0
386 3.0
949 34.0
549 19.0
44 8.0
360 89.0
280 51.0
983 85.0
32 35.0
41 4.0
170 42.0
681 51.0
864 50.0
387 83.0
871 45.0
828 15.0
402 69.0
780 23.0
388 36.0
75 13.0
552 86.0
629 16.0
596 2.0
184 87.0
297 33.0
101 1.0
677 29.0
251 49.0
902 8.0
986 60.0
389 49.0
401 70.0
29 22.0
379 92.0
474 20.0
1 87.0
321 95.0
77 1.0
729 62.0
619 60.0
169 51.0
390 62.0
998 6.0
962 7.0
253 5.0
317 59.0
991 12.0
843 94.0
224 96.0
756 5.0
574 14.0
857 41.0
337 4.0
391 35.0
344 5.0
196 35.0
322 29.0
880 14.0
632 90.0
98 36.0
280 70.0
254 16.0
808 84.0
815 78.0
392 93.0
921 45.0
601 75.0
507 12.0
321 11.0
327 34.0
970 33.0
926 32.0
976 21.0
255 61.0
393 45.0
696 67.0
412 61.0
152 19.0
791 99.0
786 17.0
663 17.0
942 98.0
394 71.0
412 99.0
750 92.0
573 14.0
999 6.0
613 50.0
289 47.0
227 63.0
151 47.0
602 47.0
178 69.0
375 55.0
635 35.0
706 95.0
498 12.0
105 33.0
395 67.0
70 11.0
792 83.0
601 55.0
42 8.0
995 37.0
861 87.0
657 80.0
14 52.0
473 38.0
368 33.0
396 57.0
314 85.0
170 18.0
1000 48.0
487 6.0
176 81.0
562 32.0
397 23.0
559 5.0
167 75.0
101 88.0
855 57.0
224 5.0
565 36.0
728 35.0
448 17.0
851 75.0
767 67.0
398 23.0
496 51.0
463 45.0
352 6.0
683 96.0
468 75.0
595 55.0
491 35.0
899 95.0
399 76.0
961 19.0
409 2.0
720 61.0
422 94.0
738 3.0
754 87.0
689 21.0
93 63.0
737 97.0
602 6.0
183 66.0
400 92.0
428 99.0
251 87.0
840 64.0
322 19.0
794 16.0
908 7.0
531 26.0
392 51.0
850 13.0
45 11.0
629 46.0
401 78.0
350 81.0
723 83.0
959 88.0
942 10.0
784 44.0
582 18.0
234 82.0
73 41.0
880 73.0
402 66.0
348 20.0
65 75.0
398 26.0
505 51.0
283 26.0
899 45.0
609 5.0
341 12.0
906 19.0
299 42.0
403 5.0
926 99.0
762 42.0
775 88.0
342 86.0
614 85.0
942 74.0
854 89.0
217 61.0
781 19.0
471 70.0
404 80.0
507 74.0
166 63.0
886 88.0
668 22.0
133 96.0
215 55.0
741 5.0
503 34.0
405 28.0
69 10.0
180 15.0
469 42.0
920 11.0
531 78.0
239 1.0
633 24.0
406 6.0
914 17.0
147 18.0
860 36.0
238 92.0
926 91.0
25 20.0
537 5.0
407 62.0
939 4.0
989 18.0
743 23.0
825 20.0
189 49.0
2 33.0
482 33.0
232 75.0
408 21.0
278 97.0
510 71.0
958 52.0
142 8.0
409 8.0
493 14.0
339 92.0
97 96.0
112 79.0
61 77.0
444 6.0
199 76.0
832 97.0
375 31.0
735 13.0
553 31.0
780 38.0
410 100000.0
314 22.0
967 85.0
108 75.0
163 49.0
642 68.0
541 99.0
411 76.0
600 63.0
919 100000.0
963 98.0
893 94.0
261 32.0
125 86.0
694 48.0
927 9.0
543 69.0
809 33.0
903 57.0
945 88.0
573 30.0
796 86.0
412 66.0
746 91.0
417 23.0
291 75.0
836 67.0
169 15.0
267 68.0
844 82.0
665 25.0
253 29.0
436 88.0
413 15.0
122 80.0
39 69.0
255 66.0
12 66.0
623 52.0
832 37.0
88 71.0
438 88.0
897 30.0
478 33.0
611 87.0
781 33.0
331 27.0
339 91.0
423 57.0
869 38.0
942 45.0
414 75.0
52 55.0
67 75.0
513 96.0
415 96.0
506 84.0
824 61.0
995 41.0
467 80.0
499 32.0
968 17.0
390 15.0
703 43.0
601 42.0
416 7.0
862 31.0
809 25.0
472 10.0
745 99.0
335 45.0
50 31.0
320 98.0
238 99.0
540 34.0
417 62.0
631 24.0
145 97.0
411 25.0
531 25.0
748 23.0
539 46.0
156 8.0
506 22.0
186 43.0
97 89.0
295 18.0
780 66.0
805 38.0
645 38.0
418 80.0
605 100.0
19 10.0
71 91.0
7 77.0
162 47.0
822 47.0
880 52.0
268 16.0
419 75.0
354 16.0
351 37.0
898 46.0
82 74.0
77 34.0
458 17.0
531 31.0
975 10.0
180 59.0
960 43.0
48 52.0
420 7.0
84 75.0
122 55.0
870 85.0
421 30.0
97 42.0
578 37.0
191 95.0
597 96.0
422 69.0
212 67.0
374 9.0
720 75.0
766 84.0
316 83.0
974 46.0
256 95.0
257 30.0
675 81.0
140 79.0
691 87.0
590 78.0
229 35.0
178 55.0
198 22.0
239 80.0
391 18.0
609 74.0
423 24.0
867 6.0
317 5.0
796 55.0
233 33.0
659 6.0
375 6.0
424 51.0
508 84.0
371 99.0
31 35.0
566 38.0
730 85.0
352 91.0
584 78.0
104 29.0
694 79.0
678 7.0
425 88.0
993 75.0
713 94.0
478 36.0
886 53.0
360 65.0
767 36.0
225 6.0
791 89.0
426 56.0
584 38.0
5 23.0
304 68.0
497 91.0
989 83.0
732 41.0
218 36.0
427 93.0
12 69.0
483 38.0
802 17.0
340 60.0
457 19.0
32 13.0
878 94.0
697 87.0
773 46.0
428 87.0
119 86.0
329 41.0
603 50.0
327 43.0
838 44.0
493 78.0
300 100.0
679 57.0
512 60.0
982 97.0
391 28.0
240 80.0
429 89.0
743 75.0
223 64.0
342 23.0
487 42.0
772 88.0
874 52.0
69 42.0
111 21.0
280 39.0
760 62.0
43 24.0
532 63.0
39 57.0
220 47.0
430 18.0
624 2.0
323 10.0
805 32.0
422 77.0
587 10.0
466 34.0
797 97.0
376 35.0
431 32.0
639 65.0
934 12.0
82 53.0
782 6.0
246 60.0
547 4.0
630 24.0
508 30.0
432 44.0
18 90.0
786 76.0
810 78.0
177 94.0
545 84.0
788 34.0
40 35.0
987 47.0
691 100.0
761 61.0
555 14.0
370 9.0
433 6.0
968 68.0
831 56.0
603 99.0
243 10.0
913 71.0
292 68.0
451 9.0
804 51.0
405 99.0
941 36.0
667 20.0
749 61.0
1 31.0
434 66.0
606 93.0
803 10.0
36 44.0
614 49.0
16 38.0
816 26.0
891 1.0
249 76.0
636 84.0
478 35.0
728 43.0
142 67.0
421 83.0
918 60.0
698 20.0
55 51.0
666 17.0
865 75.0
422 51.0
435 44.0
321 53.0
8 89.0
453 68.0
646 82.0
728 77.0
379 59.0
110 84.0
702 26.0
852 26.0
117 34.0
567 55.0
436 2.0
541 32.0
689 61.0
576 35.0
308 56.0
472 25.0
18 78.0
778 73.0
78 13.0
932 10.0
287 51.0
131 65.0
226 47.0
437 94.0
75 13.0
771 74.0
568 80.0
953 31.0
946 19.0
155 65.0
316 79.0
239 43.0
486 9.0
45 54.0
438 71.0
288 95.0
903 49.0
124 15.0
814 90.0
635 21.0
457 55.0
963 65.0
189 49.0
167 17.0
997 22.0
662 81.0
276 8.0
937 97.0
717 95.0
439 83.0
810 57.0
234 2.0
60 27.0
475 5.0
20 73.0
793 97.0
592 48.0
440 68.0
212 8.0
279 36.0
110 40.0
870 88.0
335 5.0
797 95.0
441 62.0
64 41.0
347 79.0
898 13.0
6 48.0
733 45.0
180 82.0
12 51.0
959 19.0
987 40.0
250 9.0
416 6.0
442 97.0
760 17.0
225 69.0
263 95.0
251 29.0
846 80.0
449 82.0
717 42.0
603 22.0
10 62.0
734 5.0
817 44.0
591 50.0
443 4.0
664 58.0
597 73.0
126 72.0
344 21.0
178 22.0
867 22.0
970 49.0
599 3.0
444 16.0
447 3.0
95 93.0
129 5.0
350 48.0
401 86.0
988 88.0
708 82.0
741 61.0
246 66.0
995 58.0
833 90.0
705 73.0
703 69.0
200 78.0
576 23.0
348 49.0
892 7.0
445 60.0
31 9.0
443 80.0
469 78.0
594 74.0
72 7.0
839 16.0
358 21.0
737 43.0
984 45.0
378 2.0
446 69.0
427 92.0
779 84.0
73 86.0
332 27.0
844 45.0
885 65.0
447 70.0
923 72.0
829 19.0
370 59.0
264 56.0
192 46.0
119 70.0
448 9.0
388 47.0
206 19.0
920 61.0
26 78.0
449 33.0
273 5.0
151 56.0
612 48.0
513 29.0
175 8.0
615 38.0
844 11.0
805 66.0
450 16.0
850 93.0
72 64.0
707 82.0
297 64.0
84 55.0
942 11.0
146 10.0
272 14.0
399 92.0
717 62.0
451 33.0
515 42.0
467 18.0
29 56.0
954 31.0
157 28.0
104 24.0
323 78.0
452 15.0
591 61.0
621 25.0
330 20.0
260 83.0
339 22.0
496 53.0
114 25.0
833 96.0
734 5.0
275 61.0
935 66.0
49 4.0
858 84.0
453 41.0
946 25.0
879 29.0
606 33.0
703 58.0
890 7.0
288 33.0
666 89.0
746 40.0
438 52.0
858 10.0
371 29.0
251 45.0
13 12.0
454 50.0
741 7.0
175 34.0
87 65.0
113 50.0
379 10.0
330 7.0
247 30.0
553 55.0
772 38.0
539 83.0
811 42.0
455 62.0
195 94.0
403 18.0
30 8.0
280 48.0
373 2.0
241 36.0
907 17.0
909 71.0
182 64.0
583 40.0
303 33.0
479 63.0
71 10.0
264 41.0
844 4.0
674 28.0
456 99.0
517 47.0
599 89.0
609 43.0
607 15.0
47 37.0
881 10.0
329 67.0
365 1.0
955 54.0
713 50.0
709 71.0
457 48.0
975 74.0
361 69.0
57 62.0
389 82.0
871 90.0
458 63.0
343 10.0
283 2.0
234 54.0
159 77.0
815 14.0
325 24.0
841 82.0
894 37.0
473 67.0
670 57.0
352 28.0
372 21.0
459 65.0
734 96.0
466 23.0
588 16.0
882 38.0
656 95.0
709 59.0
849 70.0
777 22.0
999 55.0
460 51.0
962 56.0
252 76.0
159 18.0
698 73.0
175 44.0
718 95.0
966 80.0
13 41.0
540 47.0
461 54.0
522 47.0
999 71.0
618 38.0
484 49.0
48 90.0
436 62.0
620 91.0
134 41.0
806 100.0
662 43.0
988 77.0
462 91.0
793 92.0
484 20.0
266 5.0
374 99.0
29 10.0
874 78.0
26 34.0
362 13.0
690 55.0
385 77.0
317 77.0
463 17.0
291 21.0
985 55.0
224 24.0
805 73.0
223 1.0
308 55.0
752 30.0
112 24.0
676 94.0
330 28.0
132 14.0
464 97.0
852 41.0
863 60.0
820 82.0
289 27.0
456 36.0
245 49.0
84 62.0
631 16.0
740 16.0
118 25.0
390 1.0
465 85.0
151 55.0
323 72.0
372 84.0
245 57.0
471 29.0
115 26.0
230 46.0
721 16.0
360 92.0
358 35.0
186 96.0
405 79.0
466 82.0
82 13.0
835 90.0
852 58.0
152 4.0
443 2.0
30 38.0
467 37.0
690 11.0
898 62.0
962 22.0
907 55.0
60 82.0
592 45.0
587 59.0
963 21.0
964 50.0
173 25.0
548 65.0
918 37.0
153 91.0
749 69.0
739 57.0
468 86.0
890 13.0
34 6.0
290 53.0
131 34.0
115 86.0
51 5.0
758 56.0
560 41.0
222 41.0
988 45.0
205 14.0
469 48.0
512 77.0
711 25.0
788 53.0
472 65.0
510 55.0
825 52.0
894 59.0
996 80.0
23 40.0
470 41.0
453 63.0
122 95.0
793 26.0
308 26.0
139 16.0
731 2.0
179 73.0
601 64.0
893 8.0
573 99.0
471 91.0
467 7.0
287 50.0
170 76.0
586 42.0
471 78.0
254 27.0
881 69.0
6 50.0
988 33.0
36 98.0
429 57.0
61 20.0
606 33.0
726 84.0
912 50.0
472 30.0
542 6.0
120 71.0
469 45.0
326 65.0
63 57.0
164 8.0
268 60.0
10 25.0
352 98.0
314 45.0
982 18.0
617 89.0
473 76.0
139 21.0
568 38.0
166 80.0
589 98.0
631 68.0
1 85.0
988 51.0
474 51.0
560 18.0
698 6.0
361 74.0
116 60.0
79 67.0
475 32.0
358 40.0
226 71.0
355 29.0
494 25.0
745 56.0
649 39.0
480 65.0
576 96.0
165 53.0
685 1.0
972 1.0
40 57.0
662 13.0
23 25.0
303 20.0
476 54.0
58 7.0
882 66.0
994 73.0
694 93.0
804 25.0
875 21.0
942 31.0
122 66.0
477 35.0
980 84.0
165 94.0
704 89.0
800 51.0
515 91.0
845 5.0
421 61.0
979 6.0
592 42.0
478 61.0
248 82.0
983 99.0
88 83.0
3 26.0
34 26.0
653 7.0
726 59.0
306 54.0
654 61.0
719 63.0
475 86.0
727 10.0
681 87.0
632 91.0
801 20.0
479 65.0
363 87.0
219 26.0
1000 69.0
890 46.0
847 61.0
299 70.0
332 12.0
718 82.0
658 95.0
725 45.0
357 91.0
364 9.0
912 62.0
707 86.0
644 40.0
637 73.0
480 67.0
978 45.0
334 11.0
719 24.0
492 72.0
856 18.0
835 78.0
303 90.0
694 48.0
481 14.0
863 49.0
468 75.0
939 28.0
94 45.0
665 79.0
536 15.0
129 75.0
959 49.0
497 62.0
482 6.0
167 63.0
17 1.0
386 74.0
122 83.0
296 82.0
49 30.0
610 36.0
997 25.0
12 43.0
110 38.0
612 81.0
859 86.0
468 49.0
781 10.0
483 18.0
127 8.0
790 3.0
141 70.0
848 85.0
350 71.0
595 47.0
303 97.0
581 57.0
484 44.0
869 4.0
923 19.0
281 36.0
386 49.0
901 58.0
563 58.0
561 49.0
982 17.0
856 69.0
852 70.0
485 83.0
777 42.0
987 4.0
11 33.0
375 58.0
460 12.0
132 69.0
473 37.0
486 78.0
674 56.0
686 94.0
535 72.0
140 99.0
332 96.0
469 70.0
414 19.0
829 24.0
731 61.0
487 26.0
789 36.0
791 8.0
778 61.0
744 77.0
927 28.0
686 6.0
123 40.0
43 44.0
561 89.0
677 45.0
676 5.0
488 73.0
525 92.0
281 8.0
189 59.0
944 54.0
530 84.0
852 37.0
714 39.0
898 61.0
489 31.0
683 17.0
678 91.0
110 38.0
134 16.0
731 53.0
797 66.0
6 46.0
151 70.0
647 52.0
504 60.0
490 18.0
443 39.0
748 73.0
305 75.0
269 3.0
794 16.0
705 7.0
464 61.0
610 37.0
143 37.0
491 60.0
188 66.0
944 41.0
977 25.0
994 93.0
549 8.0
69 64.0
617 83.0
83 93.0
214 21.0
948 64.0
42 62.0
492 54.0
240 70.0
887 22.0
610 85.0
947 42.0
790 99.0
363 17.0
505 25.0
114 53.0
493 78.0
151 58.0
480 75.0
835 53.0
427 27.0
346 78.0
818 36.0
574 14.0
755 64.0
266 61.0
856 66.0
880 33.0
58 88.0
494 39.0
786 15.0
434 99.0
88 54.0
398 5.0
53 55.0
527 10.0
213 29.0
850 30.0
214 34.0
665 66.0
495 15.0
439 57.0
769 52.0
223 87.0
852 55.0
900 46.0
926 82.0
522 32.0
677 32.0
6 90.0
653 2.0
816 25.0
496 55.0
147 47.0
61 1.0
211 38.0
717 15.0
207 74.0
309 36.0
811 11.0
810 80.0
572 70.0
445 82.0
647 75.0
261 38.0
643 76.0
497 52.0
526 69.0
909 95.0
973 39.0
341 65.0
628 8.0
649 16.0
135 4.0
920 89.0
884 31.0
206 65.0
498 13.0
308 2.0
510 85.0
569 99.0
561 5.0
31 53.0
326 16.0
499 25.0
377 59.0
147 89.0
286 54.0
506 28.0
336 5.0
604 63.0
92 61.0
521 4.0
329 15.0
491 68.0
18 84.0
759 14.0
874 65.0
500 99.0
432 62.0
573 90.0
709 94.0
769 82.0
777 81.0
904 60.0
117 21.0
148 8.0
501 50.0
827 22.0
934 35.0
431 36.0
129 70.0
989 43.0
572 97.0
268 29.0
672 1.0
538 15.0
706 88.0
502 86.0
47 97.0
322 9.0
609 41.0
398 10.0
395 78.0
521 22.0
416 75.0
712 75.0
738 90.0
503 57.0
880 55.0
885 72.0
293 26.0
576 16.0
554 58.0
237 35.0
458 6.0
9 31.0
840 99.0
340 34.0
684 4.0
504 72.0
210 48.0
717 73.0
73 65.0
263 1.0
498 9.0
780 99.0
419 80.0
505 87.0
509 56.0
265 97.0
173 38.0
746 95.0
670 10.0
897 52.0
98 30.0
584 90.0
134 100.0
730 86.0
506 95.0
240 20.0
366 84.0
645 91.0
631 5.0
624 3.0
359 32.0
189 18.0
544 29.0
507 38.0
444 20.0
116 82.0
385 15.0
432 48.0
789 42.0
285 34.0
674 13.0
853 14.0
742 65.0
16 93.0
292 95.0
508 35.0
721 57.0
997 50.0
146 61.0
326 94.0
956 64.0
650 28.0
544 45.0
877 29.0
509 64.0
960 33.0
276 73.0
765 53.0
932 57.0
266 13.0
610 2.0
751 69.0
238 68.0
430 70.0
619 99.0
419 73.0
645 99.0
510 29.0
387 60.0
248 4.0
281 49.0
599 72.0
474 86.0
574 4.0
738 33.0
747 87.0
834 4.0
297 33.0
371 27.0
442 32.0
212 59.0
5 54.0
27 66.0
458 74.0
511 46.0
415 2.0
792 17.0
994 62.0
55 1.0
121 80.0
358 57.0
903 27.0
276 47.0
538 24.0
825 95.0
524 4.0
512 30.0
114 15.0
271 50.0
388 28.0
277 38.0
663 42.0
947 31.0
865 59.0
513 11.0
486 13.0
829 5.0
340 37.0
622 37.0
284 26.0
894 75.0
416 33.0
990 100.0
95 13.0
783 44.0
730 40.0
362 35.0
289 53.0
316 43.0
514 8.0
554 22.0
692 2.0
874 24.0
755 28.0
14 38.0
540 83.0
233 32.0
57 21.0
515 43.0
968 36.0
882 62.0
381 16.0
474 94.0
454 76.0
251 98.0
3 35.0
621 36.0
503 38.0
516 14.0
141 71.0
84 10.0
257 96.0
321 42.0
394 16.0
305 28.0
530 62.0
433 74.0
485 76.0
157 19.0
916 43.0
792 52.0
184 71.0
669 46.0
1000 41.0
517 90.0
388 79.0
842 55.0
79 51.0
499 44.0
141 16.0
954 75.0
660 83.0
389 74.0
227 38.0
774 39.0
518 97.0
92 41.0
889 19.0
877 34.0
211 31.0
540 47.0
175 87.0
471 62.0
667 5.0
965 65.0
519 40.0
340 38.0
541 77.0
444 27.0
577 77.0
330 64.0
361 55.0
875 26.0
745 47.0
520 9.0
62 68.0
521 54.0
475 78.0
487 16.0
39 31.0
109 1.0
41 94.0
522 92.0
987 39.0
759 18.0
383 98.0
610 62.0
319 23.0
792 20.0
42 87.0
331 81.0
529 24.0
523 55.0
722 29.0
50 48.0
460 81.0
408 38.0
783 74.0
921 71.0
636 16.0
524 55.0
810 22.0
849 23.0
667 16.0
873 42.0
769 5.0
837 62.0
425 59.0
490 76.0
552 27.0
525 76.0
855 95.0
886 18.0
592 59.0
977 72.0
902 96.0
155 69.0
631 54.0
279 17.0
138 41.0
526 57.0
700 3.0
605 97.0
343 45.0
268 96.0
295 36.0
989 88.0
586 42.0
413 9.0
952 78.0
527 24.0
686 7.0
614 45.0
236 60.0
639 8.0
995 11.0
9 7.0
650 86.0
960 54.0
291 46.0
528 53.0
928 51.0
342 88.0
645 99.0
653 37.0
912 58.0
553 24.0
888 37.0
885 9.0
470 23.0
330 22.0
955 9.0
93 26.0
424 42.0
760 12.0
721 70.0
532 96.0
529 48.0
958 54.0
860 28.0
23 41.0
132 51.0
805 63.0
550 5.0
964 24.0
530 88.0
158 10.0
258 64.0
52 89.0
455 91.0
350 89.0
576 63.0
531 35.0
483 27.0
458 54.0
542 50.0
159 50.0
394 12.0
46 53.0
82 86.0
698 7.0
532 65.0
803 93.0
221 95.0
237 44.0
526 72.0
321 76.0
925 67.0
930 2.0
539 98.0
753 2.0
794 8.0
344 82.0
643 71.0
496 56.0
773 61.0
502 60.0
762 76.0
121 51.0
533 45.0
378 97.0
679 85.0
893 65.0
541 35.0
874 74.0
835 13.0
969 59.0
647 39.0
253 48.0
873 45.0
461 97.0
412 4.0
534 94.0
120 56.0
64 8.0
709 22.0
616 90.0
870 22.0
655 54.0
784 22.0
142 24.0
813 20.0
535 7.0
438 22.0
904 98.0
846 81.0
286 85.0
227 99.0
245 8.0
455 33.0
781 85.0
43 31.0
349 28.0
536 46.0
716 80.0
986 57.0
824 9.0
417 81.0
99 27.0
472 57.0
537 34.0
710 91.0
588 17.0
608 44.0
308 2.0
310 60.0
21 69.0
598 55.0
701 29.0
715 60.0
243 73.0
301 62.0
120 89.0
538 84.0
773 17.0
334 99.0
332 11.0
701 46.0
844 66.0
321 5.0
236 44.0
554 95.0
307 16.0
31 5.0
668 40.0
84 20.0
941 13.0
704 21.0
539 78.0
782 68.0
252 82.0
77 54.0
817 62.0
816 73.0
240 66.0
675 4.0
375 49.0
540 68.0
693 68.0
104 42.0
597 18.0
232 88.0
217 23.0
162 49.0
411 10.0
527 30.0
262 67.0
938 89.0
191 8.0
852 20.0
53 66.0
541 41.0
137 92.0
605 88.0
81 10.0
209 18.0
542 52.0
80 69.0
148 84.0
129 92.0
232 12.0
669 14.0
421 83.0
386 58.0
543 45.0
457 46.0
807 9.0
882 8.0
705 47.0
996 95.0
544 27.0
199 96.0
532 65.0
591 68.0
755 70.0
152 91.0
866 87.0
257 82.0
214 13.0
206 9.0
545 81.0
303 48.0
574 83.0
513 93.0
466 78.0
350 44.0
255 96.0
151 3.0
898 18.0
793 88.0
729 63.0
633 19.0
449 55.0
356 70.0
546 11.0
984 51.0
535 32.0
708 28.0
220 40.0
385 50.0
704 100.0
547 16.0
288 15.0
150 88.0
328 90.0
724 41.0
43 60.0
519 96.0
602 42.0
457 53.0
129 87.0
232 38.0
754 68.0
522 3.0
23 1.0
346 91.0
548 83.0
55 42.0
457 90.0
760 91.0
845 55.0
965 45.0
981 19.0
791 36.0
341 5.0
549 69.0
937 36.0
174 11.0
948 8.0
649 60.0
29 82.0
967 73.0
849 100.0
550 12.0
694 50.0
512 28.0
587 46.0
509 26.0
294 52.0
436 100.0
833 45.0
722 15.0
93 83.0
398 71.0
551 67.0
980 85.0
429 100.0
256 9.0
948 35.0
724 25.0
954 48.0
497 57.0
25 82.0
484 34.0
939 11.0
534 22.0
552 54.0
337 90.0
702 22.0
734 13.0
204 43.0
425 4.0
553 40.0
799 23.0
66 48.0
464 54.0
68 99.0
638 20.0
15 34.0
4 42.0
679 71.0
112 49.0
91 48.0
459 26.0
757 3.0
888 28.0
605 14.0
855 91.0
981 96.0
337 11.0
415 68.0
554 63.0
671 33.0
668 27.0
918 90.0
700 31.0
825 87.0
630 39.0
902 39.0
414 10.0
588 8.0
555 90.0
657 84.0
14 66.0
952 42.0
167 57.0
847 10.0
970 99.0
417 10.0
69 97.0
609 35.0
434 33.0
951 19.0
870 78.0
834 71.0
556 79.0
154 4.0
300 50.0
875 20.0
204 56.0
969 40.0
306 24.0
96 81.0
557 35.0
624 71.0
891 71.0
534 1.0
927 53.0
635 18.0
219 18.0
99 74.0
717 60.0
558 59.0
11 46.0
889 25.0
714 40.0
81 79.0
483 20.0
940 33.0
345 39.0
466 30.0
922 92.0
390 46.0
328 5.0
559 42.0
26 53.0
293 96.0
68 77.0
279 33.0
10 62.0
988 90.0
989 84.0
85 37.0
8 30.0
935 4.0
950 16.0
116 76.0
653 80.0
560 8.0
275 34.0
1 79.0
576 19.0
587 62.0
155 81.0
185 11.0
320 44.0
912 17.0
561 46.0
195 9.0
716 15.0
601 71.0
381 15.0
342 91.0
562 38.0
379 88.0
403 62.0
32 15.0
537 92.0
245 60.0
977 14.0
246 56.0
960 82.0
563 25.0
499 77.0
726 27.0
868 11.0
330 66.0
54 62.0
682 34.0
324 76.0
400 97.0
584 35.0
219 35.0
199 32.0
39 30.0
564 76.0
348 86.0
172 13.0
875 83.0
785 19.0
779 20.0
434 68.0
469 6.0
414 68.0
560 10.0
311 8.0
565 13.0
83 95.0
413 24.0
811 11.0
783 57.0
751 94.0
980 17.0
730 90.0
933 57.0
732 62.0
309 55.0
462 89.0
566 69.0
253 49.0
399 25.0
263 39.0
26 22.0
961 46.0
785 39.0
608 43.0
525 16.0
746 45.0
567 40.0
497 59.0
404 51.0
695 6.0
413 17.0
823 41.0
939 90.0
986 72.0
766 98.0
154 24.0
568 88.0
833 25.0
886 12.0
148 7.0
142 60.0
939 23.0
788 31.0
490 20.0
978 13.0
860 80.0
917 59.0
993 79.0
622 17.0
154 26.0
678 87.0
569 53.0
280 79.0
399 29.0
490 58.0
778 25.0
294 34.0
173 88.0
570 98.0
201 69.0
691 29.0
526 68.0
415 80.0
443 88.0
874 19.0
571 69.0
569 55.0
386 36.0
430 16.0
50 92.0
835 4.0
176 51.0
715 63.0
642 8.0
295 49.0
780 63.0
572 55.0
630 56.0
676 85.0
971 26.0
486 77.0
120 93.0
39 20.0
46 59.0
445 21.0
573 30.0
371 89.0
787 12.0
714 23.0
927 95.0
467 46.0
822 10.0
792 9.0
815 54.0
282 17.0
130 25.0
291 20.0
574 15.0
143 18.0
514 21.0
667 31.0
47 34.0
751 33.0
575 68.0
410 81.0
876 1.0
261 83.0
240 23.0
583 29.0
403 41.0
391 46.0
46 48.0
918 65.0
649 89.0
576 34.0
606 86.0
259 72.0
767 63.0
499 18.0
58 87.0
590 71.0
318 27.0
914 72.0
577 8.0
347 48.0
193 76.0
326 100.0
964 51.0
959 89.0
727 89.0
578 94.0
5 25.0
463 49.0
584 36.0
41 18.0
535 72.0
318 8.0
309 96.0
548 56.0
530 16.0
974 19.0
933 89.0
926 18.0
579 4.0
979 77.0
381 10.0
609 42.0
735 88.0
196 41.0
862 1.0
336 11.0
877 46.0
570 18.0
292 38.0
308 42.0
744 5.0
205 7.0
244 88.0
963 46.0
580 86.0
343 13.0
360 20.0
522 66.0
444 25.0
828 6.0
634 44.0
330 29.0
787 6.0
999 70.0
601 1.0
563 98.0
780 27.0
804 57.0
808 54.0
581 77.0
951 49.0
559 85.0
907 93.0
639 62.0
383 59.0
584 46.0
99 64.0
768 100.0
33 36.0
244 86.0
781 46.0
840 21.0
650 74.0
806 6.0
378 66.0
450 48.0
132 44.0
582 3.0
813 98.0
998 21.0
560 26.0
403 44.0
227 90.0
88 90.0
683 100.0
350 42.0
21 63.0
285 38.0
479 22.0
583 52.0
465 63.0
574 23.0
92 90.0
603 53.0
745 6.0
830 72.0
918 36.0
979 70.0
584 34.0
441 31.0
798 60.0
686 32.0
532 30.0
131 47.0
568 72.0
585 66.0
806 8.0
936 83.0
18 92.0
485 59.0
220 41.0
436 76.0
718 68.0
690 88.0
940 86.0
586 75.0
408 25.0
304 54.0
792 67.0
857 70.0
381 45.0
270 66.0
948 3.0
581 24.0
749 31.0
930 76.0
737 74.0
963 97.0
368 5.0
587 78.0
276 44.0
762 13.0
115 97.0
835 45.0
26 74.0
46 57.0
21 79.0
597 14.0
617 85.0
272 13.0
48 39.0
761 100.0
475 34.0
749 83.0
755 91.0
588 45.0
443 19.0
259 4.0
564 42.0
480 84.0
734 79.0
737 38.0
366 72.0
589 100.0
543 97.0
208 74.0
791 53.0
464 94.0
774 69.0
859 14.0
468 76.0
853 60.0
61 36.0
1000 33.0
120 82.0
521 60.0
590 3.0
637 80.0
511 98.0
800 51.0
824 25.0
855 21.0
808 52.0
305 24.0
449 70.0
836 45.0
934 95.0
591 45.0
426 36.0
391 47.0
92 55.0
931 61.0
760 84.0
552 54.0
231 61.0
748 4.0
702 41.0
729 9.0
653 10.0
559 2.0
547 28.0
592 99.0
902 86.0
251 88.0
300 28.0
93 35.0
944 18.0
292 53.0
508 94.0
652 43.0
160 88.0
288 72.0
185 48.0
593 86.0
969 75.0
171 72.0
667 3.0
870 86.0
621 65.0
754 83.0
594 47.0
373 19.0
247 15.0
202 70.0
301 57.0
143 44.0
797 99.0
36 74.0
138 77.0
161 97.0
268 56.0
653 40.0
595 21.0
948 92.0
519 79.0
516 56.0
909 89.0
483 62.0
970 50.0
714 92.0
229 66.0
202 39.0
807 62.0
876 62.0
596 67.0
993 5.0
809 98.0
802 30.0
904 45.0
375 13.0
461 8.0
396 28.0
36 73.0
205 33.0
820 72.0
309 31.0
259 53.0
56 91.0
748 62.0
590 50.0
804 39.0
948 62.0
406 85.0
597 10.0
598 72.0
695 57.0
486 31.0
901 85.0
299 11.0
598 72.0
840 20.0
23 4.0
861 53.0
37 98.0
636 76.0
662 37.0
766 44.0
207 82.0
599 89.0
902 66.0
630 83.0
139 20.0
972 100.0
804 5.0
1000 86.0
430 37.0
600 48.0
293 99.0
638 26.0
174 76.0
439 67.0
263 78.0
786 26.0
41 21.0
946 1.0
734 2.0
329 52.0
913 30.0
665 70.0
601 67.0
875 66.0
884 38.0
344 93.0
389 23.0
818 25.0
590 77.0
461 12.0
48 63.0
947 68.0
602 5.0
502 83.0
316 27.0
531 27.0
123 31.0
784 33.0
227 7.0
416 93.0
677 70.0
914 22.0
603 85.0
238 43.0
820 8.0
991 88.0
100 87.0
184 8.0
679 81.0
308 71.0
27 5.0
528 51.0
92 30.0
769 47.0
604 52.0
113 87.0
295 51.0
103 20.0
436 85.0
134 53.0
20 45.0
189 29.0
795 62.0
605 100.0
37 43.0
773 18.0
730 80.0
151 91.0
57 28.0
739 62.0
360 84.0
372 46.0
301 43.0
189 54.0
504 3.0
275 89.0
606 74.0
149 96.0
529 49.0
777 57.0
131 11.0
624 13.0
728 57.0
94 36.0
474 99.0
160 29.0
397 20.0
655 77.0
183 63.0
733 33.0
361 29.0
216 61.0
659 60.0
126 80.0
54 22.0
642 4.0
675 45.0
220 59.0
607 43.0
861 56.0
705 74.0
844 60.0
814 99.0
191 98.0
193 32.0
740 100.0
732 75.0
884 60.0
941 97.0
773 14.0
192 85.0
369 53.0
785 73.0
850 4.0
638 57.0
608 81.0
259 98.0
568 52.0
99 26.0
935 81.0
848 83.0
851 29.0
187 19.0
386 38.0
336 3.0
841 20.0
609 6.0
789 100.0
154 35.0
90 81.0
870 70.0
739 52.0
553 96.0
900 87.0
931 81.0
411 5.0
380 34.0
811 92.0
610 11.0
64 34.0
574 51.0
937 96.0
611 71.0
278 80.0
750 21.0
265 6.0
987 57.0
237 64.0
286 37.0
694 6.0
417 10.0
324 47.0
962 9.0
529 5.0
612 52.0
496 63.0
615 38.0
553 49.0
619 93.0
22 67.0
757 50.0
41 19.0
613 78.0
15 19.0
108 19.0
414 29.0
915 23.0
548 49.0
789 13.0
819 97.0
146 84.0
19 51.0
614 20.0
382 42.0
384 37.0
705 98.0
677 93.0
627 20.0
709 41.0
466 83.0
70 4.0
615 67.0
569 81.0
819 92.0
494 52.0
120 46.0
237 10.0
689 5.0
864 28.0
482 20.0
962 63.0
920 64.0
616 9.0
228 93.0
904 11.0
572 72.0
344 25.0
669 53.0
262 76.0
798 14.0
260 60.0
378 4.0
617 4.0
940 49.0
915 56.0
18 91.0
649 13.0
232 31.0
371 100.0
522 13.0
618 43.0
160 58.0
272 12.0
538 66.0
263 27.0
243 72.0
366 98.0
631 17.0
942 1.0
746 27.0
661 14.0
250 96.0
619 49.0
441 35.0
226 14.0
67 31.0
143 69.0
349 68.0
134 83.0
949 51.0
709 86.0
625 38.0
620 13.0
678 77.0
376 3.0
634 83.0
553 24.0
108 44.0
730 31.0
239 35.0
837 19.0
621 8.0
374 75.0
117 38.0
501 24.0
887 90.0
713 22.0
755 87.0
134 13.0
679 55.0
107 11.0
653 43.0
968 9.0
622 43.0
598 70.0
383 79.0
925 56.0
949 24.0
193 18.0
712 64.0
682 46.0
122 100.0
905 66.0
884 44.0
435 20.0
294 15.0
534 65.0
355 42.0
439 89.0
623 97.0
265 47.0
434 31.0
992 99.0
551 34.0
103 18.0
403 53.0
521 47.0
534 4.0
381 94.0
761 65.0
331 84.0
121 56.0
745 48.0
12 24.0
624 63.0
602 31.0
250 70.0
441 16.0
989 25.0
673 87.0
201 18.0
836 56.0
109 96.0
419 33.0
899 31.0
796 76.0
625 9.0
537 77.0
115 97.0
478 31.0
618 30.0
111 61.0
581 72.0
5 48.0
164 90.0
343 45.0
981 49.0
626 25.0
775 56.0
911 82.0
127 88.0
463 5.0
293 48.0
473 35.0
89 100.0
627 55.0
843 52.0
368 14.0
501 32.0
64 38.0
427 85.0
576 100.0
579 95.0
95 54.0
177 28.0
164 98.0
634 24.0
684 90.0
628 33.0
492 93.0
974 17.0
528 50.0
201 17.0
473 74.0
436 69.0
99 52.0
1 66.0
527 92.0
111 50.0
94 12.0
435 75.0
311 59.0
629 19.0
526 29.0
947 28.0
276 75.0
929 43.0
218 37.0
112 37.0
779 29.0
997 25.0
234 15.0
252 24.0
887 2.0
476 56.0
94 72.0
899 35.0
326 54.0
630 65.0
385 36.0
943 92.0
484 47.0
60 2.0
10 3.0
512 75.0
955 51.0
927 9.0
200 7.0
970 78.0
551 66.0
631 32.0
861 70.0
993 91.0
75 25.0
741 45.0
725 34.0
802 64.0
844 43.0
632 28.0
37 2.0
564 37.0
868 80.0
843 36.0
190 56.0
130 96.0
145 62.0
370 98.0
492 44.0
296 33.0
448 75.0
390 97.0
633 57.0
222 64.0
591 8.0
382 85.0
834 50.0
658 13.0
902 21.0
537 61.0
377 6.0
234 19.0
247 94.0
198 87.0
544 75.0
209 49.0
634 33.0
778 14.0
877 64.0
185 50.0
623 21.0
676 69.0
984 19.0
578 67.0
7 41.0
748 62.0
635 66.0
854 7.0
898 62.0
224 18.0
22 4.0
413 91.0
265 3.0
754 73.0
636 69.0
884 75.0
42 68.0
428 74.0
980 16.0
329 24.0
473 47.0
41 5.0
637 4.0
242 33.0
779 89.0
600 78.0
440 57.0
2 25.0
170 54.0
814 41.0
747 70.0
911 9.0
638 41.0
638 75.0
77 15.0
997 64.0
915 32.0
422 86.0
208 61.0
49 91.0
316 78.0
732 11.0
639 76.0
329 63.0
148 53.0
369 28.0
806 55.0
174 45.0
952 79.0
175 19.0
742 2.0
224 55.0
272 87.0
640 1.0
89 45.0
50 11.0
136 92.0
789 94.0
428 47.0
623 39.0
949 84.0
641 44.0
39 9.0
430 89.0
88 89.0
811 34.0
337 37.0
772 47.0
642 35.0
681 61.0
807 69.0
876 62.0
954 54.0
714 4.0
608 21.0
979 92.0
220 66.0
497 99.0
643 14.0
9 90.0
619 7.0
169 95.0
399 42.0
645 19.0
530 91.0
23 23.0
315 89.0
819 27.0
208 92.0
644 7.0
240 87.0
886 21.0
197 17.0
418 93.0
932 47.0
366 21.0
645 48.0
210 88.0
325 90.0
22 28.0
114 30.0
444 40.0
616 53.0
290 15.0
948 18.0
542 80.0
155 37.0
877 6.0
513 80.0
646 22.0
449 16.0
764 37.0
851 51.0
578 2.0
182 18.0
288 54.0
510 66.0
678 4.0
658 78.0
214 14.0
766 3.0
647 62.0
322 75.0
652 43.0
898 31.0
452 79.0
566 42.0
121 60.0
87 71.0
699 32.0
151 33.0
389 22.0
407 44.0
648 32.0
985 1.0
320 59.0
571 59.0
659 18.0
71 81.0
171 65.0
508 79.0
306 53.0
869 81.0
606 46.0
883 62.0
216 69.0
649 83.0
336 37.0
883 78.0
301 43.0
566 34.0
560 36.0
478 54.0
433 99.0
158 29.0
718 94.0
476 18.0
740 60.0
290 90.0
76 30.0
933 12.0
935 31.0
22 64.0
965 18.0
406 27.0
650 60.0
949 46.0
147 85.0
886 14.0
850 70.0
456 79.0
726 33.0
533 80.0
190 19.0
996 57.0
651 78.0
309 69.0
370 51.0
645 72.0
802 61.0
292 24.0
294 37.0
820 6.0
324 72.0
672 21.0
985 38.0
447 62.0
47 74.0
22 28.0
652 27.0
528 51.0
117 1.0
151 94.0
986 83.0
171 15.0
508 38.0
653 83.0
78 69.0
261 92.0
273 14.0
424 1.0
617 29.0
3 88.0
829 22.0
926 92.0
77 49.0
804 81.0
780 9.0
906 16.0
238 19.0
339 37.0
529 74.0
654 14.0
712 23.0
115 99.0
863 92.0
917 78.0
236 11.0
534 52.0
556 35.0
931 99.0
220 95.0
264 40.0
488 54.0
590 53.0
655 35.0
777 3.0
61 19.0
808 95.0
81 52.0
500 65.0
565 26.0
164 65.0
303 8.0
511 44.0
800 63.0
656 8.0
588 86.0
960 54.0
804 90.0
269 16.0
605 75.0
417 61.0
861 44.0
354 69.0
395 49.0
657 33.0
847 56.0
292 50.0
44 19.0
68 14.0
185 53.0
945 34.0
658 76.0
194 68.0
29 9.0
365 24.0
329 24.0
743 51.0
32 33.0
900 34.0
454 58.0
104 35.0
752 23.0
659 95.0
197 63.0
65 86.0
199 29.0
660 27.0
434 81.0
969 51.0
638 97.0
884 33.0
141 90.0
661 93.0
306 19.0
525 95.0
943 58.0
613 86.0
330 59.0
452 78.0
904 66.0
743 87.0
576 75.0
355 81.0
334 87.0
662 88.0
904 40.0
204 19.0
40 73.0
762 9.0
510 82.0
286 29.0
605 5.0
356 46.0
402 30.0
750 43.0
464 44.0
834 47.0
663 76.0
385 70.0
898 36.0
572 4.0
682 61.0
609 59.0
943 13.0
852 40.0
388 30.0
444 98.0
330 96.0
225 20.0
679 37.0
664 78.0
205 67.0
145 85.0
250 58.0
376 57.0
665 70.0
572 27.0
393 26.0
9 92.0
350 16.0
210 59.0
513 59.0
131 33.0
313 65.0
275 41.0
316 29.0
969 14.0
51 54.0
666 80.0
324 38.0
925 49.0
445 97.0
198 84.0
455 63.0
326 28.0
184 30.0
938 51.0
648 88.0
541 77.0
589 90.0
853 40.0
558 88.0
667 91.0
584 45.0
712 7.0
860 14.0
480 90.0
328 23.0
488 26.0
206 64.0
150 45.0
114 7.0
918 39.0
431 70.0
668 93.0
542 32.0
671 26.0
280 23.0
147 13.0
145 34.0
695 74.0
539 58.0
933 77.0
574 68.0
190 86.0
669 69.0
239 87.0
577 81.0
192 10.0
149 29.0
18 63.0
646 10.0
95 57.0
155 7.0
823 53.0
670 12.0
164 85.0
851 15.0
957 99.0
369 59.0
473 30.0
192 89.0
577 4.0
234 7.0
653 52.0
525 71.0
342 78.0
123 3.0
296 83.0
671 54.0
82 41.0
732 95.0
450 82.0
883 49.0
634 83.0
231 82.0
967 16.0
672 45.0
541 22.0
996 10.0
76 73.0
655 78.0
164 48.0
817 61.0
929 67.0
349 11.0
28 63.0
900 65.0
689 47.0
673 34.0
26 36.0
993 32.0
340 15.0
779 62.0
950 67.0
947 75.0
313 60.0
794 32.0
576 37.0
887 6.0
95 73.0
156 6.0
465 13.0
418 24.0
674 22.0
793 30.0
472 71.0
396 21.0
48 83.0
710 65.0
779 97.0
284 81.0
554 36.0
811 29.0
26 50.0
947 2.0
675 37.0
884 16.0
644 73.0
742 70.0
847 86.0
596 86.0
437 77.0
953 83.0
704 26.0
871 51.0
284 66.0
676 27.0
130 72.0
913 72.0
199 31.0
931 83.0
574 18.0
278 61.0
902 36.0
994 12.0
188 11.0
562 9.0
677 28.0
56 95.0
750 9.0
906 55.0
861 98.0
688 62.0
7 49.0
453 52.0
877 22.0
444 51.0
678 69.0
385 8.0
255 98.0
850 36.0
618 13.0
801 9.0
516 81.0
852 26.0
22 95.0
679 23.0
658 86.0
813 48.0
898 6.0
444 18.0
542 28.0
527 11.0
366 64.0
680 32.0
446 87.0
486 86.0
302 100.0
586 21.0
860 15.0
942 33.0
127 99.0
526 27.0
953 5.0
121 75.0
726 11.0
31 6.0
359 100.0
893 57.0
804 16.0
984 76.0
681 82.0
184 99.0
621 69.0
905 64.0
612 61.0
786 42.0
821 92.0
917 68.0
647 28.0
693 24.0
275 9.0
502 33.0
118 87.0
481 10.0
682 49.0
503 98.0
284 47.0
760 8.0
25 94.0
401 57.0
672 59.0
745 58.0
837 7.0
406 51.0
807 90.0
446 77.0
683 49.0
836 76.0
406 97.0
17 39.0
445 80.0
441 63.0
684 59.0
298 73.0
105 67.0
139 95.0
379 100.0
364 33.0
886 35.0
736 32.0
547 61.0
493 75.0
416 58.0
769 58.0
685 59.0
109 28.0
240 29.0
587 66.0
639 74.0
756 75.0
552 13.0
385 11.0
922 21.0
956 14.0
895 92.0
279 95.0
686 4.0
919 68.0
249 47.0
399 31.0
955 90.0
1 72.0
923 70.0
611 71.0
687 74.0
143 4.0
297 6.0
972 8.0
131 78.0
716 93.0
688 98.0
804 98.0
692 31.0
748 86.0
144 50.0
380 73.0
644 3.0
636 35.0
604 82.0
689 97.0
552 8.0
757 14.0
185 11.0
699 65.0
459 14.0
34 18.0
695 65.0
636 97.0
597 67.0
628 8.0
755 4.0
690 75.0
289 98.0
575 37.0
34 53.0
32 38.0
158 21.0
230 93.0
287 87.0
403 51.0
336 42.0
977 68.0
928 70.0
693 20.0
405 83.0
518 51.0
691 99.0
849 46.0
743 47.0
495 94.0
693 88.0
373 87.0
471 31.0
618 1.0
692 92.0
447 58.0
125 41.0
172 34.0
580 94.0
584 7.0
364 100.0
81 95.0
745 88.0
264 9.0
821 27.0
311 70.0
318 26.0
460 4.0
979 92.0
693 29.0
173 42.0
644 38.0
975 86.0
394 61.0
254 47.0
539 97.0
652 19.0
347 38.0
694 60.0
591 36.0
208 28.0
86 11.0
561 6.0
157 9.0
974 60.0
695 6.0
932 10.0
941 60.0
689 93.0
622 75.0
266 25.0
360 64.0
270 52.0
31 64.0
763 22.0
794 40.0
810 77.0
886 36.0
696 43.0
446 70.0
583 27.0
477 57.0
545 53.0
697 88.0
222 42.0
955 92.0
190 13.0
889 90.0
619 24.0
145 22.0
126 90.0
698 43.0
162 77.0
898 45.0
529 73.0
97 81.0
72 45.0
858 94.0
613 84.0
587 82.0
294 18.0
336 66.0
699 15.0
438 92.0
909 97.0
125 95.0
248 1.0
650 16.0
23 89.0
2 39.0
770 94.0
260 7.0
224 90.0
124 8.0
852 3.0
700 10.0
103 39.0
876 6.0
91 45.0
63 83.0
89 83.0
272 54.0
450 95.0
384 55.0
701 56.0
109 54.0
56 1.0
603 16.0
277 16.0
542 67.0
175 24.0
122 5.0
78 9.0
274 51.0
805 6.0
345 9.0
906 4.0
657 67.0
21 31.0
783 18.0
702 30.0
561 84.0
671 52.0
521 69.0
40 23.0
726 69.0
553 73.0
270 91.0
330 15.0
71 20.0
784 96.0
42 89.0
703 84.0
488 17.0
787 8.0
404 77.0
804 82.0
521 94.0
290 76.0
571 86.0
540 39.0
991 51.0
241 52.0
390 95.0
704 29.0
47 57.0
428 93.0
737 25.0
677 75.0
237 87.0
499 29.0
652 42.0
489 26.0
293 73.0
705 59.0
629 10.0
576 53.0
451 13.0
927 8.0
474 59.0
646 53.0
744 92.0
522 27.0
706 83.0
116 12.0
286 16.0
926 79.0
551 4.0
660 39.0
514 86.0
372 6.0
3 44.0
347 47.0
586 70.0
369 7.0
445 94.0
560 25.0
924 65.0
707 56.0
117 57.0
106 91.0
241 46.0
864 48.0
121 74.0
630 48.0
364 97.0
265 28.0
233 18.0
25 94.0
685 36.0
5 9.0
260 77.0
708 23.0
621 34.0
31 54.0
306 17.0
793 31.0
157 72.0
869 7.0
103 100.0
12 57.0
922 10.0
783 9.0
804 47.0
709 92.0
932 89.0
789 97.0
641 23.0
568 8.0
315 71.0
78 19.0
487 8.0
537 7.0
94 83.0
643 55.0
710 26.0
737 32.0
766 97.0
529 98.0
739 89.0
607 6.0
771 51.0
551 51.0
711 1.0
362 87.0
739 57.0
61 18.0
118 30.0
206 14.0
154 14.0
712 5.0
242 69.0
248 57.0
777 26.0
533 81.0
515 91.0
328 38.0
36 25.0
485 69.0
567 76.0
311 14.0
292 86.0
999 82.0
116 60.0
190 61.0
215 90.0
713 99.0
819 93.0
281 19.0
656 67.0
338 9.0
518 35.0
101 78.0
259 62.0
283 10.0
890 26.0
412 14.0
714 60.0
258 51.0
820 74.0
53 36.0
682 45.0
479 6.0
130 8.0
298 26.0
322 75.0
882 13.0
48 83.0
715 30.0
816 78.0
240 60.0
889 8.0
148 63.0
131 77.0
814 24.0
716 81.0
451 23.0
788 70.0
491 15.0
843 88.0
188 41.0
104 76.0
275 75.0
717 79.0
583 63.0
208 5.0
857 66.0
285 17.0
924 10.0
335 72.0
746 44.0
110 42.0
322 96.0
26 59.0
631 26.0
718 39.0
68 92.0
251 20.0
437 5.0
381 99.0
620 43.0
490 32.0
548 19.0
72 55.0
497 28.0
452 12.0
473 88.0
301 23.0
308 47.0
719 32.0
738 80.0
624 89.0
655 15.0
21 21.0
448 82.0
483 87.0
83 35.0
329 84.0
476 35.0
596 23.0
591 76.0
622 99.0
416 51.0
720 80.0
400 3.0
378 62.0
278 77.0
40 2.0
8 92.0
456 2.0
894 77.0
721 47.0
655 12.0
735 1.0
665 23.0
399 61.0
58 74.0
856 66.0
788 55.0
266 95.0
116 74.0
958 12.0
722 60.0
253 31.0
926 53.0
87 78.0
659 90.0
669 91.0
904 52.0
709 89.0
164 54.0
593 97.0
723 62.0
522 55.0
380 66.0
955 63.0
917 60.0
451 90.0
537 76.0
62 18.0
724 21.0
444 60.0
610 86.0
942 63.0
571 4.0
801 38.0
522 5.0
811 18.0
113 44.0
725 95.0
753 64.0
121 33.0
154 63.0
68 69.0
279 73.0
493 1.0
353 19.0
926 65.0
883 48.0
880 33.0
864 99.0
138 32.0
377 99.0
438 9.0
455 5.0
726 46.0
732 62.0
525 66.0
359 59.0
333 61.0
651 5.0
280 5.0
984 40.0
545 79.0
727 19.0
650 74.0
677 38.0
65 88.0
59 92.0
6 34.0
716 25.0
972 58.0
728 58.0
184 15.0
293 45.0
351 44.0
432 62.0
464 73.0
554 29.0
729 67.0
73 58.0
172 38.0
624 85.0
107 9.0
378 36.0
400 18.0
304 99.0
984 24.0
101 93.0
864 100.0
143 26.0
306 79.0
877 42.0
975 70.0
191 55.0
914 7.0
730 90.0
73 57.0
339 10.0
223 83.0
112 62.0
374 86.0
970 17.0
95 93.0
440 96.0
731 60.0
573 74.0
36 44.0
389 19.0
378 46.0
156 2.0
869 54.0
23 61.0
440 34.0
896 95.0
526 41.0
854 94.0
329 60.0
732 14.0
513 33.0
761 3.0
825 91.0
183 42.0
380 19.0
690 88.0
189 64.0
231 15.0
783 52.0
733 51.0
264 3.0
702 96.0
667 30.0
463 52.0
273 96.0
789 65.0
192 43.0
474 57.0
83 33.0
534 77.0
525 22.0
909 53.0
734 2.0
316 19.0
678 83.0
913 78.0
355 86.0
695 35.0
735 78.0
57 24.0
974 21.0
491 12.0
25 64.0
722 29.0
939 95.0
288 2.0
736 42.0
684 6.0
706 42.0
106 53.0
318 69.0
661 50.0
561 76.0
443 12.0
752 88.0
169 94.0
641 81.0
449 64.0
53 65.0
68 57.0
737 38.0
577 84.0
640 85.0
73 48.0
349 24.0
748 98.0
180 37.0
738 83.0
75 36.0
402 70.0
311 99.0
434 15.0
749 94.0
742 13.0
714 88.0
739 66.0
274 23.0
675 64.0
53 59.0
683 40.0
821 33.0
364 59.0
709 19.0
523 14.0
329 59.0
539 1.0
436 55.0
751 62.0
509 85.0
740 29.0
595 1.0
5 66.0
653 52.0
105 60.0
788 53.0
132 90.0
149 75.0
165 55.0
300 34.0
583 34.0
902 23.0
741 95.0
108 85.0
679 99.0
289 79.0
381 68.0
145 60.0
276 14.0
742 38.0
903 74.0
749 44.0
412 18.0
488 9.0
632 46.0
98 79.0
734 42.0
707 74.0
743 62.0
450 58.0
82 72.0
293 67.0
393 86.0
825 77.0
1 21.0
667 97.0
103 21.0
257 72.0
744 33.0
397 2.0
385 52.0
937 74.0
1000 88.0
674 38.0
495 92.0
728 7.0
909 50.0
892 84.0
980 30.0
135 91.0
28 68.0
539 72.0
1 99.0
919 87.0
11 81.0
745 52.0
510 27.0
436 45.0
527 87.0
630 43.0
408 3.0
47 16.0
338 2.0
954 35.0
872 3.0
917 44.0
746 76.0
821 40.0
85 51.0
625 50.0
522 54.0
998 98.0
19 28.0
44 91.0
927 66.0
987 18.0
527 47.0
747 53.0
267 54.0
788 29.0
512 65.0
692 91.0
579 32.0
395 74.0
315 6.0
748 96.0
418 22.0
537 10.0
175 95.0
729 4.0
831 28.0
496 51.0
503 42.0
243 97.0
749 59.0
288 30.0
642 16.0
292 65.0
959 42.0
793 80.0
730 58.0
309 31.0
734 2.0
780 16.0
427 20.0
228 95.0
711 51.0
944 87.0
384 66.0
582 89.0
750 73.0
319 16.0
91 93.0
192 79.0
592 80.0
585 83.0
949 4.0
751 15.0
351 99.0
376 34.0
489 55.0
640 39.0
726 51.0
248 38.0
494 74.0
889 89.0
88 72.0
312 8.0
752 50.0
442 49.0
358 74.0
507 84.0
250 78.0
915 57.0
81 72.0
795 66.0
924 10.0
676 52.0
346 51.0
6 15.0
115 9.0
937 81.0
753 93.0
411 36.0
886 60.0
229 57.0
509 35.0
363 92.0
754 63.0
957 92.0
433 66.0
995 53.0
113 70.0
55 72.0
792 86.0
426 64.0
670 16.0
648 43.0
755 81.0
537 30.0
529 90.0
739 47.0
441 82.0
393 58.0
118 57.0
153 58.0
641 18.0
907 70.0
827 44.0
877 11.0
21 7.0
756 99.0
55 90.0
43 25.0
740 76.0
65 58.0
839 33.0
927 34.0
908 68.0
975 85.0
518 16.0
757 71.0
13 87.0
843 80.0
482 47.0
717 12.0
20 94.0
269 94.0
705 24.0
758 36.0
783 34.0
906 98.0
669 31.0
630 72.0
8 4.0
375 6.0
518 11.0
490 26.0
260 33.0
156 26.0
258 3.0
19 17.0
759 79.0
419 49.0
810 31.0
197 53.0
161 39.0
669 75.0
494 16.0
730 22.0
377 54.0
735 77.0
315 11.0
833 17.0
370 23.0
760 17.0
25 48.0
761 55.0
732 37.0
644 57.0
368 79.0
188 90.0
908 53.0
911 26.0
900 36.0
985 85.0
761 43.0
368 81.0
576 64.0
336 78.0
228 68.0
417 44.0
37 67.0
140 98.0
85 99.0
762 35.0
668 46.0
635 78.0
482 42.0
70 97.0
717 12.0
16 50.0
864 8.0
676 34.0
327 42.0
883 50.0
763 5.0
490 74.0
880 97.0
374 4.0
748 42.0
190 78.0
128 41.0
480 87.0
528 35.0
555 45.0
764 100.0
292 13.0
52 11.0
150 57.0
627 45.0
946 49.0
704 22.0
58 14.0
793 99.0
743 78.0
628 45.0
121 96.0
710 62.0
832 62.0
765 96.0
423 94.0
460 90.0
685 47.0
70 3.0
75 11.0
794 35.0
838 9.0
507 64.0
275 78.0
704 35.0
134 40.0
490 62.0
258 29.0
525 98.0
422 27.0
663 41.0
766 72.0
287 22.0
184 78.0
544 55.0
843 79.0
821 44.0
767 32.0
832 52.0
964 12.0
296 16.0
439 19.0
719 86.0
108 49.0
268 94.0
298 24.0
91 60.0
187 29.0
768 83.0
911 8.0
868 48.0
402 69.0
34 31.0
219 81.0
269 41.0
28 20.0
927 20.0
585 88.0
632 56.0
775 70.0
906 69.0
69 92.0
769 25.0
583 27.0
307 88.0
979 62.0
868 85.0
912 72.0
616 69.0
845 41.0
140 45.0
4 98.0
770 64.0
575 82.0
859 68.0
198 40.0
335 28.0
572 45.0
138 43.0
814 29.0
144 3.0
239 81.0
627 92.0
344 31.0
771 21.0
207 6.0
78 64.0
72 93.0
164 29.0
786 28.0
50 17.0
541 62.0
906 76.0
971 31.0
772 37.0
939 11.0
725 1.0
86 64.0
811 94.0
254 81.0
515 18.0
284 95.0
628 16.0
971 26.0
173 13.0
773 73.0
247 68.0
763 50.0
927 27.0
831 70.0
227 43.0
941 90.0
671 44.0
464 5.0
864 99.0
64 68.0
774 57.0
308 99.0
32 9.0
665 37.0
174 13.0
68 37.0
810 45.0
961 21.0
832 99.0
409 30.0
45 51.0
42 87.0
209 56.0
223 57.0
405 85.0
775 84.0
414 49.0
145 80.0
190 30.0
978 30.0
165 40.0
289 46.0
70 51.0
250 12.0
776 96.0
843 15.0
341 95.0
137 87.0
418 13.0
245 8.0
547 51.0
74 2.0
254 20.0
726 69.0
801 34.0
777 1.0
213 8.0
520 21.0
184 80.0
328 92.0
694 31.0
442 5.0
512 26.0
751 25.0
631 80.0
5 24.0
53 58.0
725 17.0
3 75.0
994 27.0
584 37.0
778 32.0
568 42.0
79 29.0
893 90.0
988 20.0
762 57.0
309 90.0
779 10.0
776 94.0
266 5.0
191 53.0
264 9.0
262 90.0
31 20.0
344 59.0
72 88.0
157 63.0
780 63.0
133 65.0
585 16.0
735 53.0
615 8.0
998 36.0
29 58.0
223 61.0
686 77.0
369 82.0
781 36.0
229 50.0
311 40.0
792 99.0
480 49.0
594 18.0
391 86.0
629 70.0
782 50.0
967 76.0
286 23.0
823 18.0
193 71.0
394 11.0
929 87.0
788 46.0
670 14.0
370 8.0
783 74.0
68 7.0
627 76.0
144 51.0
758 74.0
927 62.0
919 13.0
526 37.0
195 93.0
123 47.0
710 8.0
975 94.0
106 98.0
725 50.0
978 67.0
784 68.0
540 71.0
668 31.0
758 70.0
532 32.0
361 85.0
601 19.0
810 68.0
331 46.0
892 39.0
855 57.0
394 21.0
408 4.0
131 94.0
481 3.0
58 56.0
785 47.0
470 23.0
905 26.0
711 47.0
670 21.0
111 73.0
717 46.0
168 14.0
782 47.0
25 1.0
176 60.0
786 80.0
44 28.0
843 43.0
72 40.0
522 93.0
494 34.0
531 33.0
974 67.0
699 42.0
621 1.0
787 14.0
183 65.0
494 42.0
687 78.0
4 87.0
674 93.0
924 80.0
762 68.0
788 92.0
631 86.0
693 55.0
114 21.0
229 78.0
789 50.0
414 29.0
651 23.0
344 67.0
10 59.0
47 5.0
76 7.0
932 96.0
723 41.0
784 38.0
790 53.0
841 96.0
342 32.0
304 70.0
925 89.0
272 85.0
638 100.0
641 91.0
3 65.0
566 23.0
991 69.0
162 1.0
791 62.0
995 21.0
594 18.0
904 11.0
657 44.0
876 69.0
257 16.0
792 67.0
51 17.0
787 46.0
242 67.0
967 19.0
993 51.0
253 95.0
687 35.0
189 3.0
181 100.0
135 17.0
633 4.0
923 100.0
578 81.0
793 6.0
231 81.0
118 50.0
770 87.0
969 10.0
245 32.0
211 82.0
931 26.0
794 11.0
699 21.0
617 70.0
381 8.0
456 29.0
919 60.0
104 1.0
396 53.0
942 70.0
132 94.0
795 43.0
945 3.0
305 54.0
390 8.0
160 79.0
275 82.0
277 20.0
471 53.0
423 82.0
400 52.0
753 36.0
173 53.0
247 81.0
796 76.0
298 47.0
566 85.0
807 95.0
549 75.0
542 71.0
699 74.0
70 70.0
604 100.0
451 38.0
877 28.0
608 94.0
990 100.0
814 84.0
797 95.0
987 96.0
300 43.0
448 42.0
676 85.0
477 46.0
294 41.0
847 41.0
790 49.0
507 93.0
350 50.0
696 58.0
798 55.0
461 94.0
719 29.0
495 36.0
842 62.0
573 31.0
627 48.0
799 30.0
580 47.0
848 23.0
762 75.0
496 66.0
294 42.0
905 5.0
827 25.0
831 58.0
515 29.0
800 26.0
641 7.0
71 78.0
796 30.0
453 17.0
737 70.0
575 13.0
801 52.0
604 5.0
129 74.0
960 17.0
589 25.0
113 21.0
765 28.0
548 94.0
780 3.0
889 77.0
802 73.0
58 76.0
73 49.0
92 100.0
339 78.0
445 41.0
769 30.0
124 92.0
803 73.0
302 6.0
60 5.0
11 43.0
832 97.0
382 67.0
934 34.0
313 46.0
775 7.0
402 10.0
804 3.0
793 6.0
642 16.0
517 2.0
592 32.0
725 36.0
238 39.0
104 43.0
493 36.0
899 5.0
740 31.0
910 50.0
805 96.0
981 74.0
294 26.0
157 26.0
857 70.0
256 75.0
806 53.0
551 9.0
895 84.0
383 91.0
970 41.0
184 62.0
803 9.0
24 71.0
414 93.0
737 53.0
126 56.0
807 75.0
193 59.0
293 24.0
12 80.0
828 59.0
666 48.0
759 61.0
255 51.0
119 15.0
147 18.0
808 95.0
328 29.0
678 80.0
43 70.0
306 5.0
209 74.0
102 24.0
809 53.0
138 76.0
996 74.0
372 51.0
434 10.0
670 95.0
203 59.0
461 20.0
284 53.0
770 14.0
954 17.0
810 35.0
687 52.0
751 62.0
11 46.0
794 39.0
826 15.0
698 36.0
610 4.0
673 85.0
44 52.0
477 34.0
811 53.0
751 44.0
634 19.0
380 53.0
98 13.0
162 4.0
292 67.0
812 64.0
804 1.0
621 73.0
52 33.0
383 81.0
952 36.0
671 29.0
157 14.0
488 49.0
281 81.0
757 59.0
779 69.0
813 91.0
301 57.0
201 21.0
15 84.0
603 69.0
381 22.0
356 70.0
590 49.0
157 2.0
643 67.0
537 35.0
90 35.0
65 73.0
611 72.0
911 93.0
567 51.0
814 70.0
875 15.0
820 6.0
565 20.0
922 89.0
73 31.0
63 94.0
895 81.0
12 43.0
815 28.0
784 76.0
996 28.0
871 20.0
6 27.0
166 41.0
496 61.0
16 50.0
816 94.0
733 46.0
875 32.0
193 40.0
726 95.0
523 52.0
832 53.0
2 5.0
749 11.0
156 75.0
319 81.0
817 58.0
873 73.0
362 50.0
669 15.0
794 73.0
594 18.0
287 21.0
758 24.0
940 9.0
390 2.0
4 71.0
52 87.0
818 5.0
760 39.0
483 99.0
788 20.0
37 23.0
639 61.0
229 93.0
298 52.0
104 26.0
772 11.0
819 34.0
428 26.0
447 29.0
167 66.0
412 58.0
977 94.0
452 59.0
822 38.0
543 48.0
750 55.0
746 87.0
388 83.0
640 48.0
590 73.0
820 39.0
430 6.0
690 68.0
960 40.0
668 31.0
165 34.0
495 65.0
474 74.0
221 58.0
837 89.0
82 62.0
972 94.0
821 42.0
965 39.0
949 27.0
837 43.0
241 40.0
347 89.0
199 21.0
346 46.0
531 2.0
317 70.0
997 32.0
663 7.0
822 29.0
180 27.0
257 89.0
85 80.0
784 84.0
233 64.0
648 75.0
694 34.0
464 51.0
496 55.0
904 71.0
699 10.0
104 81.0
734 38.0
362 63.0
823 86.0
424 51.0
473 18.0
451 98.0
218 3.0
773 25.0
959 18.0
578 8.0
475 93.0
842 23.0
523 15.0
380 71.0
484 19.0
985 36.0
272 28.0
79 100.0
302 22.0
786 55.0
824 44.0
835 33.0
147 17.0
48 75.0
196 63.0
99 30.0
456 85.0
672 64.0
233 28.0
175 32.0
9 4.0
825 48.0
659 99.0
570 52.0
39 75.0
701 10.0
693 76.0
884 10.0
180 9.0
963 100.0
304 84.0
826 88.0
168 15.0
989 22.0
838 69.0
503 47.0
884 66.0
22 1.0
713 56.0
544 45.0
954 68.0
147 97.0
195 33.0
827 78.0
837 44.0
933 100.0
714 65.0
74 99.0
423 41.0
294 26.0
828 46.0
301 29.0
957 49.0
392 29.0
228 19.0
594 22.0
492 71.0
737 90.0
302 100.0
981 59.0
808 31.0
676 43.0
829 90.0
645 14.0
486 34.0
722 98.0
325 69.0
84 23.0
204 73.0
51 65.0
457 97.0
830 55.0
502 99.0
784 38.0
839 51.0
940 94.0
711 19.0
222 40.0
985 88.0
799 67.0
905 88.0
657 35.0
559 98.0
831 38.0
788 75.0
70 50.0
923 52.0
340 85.0
839 68.0
405 62.0
130 9.0
18 53.0
337 61.0
624 49.0
231 37.0
438 29.0
832 63.0
194 63.0
852 5.0
461 41.0
874 38.0
65 36.0
764 68.0
164 65.0
138 10.0
833 64.0
861 9.0
213 93.0
925 91.0
938 77.0
839 56.0
47 4.0
386 63.0
208 21.0
841 7.0
625 31.0
748 8.0
411 86.0
598 79.0
970 10.0
292 43.0
904 73.0
834 63.0
87 57.0
618 95.0
767 35.0
556 26.0
835 54.0
552 66.0
496 52.0
370 61.0
615 79.0
816 42.0
292 36.0
836 56.0
182 78.0
115 73.0
713 86.0
344 34.0
324 84.0
259 3.0
506 41.0
237 74.0
24 38.0
671 35.0
837 12.0
857 46.0
447 46.0
988 31.0
524 77.0
610 82.0
460 46.0
987 50.0
801 27.0
838 48.0
373 78.0
275 44.0
469 95.0
353 47.0
503 72.0
90 44.0
938 63.0
726 51.0
360 58.0
839 3.0
923 8.0
108 75.0
496 31.0
177 4.0
624 72.0
702 48.0
642 92.0
688 40.0
376 34.0
853 27.0
873 48.0
840 8.0
658 9.0
326 17.0
84 19.0
779 92.0
966 32.0
53 13.0
494 22.0
600 35.0
36 97.0
514 97.0
964 70.0
383 95.0
667 96.0
243 77.0
841 77.0
488 65.0
974 16.0
268 22.0
14 16.0
587 44.0
453 59.0
911 11.0
165 84.0
40 52.0
842 64.0
765 84.0
989 100.0
562 38.0
842 61.0
813 85.0
462 19.0
886 8.0
258 22.0
959 86.0
617 35.0
110 70.0
704 3.0
868 67.0
210 52.0
622 22.0
999 11.0
656 10.0
818 44.0
215 85.0
843 86.0
625 74.0
347 78.0
568 20.0
448 60.0
244 40.0
460 16.0
457 89.0
588 9.0
844 31.0
898 60.0
835 81.0
779 97.0
290 41.0
489 66.0
461 38.0
570 83.0
984 22.0
845 16.0
222 21.0
985 53.0
317 71.0
824 35.0
354 90.0
62 87.0
486 86.0
847 8.0
535 9.0
339 63.0
925 94.0
846 89.0
904 11.0
872 60.0
603 82.0
833 37.0
817 2.0
636 89.0
414 41.0
127 53.0
489 30.0
35 17.0
847 100.0
501 40.0
94 60.0
530 2.0
276 58.0
673 94.0
724 50.0
934 24.0
315 78.0
29 14.0
302 84.0
742 20.0
204 55.0
279 50.0
48 92.0
414 100.0
693 59.0
848 92.0
486 88.0
220 40.0
261 22.0
797 15.0
619 96.0
741 83.0
571 16.0
343 51.0
16 89.0
982 90.0
761 65.0
849 63.0
832 72.0
347 29.0
336 77.0
609 9.0
190 9.0
431 58.0
677 22.0
286 2.0
850 17.0
417 16.0
401 57.0
626 67.0
327 68.0
494 70.0
218 17.0
773 38.0
851 82.0
886 75.0
264 36.0
620 83.0
699 24.0
386 25.0
518 31.0
364 33.0
228 81.0
852 22.0
934 28.0
645 65.0
111 49.0
202 53.0
508 50.0
653 95.0
899 31.0
231 40.0
853 24.0
794 31.0
157 49.0
948 1.0
58 4.0
590 95.0
763 71.0
747 37.0
555 31.0
764 77.0
550 41.0
697 90.0
200 40.0
854 61.0
395 52.0
899 84.0
795 31.0
557 4.0
266 52.0
59 75.0
614 62.0
585 83.0
291 56.0
855 64.0
705 94.0
760 94.0
845 76.0
359 96.0
707 81.0
690 90.0
764 71.0
583 53.0
271 7.0
917 47.0
856 98.0
18 23.0
891 11.0
128 9.0
821 56.0
251 4.0
990 41.0
521 43.0
201 2.0
388 62.0
88 9.0
620 5.0
41 97.0
857 67.0
587 7.0
898 60.0
904 83.0
267 8.0
964 46.0
792 16.0
466 91.0
469 96.0
636 37.0
764 8.0
515 68.0
858 59.0
370 76.0
227 57.0
715 48.0
375 71.0
650 38.0
684 27.0
859 7.0
82 51.0
453 85.0
472 49.0
15 81.0
1 96.0
703 34.0
155 94.0
68 83.0
254 31.0
719 8.0
498 24.0
361 84.0
860 26.0
238 55.0
499 43.0
482 99.0
440 63.0
750 54.0
352 80.0
669 42.0
937 81.0
734 92.0
861 91.0
588 65.0
863 92.0
49 38.0
616 86.0
475 36.0
70 22.0
890 23.0
826 40.0
8 92.0
368 98.0
948 83.0
862 65.0
512 35.0
609 74.0
31 75.0
328 89.0
355 8.0
158 55.0
856 42.0
958 26.0
337 70.0
863 42.0
610 60.0
259 98.0
754 17.0
773 82.0
547 20.0
130 74.0
642 85.0
571 52.0
337 14.0
539 27.0
829 69.0
856 29.0
577 38.0
908 26.0
864 22.0
821 11.0
322 4.0
53 65.0
388 76.0
423 27.0
745 45.0
659 51.0
170 89.0
693 57.0
865 43.0
511 49.0
110 63.0
288 87.0
315 86.0
807 92.0
494 86.0
765 26.0
563 35.0
664 89.0
559 8.0
722 16.0
812 93.0
647 21.0
866 26.0
872 14.0
426 5.0
739 58.0
986 49.0
564 27.0
825 92.0
855 65.0
183 53.0
459 76.0
867 74.0
924 68.0
485 11.0
781 61.0
508 37.0
495 94.0
719 73.0
731 60.0
830 13.0
725 57.0
218 98.0
868 52.0
631 97.0
96 95.0
139 9.0
237 6.0
386 86.0
596 51.0
852 80.0
215 76.0
869 82.0
30 15.0
840 48.0
458 58.0
245 60.0
109 22.0
756 47.0
618 70.0
90 54.0
530 18.0
71 58.0
101 35.0
950 93.0
19 31.0
287 4.0
940 30.0
749 11.0
515 57.0
132 37.0
777 21.0
825 77.0
870 87.0
386 24.0
127 6.0
883 38.0
907 21.0
285 93.0
802 86.0
569 6.0
261 86.0
410 100.0
871 44.0
775 13.0
432 86.0
782 99.0
677 30.0
12 87.0
733 74.0
601 96.0
525 33.0
289 19.0
572 46.0
872 21.0
919 83.0
714 18.0
238 70.0
465 13.0
37 45.0
351 12.0
43 58.0
873 88.0
679 66.0
169 62.0
781 16.0
151 20.0
283 47.0
553 12.0
195 87.0
82 96.0
435 99.0
874 28.0
601 79.0
513 62.0
315 17.0
875 45.0
138 70.0
640 1.0
917 87.0
425 93.0
393 40.0
647 78.0
498 82.0
193 64.0
818 23.0
731 75.0
157 98.0
695 73.0
718 9.0
859 10.0
876 33.0
315 99.0
366 97.0
972 69.0
403 65.0
865 86.0
260 83.0
202 93.0
525 7.0
651 70.0
238 65.0
321 23.0
954 72.0
157 46.0
896 88.0
877 67.0
2 20.0
917 79.0
771 87.0
642 85.0
898 39.0
3 26.0
293 62.0
485 22.0
643 24.0
878 83.0
717 96.0
150 59.0
728 3.0
46 54.0
821 91.0
17 52.0
204 17.0
978 92.0
423 85.0
798 54.0
879 81.0
142 19.0
829 29.0
33 30.0
673 100.0
380 54.0
880 60.0
256 48.0
403 21.0
35 21.0
230 49.0
810 74.0
663 37.0
538 94.0
997 72.0
697 24.0
919 39.0
623 15.0
881 86.0
366 86.0
280 59.0
176 7.0
590 48.0
552 23.0
553 41.0
448 12.0
882 2.0
280 89.0
670 64.0
593 87.0
342 81.0
135 19.0
272 90.0
370 86.0
883 95.0
420 74.0
462 13.0
93 52.0
42 58.0
308 50.0
379 41.0
154 51.0
480 14.0
868 69.0
834 60.0
543 7.0
884 85.0
643 72.0
870 86.0
967 5.0
861 47.0
978 91.0
533 60.0
841 45.0
670 36.0
659 84.0
885 14.0
78 98.0
384 16.0
285 4.0
412 78.0
781 89.0
734 74.0
135 89.0
940 89.0
886 86.0
317 96.0
889 60.0
488 79.0
916 43.0
334 32.0
837 70.0
516 83.0
999 71.0
821 61.0
725 83.0
923 74.0
954 79.0
243 61.0
579 11.0
646 71.0
887 73.0
667 92.0
777 91.0
986 51.0
802 81.0
704 71.0
469 42.0
80 23.0
649 51.0
83 54.0
610 36.0
784 87.0
524 55.0
836 25.0
210 86.0
990 5.0
638 66.0
888 14.0
849 9.0
374 53.0
681 94.0
544 2.0
729 59.0
638 6.0
82 66.0
708 46.0
473 50.0
522 90.0
839 38.0
421 25.0
378 35.0
889 42.0
57 64.0
682 32.0
863 24.0
474 11.0
880 3.0
71 45.0
503 11.0
624 97.0
437 82.0
543 89.0
676 59.0
480 19.0
890 90.0
99 55.0
186 91.0
913 51.0
382 22.0
98 66.0
864 17.0
423 7.0
385 38.0
855 69.0
977 5.0
891 6.0
654 19.0
610 23.0
487 29.0
62 31.0
355 28.0
484 66.0
717 95.0
726 37.0
892 34.0
21 19.0
661 61.0
803 17.0
976 15.0
89 47.0
112 71.0
445 32.0
554 24.0
665 43.0
994 41.0
173 49.0
115 48.0
893 20.0
258 39.0
641 84.0
494 76.0
793 16.0
671 59.0
493 63.0
170 49.0
137 91.0
846 26.0
894 71.0
66 27.0
693 30.0
314 97.0
390 43.0
765 62.0
257 34.0
427 65.0
703 87.0
651 73.0
791 19.0
81 68.0
895 22.0
586 99.0
364 5.0
945 13.0
547 56.0
50 30.0
742 1.0
571 36.0
380 99.0
603 44.0
263 32.0
553 88.0
896 44.0
955 10.0
886 47.0
373 88.0
233 86.0
867 100.0
654 65.0
130 61.0
624 21.0
897 50.0
890 45.0
181 27.0
141 72.0
976 78.0
159 24.0
516 92.0
9 20.0
898 19.0
928 67.0
748 72.0
549 47.0
808 1.0
407 42.0
89 27.0
569 57.0
130 68.0
495 48.0
964 80.0
899 71.0
652 75.0
92 89.0
208 31.0
806 45.0
167 58.0
308 71.0
332 51.0
113 46.0
917 63.0
834 20.0
900 48.0
258 18.0
202 56.0
436 21.0
97 37.0
729 56.0
391 74.0
816 44.0
296 68.0
19 59.0
488 68.0
511 6.0
901 6.0
5 73.0
458 72.0
183 2.0
678 70.0
772 86.0
370 96.0
167 3.0
428 51.0
932 3.0
542 88.0
914 1.0
490 54.0
902 24.0
604 67.0
375 51.0
214 36.0
233 35.0
197 43.0
262 95.0
903 31.0
545 32.0
597 38.0
715 45.0
516 75.0
634 26.0
700 92.0
188 83.0
728 44.0
257 3.0
904 75.0
155 30.0
706 36.0
444 72.0
327 99.0
866 31.0
364 94.0
905 23.0
905 29.0
33 53.0
738 84.0
730 86.0
676 93.0
284 64.0
305 25.0
920 7.0
347 46.0
497 86.0
672 96.0
906 10.0
531 35.0
762 86.0
521 12.0
491 3.0
750 92.0
197 3.0
787 40.0
590 22.0
918 10.0
123 5.0
744 18.0
4 20.0
972 79.0
907 99.0
746 83.0
965 40.0
264 11.0
308 14.0
600 48.0
886 15.0
77 46.0
771 63.0
908 88.0
858 64.0
906 69.0
966 95.0
349 46.0
468 38.0
589 37.0
166 45.0
737 42.0
958 91.0
781 85.0
82 54.0
179 56.0
250 82.0
909 15.0
974 46.0
500 24.0
251 20.0
329 24.0
303 96.0
934 29.0
551 2.0
57 3.0
130 36.0
66 22.0
222 52.0
774 78.0
570 57.0
910 65.0
123 25.0
661 71.0
807 92.0
417 95.0
339 14.0
511 51.0
911 14.0
575 12.0
392 10.0
813 68.0
376 32.0
557 23.0
419 7.0
468 78.0
882 71.0
237 55.0
912 21.0
768 79.0
340 11.0
44 76.0
319 7.0
260 72.0
80 85.0
41 85.0
996 41.0
913 1.0
622 40.0
12 23.0
43 27.0
533 23.0
211 9.0
867 22.0
943 75.0
972 63.0
646 81.0
914 11.0
137 48.0
437 22.0
285 56.0
438 87.0
531 63.0
3 13.0
87 34.0
667 80.0
29 22.0
728 90.0
185 55.0
906 2.0
511 91.0
915 64.0
281 20.0
526 69.0
468 25.0
869 26.0
906 75.0
316 91.0
735 90.0
877 21.0
227 76.0
562 45.0
751 27.0
916 4.0
201 23.0
992 96.0
454 68.0
385 10.0
557 38.0
190 62.0
961 85.0
1000 12.0
855 79.0
917 10.0
652 97.0
190 32.0
979 66.0
859 29.0
580 97.0
127 19.0
888 49.0
449 55.0
305 89.0
133 58.0
41 79.0
256 89.0
918 78.0
850 26.0
638 70.0
279 55.0
526 34.0
655 63.0
178 88.0
21 19.0
719 8.0
684 73.0
353 63.0
286 26.0
919 74.0
411 98.0
532 90.0
589 17.0
450 68.0
693 15.0
11 29.0
223 11.0
790 10.0
350 91.0
347 7.0
601 91.0
920 51.0
945 80.0
21 5.0
921 62.0
609 6.0
836 33.0
953 45.0
739 16.0
34 20.0
440 2.0
930 88.0
299 59.0
178 95.0
973 73.0
307 1.0
922 27.0
849 14.0
875 88.0
305 19.0
20 1.0
708 16.0
698 46.0
407 63.0
511 11.0
948 68.0
465 1.0
923 69.0
545 5.0
284 48.0
978 43.0
550 51.0
959 69.0
984 11.0
800 46.0
500 82.0
773 91.0
690 12.0
811 62.0
521 40.0
386 88.0
723 79.0
364 48.0
475 23.0
924 35.0
620 8.0
154 56.0
208 63.0
56 41.0
381 14.0
241 29.0
465 50.0
751 64.0
45 36.0
20 18.0
925 15.0
862 73.0
116 10.0
149 44.0
703 49.0
133 21.0
49 76.0
850 29.0
193 98.0
666 61.0
22 62.0
926 66.0
155 100.0
450 59.0
302 40.0
505 23.0
124 31.0
360 70.0
34 64.0
966 53.0
927 98.0
228 98.0
261 36.0
468 1.0
59 37.0
767 91.0
491 41.0
28 34.0
478 46.0
197 31.0
928 14.0
420 56.0
334 75.0
332 72.0
282 8.0
261 39.0
647 7.0
318 70.0
891 34.0
408 43.0
939 37.0
53 72.0
441 69.0
82 53.0
174 29.0
241 83.0
929 68.0
503 36.0
994 4.0
779 100.0
324 4.0
613 12.0
843 42.0
251 32.0
747 65.0
45 23.0
646 95.0
326 38.0
930 29.0
179 27.0
776 40.0
618 85.0
972 19.0
490 31.0
827 33.0
90 10.0
280 91.0
45 73.0
931 81.0
40 77.0
591 93.0
124 76.0
507 71.0
744 92.0
560 9.0
604 43.0
986 12.0
539 43.0
63 74.0
980 51.0
932 58.0
112 23.0
258 37.0
798 13.0
299 1.0
174 57.0
84 45.0
809 39.0
58 37.0
933 15.0
956 80.0
664 79.0
565 88.0
794 89.0
386 57.0
273 72.0
934 53.0
471 10.0
598 90.0
250 97.0
790 29.0
290 30.0
256 1.0
95 39.0
935 45.0
647 1.0
288 67.0
411 97.0
661 88.0
233 95.0
572 71.0
936 86.0
852 29.0
361 49.0
665 76.0
281 92.0
486 3.0
329 18.0
7 54.0
861 5.0
341 57.0
186 55.0
937 98.0
527 27.0
74 46.0
2 31.0
18 37.0
791 73.0
46 61.0
895 97.0
765 20.0
463 15.0
331 22.0
541 56.0
21 95.0
938 54.0
693 56.0
26 92.0
510 21.0
871 87.0
814 68.0
365 16.0
536 4.0
41 100.0
939 73.0
586 23.0
622 34.0
127 44.0
144 82.0
431 59.0
273 10.0
503 23.0
260 93.0
361 85.0
23 57.0
940 91.0
554 4.0
685 64.0
113 15.0
53 50.0
695 100.0
9 97.0
941 53.0
290 42.0
124 40.0
815 85.0
409 8.0
769 23.0
449 78.0
190 12.0
727 90.0
551 31.0
942 98.0
336 21.0
947 55.0
140 57.0
539 24.0
404 93.0
521 98.0
733 5.0
228 63.0
465 30.0
619 100.0
387 47.0
943 51.0
173 25.0
784 3.0
977 75.0
613 78.0
375 84.0
349 37.0
961 8.0
251 65.0
766 54.0
59 67.0
382 69.0
759 74.0
6 1.0
926 36.0
944 30.0
830 52.0
873 34.0
45 10.0
76 75.0
459 47.0
173 60.0
831 67.0
656 14.0
468 31.0
945 57.0
801 26.0
657 96.0
321 22.0
576 98.0
197 11.0
863 25.0
582 18.0
977 57.0
864 51.0
251 93.0
946 33.0
811 5.0
958 35.0
440 74.0
712 85.0
579 31.0
645 66.0
441 2.0
905 51.0
342 88.0
818 70.0
334 51.0
40 78.0
639 66.0
947 29.0
154 50.0
777 45.0
234 63.0
723 91.0
911 99.0
82 40.0
811 15.0
591 1.0
299 45.0
468 2.0
500 27.0
8 33.0
876 92.0
585 30.0
976 97.0
948 15.0
232 61.0
393 17.0
625 81.0
380 96.0
499 40.0
80 43.0
549 47.0
949 18.0
575 18.0
245 2.0
832 77.0
723 40.0
548 77.0
354 30.0
226 25.0
950 39.0
987 17.0
615 100.0
817 23.0
123 73.0
159 27.0
811 69.0
365 71.0
754 17.0
371 55.0
825 34.0
408 14.0
951 45.0
278 6.0
750 56.0
534 73.0
669 94.0
140 79.0
554 69.0
847 29.0
502 35.0
6 71.0
426 34.0
933 41.0
952 64.0
754 61.0
355 77.0
792 64.0
577 5.0
781 57.0
115 95.0
854 49.0
928 38.0
935 40.0
841 50.0
337 46.0
124 57.0
704 21.0
953 11.0
692 77.0
711 14.0
503 83.0
30 79.0
633 57.0
360 12.0
89 57.0
165 40.0
842 95.0
954 91.0
910 94.0
455 80.0
903 48.0
728 17.0
404 31.0
815 41.0
306 87.0
143 36.0
28 7.0
101 99.0
683 50.0
342 97.0
594 85.0
955 10.0
425 90.0
617 84.0
958 71.0
948 66.0
13 27.0
813 67.0
932 94.0
336 61.0
499 83.0
761 57.0
956 11.0
373 19.0
868 27.0
700 73.0
827 100.0
549 30.0
924 58.0
78 31.0
550 19.0
401 22.0
348 48.0
304 17.0
957 88.0
925 79.0
32 31.0
274 42.0
58 61.0
523 19.0
379 19.0
986 42.0
75 97.0
98 51.0
449 92.0
541 27.0
456 96.0
638 67.0
958 89.0
435 33.0
713 88.0
17 92.0
697 27.0
853 100.0
380 30.0
30 54.0
396 47.0
505 44.0
886 3.0
63 90.0
912 88.0
397 63.0
959 45.0
122 13.0
348 37.0
752 35.0
786 49.0
26 65.0
496 83.0
897 7.0
889 66.0
197 53.0
144 26.0
879 86.0
417 17.0
27 41.0
827 11.0
886 53.0
960 22.0
446 35.0
627 43.0
411 55.0
878 73.0
385 80.0
639 61.0
524 34.0
436 39.0
939 87.0
22 84.0
164 6.0
961 77.0
663 67.0
493 41.0
775 73.0
345 77.0
416 12.0
366 93.0
722 87.0
800 51.0
760 40.0
197 11.0
220 64.0
343 25.0
919 49.0
962 25.0
274 75.0
775 72.0
95 36.0
968 16.0
552 67.0
675 8.0
292 65.0
654 48.0
522 82.0
301 78.0
42 6.0
122 13.0
90 22.0
457 100.0
963 54.0
660 18.0
295 72.0
377 21.0
954 55.0
844 91.0
372 100.0
426 94.0
286 67.0
212 51.0
650 77.0
930 35.0
964 10.0
605 35.0
417 86.0
534 52.0
802 69.0
275 55.0
11 63.0
52 29.0
35 42.0
965 17.0
236 24.0
554 19.0
327 61.0
147 47.0
656 11.0
25 19.0
480 75.0
966 39.0
653 35.0
831 31.0
468 39.0
44 81.0
133 45.0
271 19.0
246 20.0
106 78.0
982 58.0
616 30.0
13 89.0
967 86.0
862 6.0
339 73.0
262 45.0
758 9.0
555 16.0
968 74.0
164 9.0
380 89.0
61 10.0
30 62.0
649 30.0
545 71.0
571 5.0
906 22.0
29 90.0
903 38.0
306 27.0
953 21.0
332 4.0
363 46.0
540 47.0
805 39.0
722 37.0
742 61.0
969 8.0
704 59.0
460 63.0
709 65.0
572 80.0
410 52.0
526 67.0
819 17.0
11 56.0
335 69.0
615 6.0
75 3.0
970 54.0
72 76.0
473 81.0
958 64.0
419 81.0
537 78.0
828 50.0
56 33.0
971 19.0
488 95.0
257 100.0
700 98.0
86 73.0
777 42.0
877 80.0
532 60.0
455 78.0
568 72.0
894 35.0
264 35.0
215 10.0
891 21.0
493 41.0
361 61.0
733 12.0
972 96.0
873 54.0
829 70.0
91 96.0
26 49.0
669 59.0
200 33.0
467 69.0
216 21.0
973 71.0
84 98.0
720 28.0
516 96.0
511 82.0
705 18.0
974 32.0
853 37.0
27 21.0
349 93.0
975 13.0
808 99.0
160 54.0
908 24.0
730 8.0
461 88.0
976 3.0
64 36.0
283 44.0
478 24.0
688 92.0
611 21.0
275 62.0
547 51.0
549 79.0
21 17.0
720 58.0
329 80.0
977 83.0
612 50.0
603 93.0
399 99.0
858 23.0
165 94.0
880 35.0
978 21.0
442 35.0
779 83.0
589 23.0
123 99.0
922 30.0
636 91.0
344 95.0
74 25.0
979 29.0
735 42.0
520 64.0
882 17.0
388 8.0
430 5.0
401 96.0
586 57.0
377 13.0
980 82.0
87 65.0
352 20.0
138 24.0
894 78.0
956 93.0
197 82.0
749 71.0
829 53.0
17 4.0
981 79.0
753 49.0
26 41.0
212 47.0
507 32.0
142 78.0
860 1.0
45 59.0
845 66.0
297 57.0
982 48.0
672 97.0
891 54.0
933 53.0
3 75.0
34 28.0
582 87.0
631 6.0
555 11.0
781 80.0
193 86.0
396 58.0
677 35.0
472 78.0
983 11.0
603 20.0
450 23.0
688 40.0
723 3.0
118 7.0
274 17.0
988 58.0
984 61.0
853 47.0
496 16.0
514 53.0
672 2.0
715 11.0
262 46.0
85 25.0
457 22.0
338 25.0
411 26.0
282 32.0
626 62.0
695 26.0
979 98.0
985 54.0
713 70.0
254 20.0
911 56.0
349 17.0
525 30.0
390 78.0
399 72.0
432 67.0
433 56.0
585 21.0
986 39.0
341 77.0
436 13.0
776 69.0
913 61.0
948 27.0
617 31.0
909 29.0
399 25.0
158 83.0
504 88.0
833 6.0
459 33.0
647 100.0
554 63.0
462 10.0
127 25.0
646 80.0
987 7.0
718 63.0
858 70.0
99 63.0
837 92.0
420 92.0
156 41.0
541 79.0
52 29.0
181 68.0
490 10.0
988 60.0
854 45.0
267 100.0
240 59.0
584 89.0
433 11.0
237 85.0
249 71.0
199 98.0
34 28.0
667 45.0
458 57.0
420 30.0
989 99.0
812 64.0
479 6.0
385 26.0
741 27.0
610 77.0
536 98.0
184 30.0
100 10.0
311 67.0
833 11.0
84 45.0
618 99.0
990 31.0
830 31.0
858 85.0
124 56.0
811 97.0
127 72.0
907 70.0
562 62.0
6 11.0
225 15.0
705 18.0
154 98.0
991 26.0
590 73.0
746 69.0
947 73.0
24 4.0
898 82.0
90 63.0
980 93.0
26 63.0
992 97.0
902 1.0
478 7.0
808 29.0
556 88.0
342 42.0
881 36.0
151 8.0
605 7.0
650 68.0
430 61.0
980 59.0
993 84.0
123 13.0
224 51.0
245 49.0
648 36.0
505 4.0
656 94.0
692 60.0
750 4.0
757 44.0
994 88.0
411 29.0
838 94.0
955 90.0
824 74.0
52 89.0
438 58.0
348 8.0
231 38.0
521 87.0
462 97.0
995 49.0
826 56.0
399 67.0
322 5.0
996 77.0
934 6.0
230 34.0
867 40.0
754 43.0
807 98.0
53 83.0
485 69.0
240 87.0
554 71.0
411 18.0
253 86.0
59 12.0
997 12.0
894 78.0
937 26.0
759 81.0
775 82.0
445 72.0
927 54.0
796 12.0
248 70.0
811 96.0
687 37.0
699 22.0
256 21.0
763 8.0
998 54.0
311 32.0
57 96.0
902 53.0
282 73.0
482 59.0
823 65.0
12 93.0
114 71.0
430 30.0
598 62.0
718 70.0
999 10.0
510 75.0
234 61.0
636 7.0
311 73.0
895 85.0
888 70.0
262 9.0
529 22.0
74 52.0
1000 95.0
132 88.0
872 87.0
76 89.0
121 67.0
950 39.0
914 3.0
730 6.0
700 14.0
704 93.0
765 26.0
219 39.0
86 50.0
478 23.0
352 6.0
234 49.0
188 23.0
646 23.0
305 82.0
882 13.0
480 60.0
438 80.0
409
919
1 409
8 920 980 533 213 579 946 825 410
1 919
