1000 10989 0  0 7
9
16
9
7
13
7
9
16
8
10
9
9
16
12
15
14
10
5
8
9
5
9
10
10
8
8
9
11
9
8
7
10
10
11
16
12
10
10
10
14
11
11
13
8
12
11
11
9
15
8
12
8
21
8
8
12
12
9
5
5
14
14
13
6
4
12
11
11
15
11
9
17
17
9
13
8
14
16
7
7
15
10
10
14
15
20
14
9
6
15
18
15
12
5
12
9
5
6
12
9
11
8
15
9
12
7
9
10
6
14
12
10
11
11
10
11
14
13
12
10
13
16
18
7
14
11
10
11
10
12
18
17
12
10
9
16
9
5
11
10
17
9
10
15
14
5
13
10
11
9
7
8
14
9
14
10
8
14
7
17
12
17
10
9
16
10
16
9
12
13
12
10
10
12
8
11
10
6
7
6
16
6
10
20
8
12
12
7
9
10
8
14
11
2
16
12
8
11
7
13
6
13
10
10
18
15
18
9
15
10
19
12
9
13
9
14
12
16
8
15
11
11
14
15
14
15
14
12
14
10
10
10
13
9
11
16
13
10
6
9
21
14
7
14
12
9
10
10
13
10
9
18
9
14
7
7
8
7
12
9
11
9
12
12
7
7
11
11
9
12
8
12
13
7
11
16
8
11
7
8
14
7
5
14
5
13
16
10
11
13
10
11
9
7
10
12
14
8
18
8
9
8
10
13
5
12
12
16
9
13
12
14
10
11
11
9
12
5
13
11
8
12
12
10
11
12
10
16
12
9
7
5
9
12
8
12
10
9
18
8
9
16
10
5
11
15
14
13
9
7
8
8
13
11
14
11
12
12
14
9
17
16
12
12
12
10
15
20
12
11
10
9
16
16
14
5
9
17
9
13
10
13
12
10
16
14
13
13
11
13
11
14
6
11
13
6
5
11
10
14
9
10
18
10
11
10
15
12
7
8
11
11
5
13
9
12
8
7
12
16
10
13
11
15
11
17
16
15
7
10
15
9
15
10
11
13
11
10
10
11
13
9
13
10
11
14
10
12
9
15
10
8
13
8
10
14
11
11
8
14
11
8
19
8
8
14
11
12
10
11
8
8
12
11
9
11
10
10
10
7
10
10
9
15
6
9
14
11
12
11
6
9
9
10
6
14
12
10
15
8
13
11
11
17
16
7
7
8
10
5
12
11
8
10
9
8
6
4
14
10
11
14
15
10
9
18
11
11
9
11
9
11
7
13
12
13
13
9
12
13
11
16
5
15
19
11
7
15
12
8
9
7
11
9
13
16
14
13
11
9
13
14
14
10
17
15
10
14
9
4
20
9
11
7
15
10
10
11
13
14
7
8
11
14
10
13
14
11
9
12
13
14
18
11
12
9
11
17
10
10
12
11
12
11
11
4
11
18
7
15
10
11
13
11
8
7
10
11
7
10
10
10
17
11
12
7
8
10
14
16
16
12
13
13
12
10
12
13
13
14
8
5
12
10
12
11
11
19
12
11
8
7
8
7
13
14
15
8
9
7
6
12
14
10
9
6
7
10
11
11
11
7
13
11
9
7
7
6
9
5
17
15
16
11
11
9
8
11
12
14
11
14
9
18
14
8
13
12
12
11
11
8
7
11
13
9
11
8
9
12
12
9
12
11
8
9
16
12
18
9
8
10
5
9
8
14
15
13
12
10
5
11
13
7
10
16
12
13
6
8
10
16
11
10
14
14
11
13
13
14
7
8
12
11
8
11
10
5
8
17
8
9
13
12
8
10
12
10
12
12
11
7
9
9
12
10
10
8
8
10
8
12
7
18
11
8
10
12
8
9
11
22
6
10
15
11
11
13
10
13
12
3
3
8
5
14
20
10
12
11
16
16
9
11
12
7
11
14
12
10
8
13
14
7
6
11
16
8
11
15
10
16
11
16
9
10
8
9
9
11
16
9
8
5
11
7
13
11
9
10
9
14
13
11
7
10
4
9
9
13
15
12
10
9
16
12
17
8
18
10
13
13
7
12
9
13
9
9
8
9
9
12
16
9
7
15
12
11
12
11
7
9
6
8
7
13
9
7
5
10
7
13
12
4
8
3
8
10
19
16
15
12
9
15
17
5
13
12
8
17
10
13
8
14
16
12
15
10
12
12
11
12
17
12
10
10
17
7
11
17
17
8
10
9
6
12
12
11
12
12
12
13
11
13
10
8
12
15
16
10
10
9
10
5
9
15
8
12
17
10
10
11
6
10
11
14
13
10
10
14
8
7
9
9
10
11
8
13
10
7
12
13
12
13
9
14
12
11
10
13
2 76.0
651 69.0
857 28.0
990 73.0
631 77.0
875 60.0
774 44.0
625 25.0
534 78.0
3 39.0
848 47.0
528 12.0
738 23.0
16 29.0
578 52.0
749 25.0
402 30.0
352 53.0
91 6.0
612 31.0
569 94.0
662 6.0
689 19.0
113 61.0
330 10.0
4 37.0
32 84.0
637 93.0
179 35.0
478 50.0
489 31.0
997 95.0
192 52.0
135 93.0
5 48.0
815 66.0
28 36.0
906 9.0
491 74.0
951 5.0
888 55.0
6 42.0
389 20.0
334 9.0
552 6.0
854 15.0
600 89.0
138 25.0
783 49.0
918 4.0
593 94.0
335 42.0
831 79.0
498 4.0
7 76.0
545 7.0
65 76.0
767 21.0
533 91.0
998 12.0
715 49.0
8 90.0
468 95.0
18 54.0
696 75.0
26 8.0
903 73.0
149 47.0
414 61.0
457 89.0
9 9.0
753 68.0
131 52.0
244 35.0
283 95.0
954 45.0
417 66.0
475 60.0
183 39.0
395 31.0
565 35.0
92 78.0
208 18.0
97 82.0
769 4.0
172 24.0
10 34.0
755 52.0
912 28.0
224 90.0
782 23.0
965 91.0
907 41.0
651 61.0
11 88.0
416 85.0
339 11.0
936 79.0
658 80.0
228 6.0
210 93.0
354 19.0
471 4.0
125 59.0
12 36.0
391 67.0
34 17.0
86 3.0
441 9.0
31 50.0
740 31.0
247 12.0
484 38.0
13 68.0
538 33.0
258 81.0
34 47.0
778 81.0
569 99.0
202 31.0
437 27.0
923 42.0
14 5.0
915 29.0
137 35.0
770 75.0
264 9.0
313 43.0
445 15.0
432 71.0
622 12.0
607 85.0
245 27.0
902 46.0
517 59.0
439 79.0
527 23.0
588 57.0
15 31.0
150 98.0
661 30.0
590 63.0
921 2.0
55 38.0
31 42.0
273 68.0
513 57.0
370 30.0
216 36.0
236 50.0
16 46.0
62 41.0
703 8.0
238 43.0
84 13.0
215 97.0
694 13.0
945 46.0
655 78.0
857 42.0
619 36.0
662 94.0
976 46.0
840 55.0
872 85.0
17 25.0
315 72.0
358 4.0
327 13.0
412 94.0
937 43.0
608 19.0
294 50.0
296 50.0
563 38.0
196 65.0
967 90.0
920 25.0
474 85.0
18 29.0
516 13.0
228 78.0
984 36.0
461 18.0
702 2.0
775 49.0
690 8.0
110 56.0
257 51.0
19 41.0
23 32.0
617 12.0
216 38.0
276 65.0
20 37.0
292 47.0
677 75.0
111 29.0
479 36.0
737 19.0
187 1.0
52 62.0
21 35.0
27 39.0
1 95.0
203 76.0
278 95.0
799 98.0
426 40.0
464 3.0
194 19.0
22 51.0
39 57.0
385 74.0
602 25.0
818 92.0
23 30.0
187 54.0
368 54.0
880 100.0
524 81.0
646 56.0
783 15.0
12 36.0
83 60.0
24 56.0
785 1.0
55 19.0
48 52.0
434 41.0
345 26.0
8 62.0
129 41.0
716 9.0
153 74.0
25 68.0
16 7.0
594 92.0
620 18.0
276 5.0
642 53.0
397 93.0
677 33.0
142 46.0
240 93.0
26 30.0
421 7.0
486 32.0
314 45.0
216 50.0
800 11.0
242 23.0
439 61.0
27 79.0
399 79.0
650 99.0
874 44.0
555 58.0
33 6.0
140 28.0
535 54.0
28 76.0
20 39.0
402 73.0
397 6.0
655 54.0
862 21.0
748 7.0
782 100.0
292 31.0
29 14.0
594 19.0
206 64.0
198 8.0
512 84.0
446 95.0
728 3.0
973 17.0
563 69.0
438 19.0
370 56.0
30 24.0
465 13.0
111 52.0
47 44.0
473 53.0
764 35.0
128 30.0
638 76.0
774 31.0
31 61.0
355 53.0
441 47.0
305 77.0
845 94.0
974 40.0
506 38.0
435 40.0
32 65.0
721 67.0
544 84.0
994 33.0
635 89.0
546 7.0
714 20.0
33 36.0
425 52.0
443 51.0
531 86.0
621 58.0
246 33.0
22 4.0
551 9.0
706 5.0
308 75.0
34 27.0
672 62.0
489 22.0
656 7.0
320 19.0
147 17.0
384 44.0
586 61.0
100 31.0
688 97.0
35 49.0
588 89.0
738 1.0
234 2.0
853 5.0
309 80.0
79 48.0
922 61.0
310 92.0
238 48.0
764 86.0
36 69.0
950 84.0
495 61.0
453 9.0
636 61.0
733 49.0
836 23.0
222 65.0
151 23.0
709 56.0
180 27.0
834 19.0
136 12.0
785 6.0
553 97.0
696 94.0
37 61.0
575 58.0
798 20.0
453 95.0
215 86.0
294 97.0
428 98.0
283 45.0
506 99.0
64 89.0
902 70.0
834 34.0
38 4.0
977 13.0
454 81.0
693 65.0
926 58.0
507 3.0
253 60.0
10 82.0
821 47.0
480 74.0
39 91.0
991 64.0
744 44.0
392 91.0
292 34.0
535 56.0
979 60.0
721 87.0
916 21.0
895 88.0
40 81.0
783 85.0
387 90.0
330 59.0
719 65.0
244 48.0
904 44.0
693 20.0
288 17.0
188 67.0
41 8.0
349 39.0
409 60.0
632 65.0
147 1.0
742 39.0
2 72.0
767 75.0
509 78.0
299 22.0
901 43.0
861 45.0
568 3.0
60 95.0
42 15.0
460 77.0
382 17.0
36 42.0
466 23.0
123 65.0
84 61.0
95 23.0
203 63.0
151 27.0
588 55.0
43 9.0
473 27.0
294 30.0
896 58.0
709 67.0
238 3.0
50 79.0
235 21.0
493 65.0
937 35.0
982 41.0
44 4.0
199 14.0
659 1.0
577 86.0
933 100.0
517 87.0
988 37.0
953 91.0
21 27.0
234 4.0
941 67.0
638 47.0
808 92.0
45 72.0
981 32.0
929 99.0
832 31.0
150 75.0
270 55.0
798 76.0
331 97.0
46 7.0
83 58.0
285 25.0
440 51.0
853 8.0
140 62.0
425 90.0
610 11.0
800 21.0
484 20.0
236 1.0
14 17.0
47 27.0
148 24.0
615 62.0
546 47.0
144 13.0
610 45.0
335 4.0
379 18.0
772 91.0
738 19.0
244 25.0
48 31.0
258 37.0
782 5.0
700 39.0
737 70.0
419 87.0
948 59.0
389 73.0
668 38.0
204 43.0
203 4.0
49 38.0
52 93.0
443 15.0
147 6.0
197 46.0
864 59.0
796 93.0
799 80.0
666 22.0
50 7.0
285 54.0
259 17.0
678 62.0
168 100.0
835 45.0
858 19.0
243 20.0
193 40.0
525 98.0
589 32.0
563 51.0
427 71.0
3 20.0
660 87.0
51 100.0
393 100.0
801 96.0
282 53.0
888 15.0
914 96.0
332 97.0
712 81.0
52 15.0
184 23.0
775 15.0
289 15.0
251 88.0
552 59.0
676 22.0
112 7.0
300 16.0
291 63.0
779 25.0
993 58.0
53 57.0
335 68.0
159 12.0
538 62.0
649 90.0
924 8.0
638 25.0
48 65.0
54 6.0
417 97.0
196 46.0
239 5.0
971 34.0
361 30.0
742 82.0
79 95.0
640 64.0
6 54.0
58 94.0
67 55.0
674 90.0
829 32.0
975 54.0
775 23.0
197 40.0
602 55.0
957 73.0
496 77.0
663 62.0
55 18.0
896 70.0
331 6.0
653 77.0
477 89.0
572 2.0
629 3.0
88 69.0
56 55.0
682 31.0
412 81.0
290 19.0
731 10.0
461 21.0
100 95.0
725 73.0
57 19.0
267 10.0
823 51.0
889 69.0
199 9.0
875 99.0
638 67.0
19 79.0
353 78.0
282 6.0
439 87.0
737 64.0
58 7.0
531 88.0
754 83.0
908 46.0
481 35.0
157 39.0
795 74.0
713 65.0
168 77.0
345 66.0
274 4.0
674 9.0
59 91.0
378 55.0
322 54.0
959 66.0
621 88.0
236 69.0
683 25.0
485 36.0
823 24.0
60 12.0
649 83.0
770 16.0
574 35.0
1 23.0
61 52.0
110 62.0
67 90.0
949 72.0
243 74.0
62 27.0
614 33.0
529 46.0
575 75.0
48 22.0
450 42.0
280 2.0
747 36.0
814 80.0
323 51.0
305 71.0
992 9.0
982 61.0
279 62.0
63 30.0
572 13.0
198 78.0
286 62.0
272 98.0
85 12.0
730 74.0
150 7.0
235 76.0
381 29.0
96 89.0
70 4.0
26 10.0
439 55.0
64 15.0
770 46.0
718 59.0
875 18.0
585 96.0
930 21.0
285 55.0
881 7.0
478 52.0
307 73.0
327 23.0
799 93.0
336 28.0
65 12.0
536 6.0
951 77.0
945 21.0
128 19.0
969 81.0
66 27.0
411 74.0
664 51.0
710 16.0
67 30.0
670 90.0
506 68.0
903 21.0
483 44.0
772 24.0
952 13.0
302 33.0
205 57.0
508 41.0
527 48.0
38 57.0
68 92.0
406 45.0
644 74.0
320 88.0
289 76.0
180 77.0
449 97.0
664 55.0
403 45.0
435 23.0
928 49.0
69 43.0
953 60.0
30 35.0
542 92.0
726 30.0
209 78.0
951 11.0
728 72.0
766 72.0
309 91.0
801 59.0
70 58.0
973 12.0
711 32.0
242 5.0
188 12.0
213 52.0
658 95.0
553 37.0
725 75.0
80 56.0
839 80.0
362 78.0
576 96.0
637 76.0
134 37.0
71 36.0
401 83.0
436 62.0
74 80.0
305 64.0
215 6.0
903 89.0
116 30.0
247 1.0
233 61.0
952 83.0
72 33.0
570 98.0
401 90.0
20 87.0
346 76.0
459 14.0
753 26.0
92 10.0
359 48.0
73 65.0
533 96.0
176 2.0
492 34.0
395 13.0
793 73.0
670 8.0
197 80.0
393 22.0
645 51.0
489 74.0
709 55.0
574 92.0
589 46.0
465 46.0
494 53.0
721 13.0
74 89.0
797 31.0
129 43.0
752 57.0
408 1.0
713 91.0
784 18.0
108 54.0
498 75.0
268 49.0
996 56.0
882 25.0
177 17.0
181 41.0
451 6.0
311 91.0
299 65.0
75 87.0
513 4.0
154 73.0
553 97.0
146 76.0
88 5.0
151 77.0
651 74.0
941 97.0
76 46.0
260 25.0
160 51.0
481 90.0
882 28.0
140 52.0
708 58.0
246 60.0
790 79.0
572 9.0
554 28.0
740 52.0
509 58.0
77 83.0
455 72.0
565 47.0
354 95.0
759 48.0
360 65.0
281 43.0
383 27.0
78 92.0
29 86.0
438 5.0
682 2.0
473 64.0
390 88.0
244 99.0
821 81.0
56 7.0
231 94.0
938 23.0
198 84.0
384 55.0
703 16.0
79 76.0
182 78.0
481 91.0
875 55.0
382 27.0
808 70.0
983 5.0
401 3.0
883 30.0
605 93.0
289 47.0
297 43.0
187 94.0
380 1.0
251 30.0
587 97.0
80 20.0
970 81.0
937 9.0
712 15.0
904 85.0
638 100.0
377 4.0
81 17.0
526 85.0
50 37.0
687 2.0
902 76.0
970 29.0
697 55.0
82 87.0
528 93.0
928 62.0
663 42.0
245 72.0
873 90.0
543 81.0
799 68.0
828 100.0
417 34.0
141 42.0
145 29.0
631 95.0
383 18.0
654 20.0
83 50.0
967 72.0
846 30.0
756 36.0
979 22.0
500 18.0
361 54.0
60 54.0
509 89.0
686 71.0
84 90.0
207 68.0
421 41.0
547 50.0
756 73.0
16 63.0
121 21.0
572 62.0
928 86.0
849 68.0
85 16.0
31 47.0
587 96.0
646 72.0
245 83.0
499 79.0
509 78.0
361 44.0
171 91.0
137 2.0
276 32.0
218 31.0
692 38.0
921 48.0
86 25.0
707 18.0
404 22.0
342 76.0
155 98.0
697 48.0
259 85.0
572 99.0
136 2.0
433 85.0
556 80.0
108 62.0
618 69.0
65 99.0
952 35.0
87 55.0
341 8.0
911 87.0
461 51.0
51 78.0
145 64.0
745 67.0
402 67.0
155 47.0
34 21.0
567 87.0
430 75.0
171 89.0
504 20.0
947 1.0
840 84.0
661 61.0
276 93.0
463 61.0
186 60.0
88 68.0
480 10.0
629 66.0
706 21.0
685 33.0
879 60.0
660 55.0
307 19.0
143 55.0
485 67.0
733 99.0
68 49.0
15 29.0
291 69.0
89 50.0
738 11.0
426 15.0
999 91.0
919 37.0
540 20.0
266 60.0
520 75.0
499 97.0
90 29.0
364 32.0
326 38.0
240 62.0
768 45.0
182 92.0
91 31.0
600 52.0
355 60.0
118 18.0
464 12.0
486 96.0
556 16.0
320 6.0
947 100.0
40 31.0
349 58.0
318 86.0
877 62.0
749 20.0
698 11.0
92 91.0
128 83.0
676 6.0
360 6.0
40 42.0
644 67.0
454 82.0
881 82.0
88 64.0
354 100.0
113 38.0
306 73.0
770 43.0
367 14.0
130 60.0
619 56.0
387 99.0
888 94.0
93 100.0
345 7.0
374 100.0
221 41.0
923 22.0
917 67.0
404 46.0
617 88.0
330 10.0
253 10.0
348 56.0
757 6.0
302 91.0
167 37.0
729 13.0
94 45.0
47 52.0
332 95.0
293 85.0
804 90.0
363 55.0
672 57.0
427 23.0
159 31.0
526 33.0
251 50.0
484 23.0
95 6.0
185 22.0
919 6.0
386 99.0
704 16.0
96 73.0
884 58.0
456 83.0
675 10.0
70 12.0
601 5.0
552 98.0
843 51.0
304 74.0
330 87.0
928 3.0
765 86.0
97 90.0
461 61.0
628 31.0
232 50.0
582 24.0
87 86.0
584 93.0
849 37.0
78 72.0
98 55.0
445 93.0
312 13.0
294 26.0
413 23.0
99 21.0
316 94.0
36 15.0
595 63.0
669 39.0
22 67.0
100 39.0
963 80.0
430 82.0
327 57.0
989 48.0
41 85.0
516 15.0
438 97.0
583 74.0
266 47.0
373 9.0
518 58.0
101 20.0
607 33.0
225 1.0
341 99.0
785 57.0
643 94.0
434 16.0
950 14.0
56 75.0
102 64.0
134 88.0
167 40.0
329 77.0
56 59.0
310 54.0
373 99.0
283 82.0
31 32.0
173 96.0
811 3.0
103 36.0
476 2.0
534 36.0
743 83.0
665 91.0
961 15.0
119 92.0
436 83.0
104 91.0
824 27.0
768 77.0
2 19.0
174 44.0
444 35.0
390 4.0
777 16.0
851 80.0
773 92.0
327 66.0
42 82.0
474 83.0
647 65.0
340 61.0
105 29.0
575 14.0
373 2.0
805 34.0
739 51.0
857 32.0
544 77.0
504 99.0
982 32.0
106 43.0
764 75.0
300 18.0
47 63.0
350 22.0
713 49.0
413 50.0
389 20.0
598 75.0
86 73.0
164 54.0
864 29.0
107 9.0
820 93.0
868 17.0
435 6.0
480 46.0
711 62.0
286 90.0
108 91.0
118 46.0
352 56.0
425 13.0
744 56.0
449 64.0
819 23.0
810 64.0
87 39.0
109 22.0
225 41.0
103 10.0
181 43.0
332 52.0
353 99.0
735 67.0
406 34.0
367 55.0
316 25.0
110 78.0
309 36.0
239 97.0
971 27.0
583 3.0
340 9.0
111 57.0
384 87.0
608 80.0
605 87.0
600 29.0
765 85.0
566 78.0
964 83.0
54 10.0
815 80.0
700 87.0
53 88.0
733 28.0
622 34.0
112 97.0
619 94.0
479 69.0
772 56.0
346 7.0
664 75.0
195 87.0
341 38.0
231 46.0
511 37.0
96 74.0
242 82.0
113 61.0
822 97.0
955 42.0
75 32.0
119 74.0
871 24.0
533 5.0
76 85.0
180 51.0
185 38.0
114 82.0
280 73.0
392 3.0
909 11.0
944 93.0
557 57.0
538 41.0
997 45.0
107 53.0
927 23.0
993 75.0
115 24.0
926 47.0
168 1.0
381 40.0
319 69.0
812 18.0
189 59.0
278 9.0
94 91.0
118 92.0
315 14.0
116 99.0
216 44.0
966 84.0
333 26.0
983 4.0
914 15.0
297 21.0
79 13.0
558 57.0
666 4.0
117 23.0
774 57.0
519 34.0
719 36.0
694 4.0
148 14.0
225 82.0
171 66.0
331 50.0
748 23.0
847 61.0
118 40.0
225 80.0
188 48.0
457 13.0
174 19.0
758 83.0
767 17.0
187 77.0
150 76.0
236 81.0
470 60.0
438 79.0
125 26.0
359 89.0
119 77.0
436 16.0
541 66.0
671 36.0
855 75.0
894 26.0
623 79.0
257 44.0
352 39.0
944 1.0
687 43.0
137 1.0
615 53.0
120 66.0
60 41.0
385 35.0
101 40.0
323 37.0
111 89.0
878 8.0
440 28.0
784 66.0
316 85.0
647 63.0
565 11.0
121 21.0
483 98.0
51 69.0
915 28.0
519 88.0
708 97.0
296 21.0
615 88.0
603 34.0
716 27.0
122 79.0
123 29.0
844 70.0
939 32.0
531 8.0
655 72.0
447 4.0
818 50.0
921 36.0
596 2.0
809 44.0
66 99.0
948 97.0
123 54.0
554 90.0
235 64.0
463 56.0
935 24.0
426 5.0
540 67.0
923 39.0
320 76.0
904 93.0
830 9.0
51 70.0
503 83.0
980 70.0
746 87.0
652 5.0
124 51.0
390 37.0
528 57.0
838 26.0
253 22.0
939 12.0
941 50.0
28 81.0
954 60.0
268 53.0
321 82.0
666 27.0
356 15.0
370 15.0
661 66.0
505 21.0
18 59.0
309 94.0
125 2.0
645 11.0
392 63.0
113 73.0
611 82.0
646 47.0
436 26.0
126 48.0
576 7.0
911 25.0
577 99.0
305 97.0
809 46.0
78 89.0
160 27.0
358 29.0
3 89.0
370 45.0
942 32.0
339 65.0
50 93.0
127 39.0
170 95.0
449 36.0
307 38.0
452 61.0
406 69.0
956 86.0
350 86.0
165 41.0
975 97.0
28 41.0
128 25.0
986 95.0
33 27.0
359 88.0
205 73.0
880 50.0
975 100.0
601 93.0
842 76.0
161 94.0
129 80.0
292 9.0
315 14.0
869 49.0
785 62.0
279 46.0
780 36.0
621 15.0
638 3.0
849 98.0
548 66.0
130 5.0
838 24.0
656 60.0
928 63.0
714 18.0
772 72.0
785 61.0
563 10.0
612 62.0
778 41.0
131 19.0
322 84.0
867 28.0
948 59.0
168 75.0
277 7.0
999 77.0
756 84.0
708 39.0
981 91.0
28 1.0
40 57.0
132 91.0
170 67.0
959 14.0
228 83.0
7 81.0
173 24.0
833 36.0
470 69.0
276 88.0
766 25.0
30 12.0
352 32.0
137 23.0
719 13.0
767 80.0
205 51.0
865 62.0
255 31.0
133 68.0
729 85.0
103 65.0
880 51.0
785 7.0
723 61.0
709 94.0
577 6.0
829 52.0
66 92.0
475 33.0
413 59.0
205 83.0
701 72.0
654 77.0
282 10.0
956 70.0
134 69.0
683 83.0
356 16.0
768 44.0
772 46.0
229 68.0
336 49.0
198 28.0
149 56.0
131 100.0
868 9.0
835 35.0
135 17.0
480 20.0
57 20.0
251 50.0
76 85.0
445 2.0
618 31.0
23 70.0
808 36.0
836 95.0
136 6.0
831 1.0
578 20.0
389 58.0
635 26.0
881 59.0
662 55.0
737 63.0
295 3.0
137 49.0
376 65.0
413 49.0
67 98.0
734 31.0
870 40.0
876 96.0
387 39.0
70 38.0
28 30.0
255 22.0
864 47.0
587 65.0
859 38.0
540 1.0
386 73.0
138 21.0
782 28.0
915 39.0
984 86.0
365 46.0
346 32.0
296 95.0
574 22.0
516 91.0
139 50.0
563 10.0
91 83.0
452 69.0
927 61.0
140 40.0
68 82.0
378 88.0
272 56.0
480 45.0
675 25.0
864 34.0
10 77.0
826 31.0
466 7.0
474 8.0
141 68.0
194 12.0
901 65.0
445 79.0
76 14.0
842 28.0
922 100.0
880 87.0
27 10.0
220 94.0
142 82.0
5 19.0
11 73.0
342 23.0
609 46.0
742 39.0
614 63.0
673 64.0
192 16.0
830 88.0
664 61.0
932 85.0
586 5.0
450 70.0
499 51.0
397 14.0
248 81.0
143 44.0
13 79.0
978 14.0
468 75.0
811 100.0
688 61.0
652 14.0
229 9.0
913 23.0
144 78.0
494 89.0
104 33.0
632 2.0
235 43.0
175 67.0
365 79.0
462 56.0
6 89.0
452 82.0
145 92.0
989 49.0
352 13.0
435 92.0
104 5.0
614 86.0
662 32.0
589 94.0
865 95.0
405 78.0
938 68.0
749 74.0
580 35.0
493 81.0
422 46.0
146 21.0
837 7.0
99 78.0
178 64.0
461 7.0
610 85.0
835 58.0
115 52.0
200 62.0
37 78.0
281 40.0
59 93.0
454 44.0
366 67.0
147 19.0
94 84.0
889 77.0
239 61.0
321 57.0
148 92.0
204 9.0
463 19.0
364 17.0
874 94.0
304 72.0
618 22.0
794 27.0
377 14.0
859 38.0
962 14.0
631 48.0
390 12.0
149 67.0
461 35.0
951 16.0
83 60.0
228 46.0
4 93.0
776 97.0
564 17.0
407 84.0
877 59.0
150 56.0
577 45.0
304 87.0
37 70.0
379 10.0
264 97.0
228 33.0
818 31.0
659 44.0
260 92.0
533 13.0
151 80.0
324 78.0
866 45.0
588 57.0
694 23.0
214 61.0
250 98.0
314 4.0
712 86.0
152 32.0
703 15.0
919 83.0
773 49.0
302 29.0
981 77.0
522 74.0
153 38.0
777 75.0
401 10.0
477 33.0
409 64.0
675 63.0
363 63.0
556 51.0
154 31.0
783 56.0
402 29.0
656 61.0
816 99.0
464 88.0
947 6.0
132 9.0
236 22.0
436 42.0
944 65.0
774 61.0
847 55.0
77 12.0
155 65.0
631 47.0
835 79.0
94 35.0
981 34.0
245 84.0
37 29.0
182 80.0
700 84.0
156 32.0
584 34.0
243 6.0
952 63.0
217 67.0
254 21.0
930 53.0
626 48.0
24 81.0
241 72.0
23 94.0
470 35.0
101 59.0
678 49.0
157 30.0
300 76.0
987 90.0
466 10.0
317 15.0
225 85.0
440 2.0
613 68.0
822 92.0
272 58.0
158 51.0
50 13.0
19 97.0
143 85.0
447 15.0
453 23.0
577 11.0
636 52.0
159 32.0
166 35.0
564 25.0
7 97.0
303 40.0
143 12.0
757 58.0
904 72.0
837 98.0
428 4.0
477 36.0
728 73.0
75 60.0
694 55.0
160 55.0
871 75.0
854 9.0
279 97.0
613 100.0
168 63.0
68 61.0
161 5.0
510 63.0
269 83.0
695 52.0
177 97.0
73 30.0
462 44.0
151 32.0
992 99.0
332 82.0
632 9.0
263 50.0
245 45.0
603 7.0
162 19.0
681 15.0
83 92.0
162 3.0
761 63.0
60 38.0
680 94.0
344 99.0
857 23.0
358 34.0
727 59.0
80 76.0
393 13.0
203 92.0
622 41.0
163 96.0
33 70.0
987 10.0
477 33.0
519 27.0
612 52.0
113 62.0
546 67.0
435 86.0
503 37.0
691 77.0
235 10.0
64 44.0
727 30.0
400 89.0
656 6.0
71 95.0
164 47.0
527 85.0
709 29.0
408 47.0
287 66.0
673 14.0
44 87.0
806 33.0
231 8.0
952 60.0
165 77.0
889 41.0
299 20.0
27 82.0
661 24.0
498 57.0
282 77.0
272 43.0
267 22.0
166 21.0
965 70.0
253 39.0
930 81.0
86 60.0
972 58.0
876 52.0
114 81.0
439 34.0
408 47.0
808 96.0
949 66.0
378 16.0
148 65.0
995 36.0
842 48.0
167 40.0
99 73.0
633 96.0
51 88.0
50 86.0
501 98.0
590 100.0
306 52.0
191 27.0
248 86.0
168 46.0
993 13.0
148 36.0
559 2.0
986 48.0
356 92.0
911 77.0
175 60.0
267 95.0
480 80.0
697 68.0
47 54.0
875 7.0
472 12.0
10 44.0
313 48.0
169 89.0
703 79.0
465 66.0
195 49.0
400 71.0
494 57.0
207 94.0
523 86.0
280 10.0
170 3.0
565 15.0
711 35.0
162 20.0
188 30.0
695 23.0
673 15.0
151 70.0
333 31.0
871 78.0
163 82.0
514 45.0
171 99.0
439 26.0
22 35.0
521 29.0
156 69.0
190 14.0
48 90.0
367 18.0
587 86.0
827 58.0
879 30.0
837 28.0
413 74.0
172 90.0
577 25.0
994 21.0
570 81.0
436 85.0
551 47.0
328 4.0
347 36.0
958 91.0
810 60.0
261 20.0
93 18.0
173 19.0
465 31.0
754 24.0
102 25.0
129 11.0
348 42.0
835 18.0
798 89.0
254 34.0
607 4.0
174 64.0
993 100.0
660 99.0
989 33.0
827 58.0
760 84.0
715 17.0
202 71.0
244 42.0
999 96.0
175 98.0
46 88.0
16 89.0
511 7.0
760 4.0
171 24.0
4 85.0
242 63.0
66 77.0
137 60.0
526 19.0
979 6.0
176 84.0
570 63.0
93 58.0
517 63.0
551 74.0
523 77.0
878 43.0
213 40.0
177 16.0
65 36.0
932 100.0
885 47.0
257 19.0
471 13.0
368 72.0
319 26.0
770 72.0
950 64.0
218 76.0
178 42.0
930 44.0
443 78.0
5 51.0
231 35.0
361 66.0
581 79.0
756 30.0
100 19.0
207 63.0
179 84.0
586 12.0
948 3.0
880 72.0
138 77.0
156 94.0
180 67.0
87 80.0
178 58.0
763 27.0
238 88.0
26 1.0
407 80.0
181 100.0
655 73.0
905 94.0
59 61.0
77 35.0
202 9.0
182 90.0
958 14.0
435 37.0
879 37.0
622 22.0
321 85.0
362 97.0
769 97.0
378 12.0
656 63.0
673 83.0
488 22.0
557 47.0
118 40.0
652 63.0
448 11.0
183 61.0
420 3.0
283 47.0
623 54.0
82 11.0
142 51.0
184 67.0
165 100.0
622 45.0
577 74.0
944 69.0
772 47.0
624 5.0
57 97.0
698 73.0
262 47.0
185 35.0
635 65.0
791 42.0
249 84.0
817 98.0
263 92.0
560 19.0
168 56.0
715 78.0
476 17.0
306 16.0
574 93.0
202 5.0
343 2.0
576 24.0
251 69.0
166 11.0
240 57.0
359 67.0
87 69.0
186 22.0
312 18.0
627 28.0
901 39.0
573 77.0
811 5.0
968 97.0
350 91.0
187 70.0
146 61.0
944 50.0
255 43.0
732 52.0
656 7.0
827 48.0
665 73.0
252 34.0
861 22.0
263 65.0
87 72.0
188 45.0
962 10.0
24 55.0
491 58.0
645 22.0
683 31.0
277 26.0
298 94.0
623 62.0
538 29.0
475 97.0
27 18.0
189 12.0
64 70.0
688 89.0
986 34.0
216 98.0
467 58.0
259 86.0
190 53.0
935 52.0
704 63.0
247 84.0
147 20.0
228 84.0
21 37.0
119 46.0
953 85.0
191 43.0
782 85.0
916 72.0
619 66.0
758 31.0
576 72.0
839 72.0
249 45.0
884 80.0
370 51.0
192 66.0
740 83.0
104 18.0
607 5.0
147 66.0
194 23.0
986 24.0
332 100.0
193 93.0
287 10.0
212 86.0
655 48.0
269 54.0
968 60.0
104 79.0
558 83.0
91 94.0
510 64.0
335 80.0
286 67.0
459 100.0
18 94.0
194 65.0
113 76.0
459 26.0
582 60.0
781 41.0
842 7.0
501 49.0
349 17.0
11 68.0
817 21.0
596 80.0
195 54.0
766 89.0
196 97.0
391 8.0
134 14.0
673 86.0
680 65.0
655 87.0
8 79.0
605 77.0
88 13.0
833 85.0
874 6.0
602 52.0
245 39.0
944 26.0
794 3.0
4 22.0
197 44.0
148 14.0
708 36.0
283 83.0
293 71.0
811 5.0
534 15.0
395 4.0
516 14.0
267 20.0
846 12.0
250 28.0
198 57.0
567 62.0
965 96.0
291 40.0
505 28.0
369 35.0
821 46.0
981 40.0
199 5.0
979 78.0
264 62.0
997 10.0
117 42.0
854 48.0
556 32.0
831 58.0
41 18.0
320 78.0
874 26.0
200 28.0
670 36.0
598 10.0
605 26.0
235 1.0
613 96.0
535 73.0
201 93.0
997 43.0
67 19.0
537 27.0
451 16.0
63 25.0
26 11.0
36 20.0
320 78.0
194 88.0
298 67.0
222 3.0
836 97.0
202 35.0
911 1.0
158 44.0
296 70.0
337 8.0
583 26.0
203 99.0
598 52.0
883 56.0
462 30.0
10 98.0
17 97.0
302 63.0
361 84.0
615 37.0
555 38.0
168 49.0
281 49.0
575 94.0
204 75.0
107 65.0
959 42.0
558 9.0
528 90.0
371 57.0
433 71.0
883 51.0
950 77.0
130 6.0
205 23.0
565 39.0
69 65.0
816 23.0
135 72.0
629 69.0
428 23.0
5 51.0
611 32.0
915 52.0
206 2.0
966 92.0
581 98.0
102 18.0
601 94.0
948 55.0
409 29.0
983 55.0
663 67.0
399 71.0
757 47.0
741 1.0
962 6.0
315 85.0
943 72.0
869 14.0
493 92.0
789 32.0
207 2.0
318 7.0
917 91.0
301 31.0
812 5.0
664 17.0
265 33.0
866 19.0
711 84.0
229 22.0
389 67.0
401 6.0
49 46.0
400 28.0
626 46.0
208 2.0
676 24.0
980 12.0
867 42.0
425 36.0
163 36.0
785 73.0
162 71.0
257 41.0
126 53.0
128 44.0
371 40.0
289 14.0
857 46.0
323 31.0
316 72.0
184 42.0
533 9.0
209 10.0
868 77.0
90 84.0
847 5.0
924 56.0
307 52.0
169 19.0
738 50.0
588 55.0
210 13.0
502 13.0
970 9.0
519 29.0
528 92.0
645 68.0
483 69.0
932 9.0
395 89.0
762 27.0
428 80.0
289 42.0
515 98.0
46 77.0
307 87.0
211 78.0
874 55.0
98 12.0
805 17.0
696 72.0
586 68.0
963 80.0
535 11.0
791 28.0
851 17.0
212 39.0
214 39.0
720 32.0
517 2.0
847 1.0
822 88.0
872 36.0
739 84.0
728 97.0
382 88.0
714 52.0
814 2.0
168 22.0
885 52.0
644 15.0
166 45.0
299 66.0
881 33.0
591 28.0
213 29.0
231 94.0
525 89.0
652 6.0
407 83.0
934 51.0
475 54.0
600 40.0
641 99.0
573 40.0
344 22.0
911 87.0
214 79.0
478 27.0
419 84.0
212 61.0
423 39.0
379 23.0
654 9.0
538 60.0
584 58.0
215 31.0
970 53.0
54 36.0
379 5.0
956 3.0
352 7.0
873 29.0
659 68.0
937 29.0
834 84.0
705 17.0
49 12.0
664 53.0
216 54.0
589 3.0
726 91.0
293 32.0
109 45.0
974 89.0
856 44.0
780 88.0
648 37.0
217 17.0
660 95.0
553 16.0
310 19.0
729 97.0
208 62.0
194 82.0
406 8.0
409 67.0
413 51.0
127 74.0
643 55.0
550 23.0
257 75.0
218 54.0
64 46.0
203 100.0
939 43.0
268 82.0
543 74.0
339 38.0
785 42.0
266 40.0
959 46.0
49 21.0
237 2.0
219 14.0
487 78.0
225 22.0
989 97.0
806 36.0
170 56.0
534 30.0
19 56.0
176 88.0
56 72.0
982 86.0
495 32.0
376 80.0
91 84.0
738 21.0
185 69.0
220 34.0
346 4.0
175 23.0
23 100.0
405 91.0
421 64.0
764 27.0
257 20.0
221 87.0
250 97.0
253 19.0
121 84.0
320 76.0
31 91.0
5 61.0
299 98.0
969 90.0
238 3.0
213 95.0
176 88.0
393 44.0
918 83.0
13 50.0
222 63.0
556 38.0
945 100.0
474 34.0
437 69.0
461 89.0
360 89.0
1 90.0
807 39.0
21 23.0
688 19.0
223 29.0
192 24.0
901 23.0
551 68.0
101 30.0
419 1.0
637 87.0
301 57.0
706 75.0
252 87.0
273 1.0
224 98.0
801 47.0
469 20.0
379 91.0
63 19.0
823 48.0
922 83.0
954 92.0
845 55.0
159 71.0
888 55.0
226 99.0
996 14.0
596 63.0
225 60.0
631 79.0
599 68.0
173 44.0
876 77.0
862 38.0
15 66.0
950 93.0
715 43.0
533 35.0
93 5.0
741 78.0
228 90.0
584 6.0
245 62.0
226 90.0
414 14.0
621 58.0
288 51.0
292 38.0
36 21.0
79 78.0
285 77.0
441 93.0
413 73.0
477 67.0
187 61.0
855 52.0
739 14.0
227 38.0
622 77.0
113 72.0
641 87.0
490 56.0
903 83.0
625 76.0
635 71.0
48 45.0
196 43.0
366 44.0
823 54.0
557 40.0
11 26.0
554 54.0
228 48.0
343 58.0
719 73.0
445 34.0
431 59.0
559 93.0
676 64.0
678 24.0
452 25.0
749 44.0
995 43.0
16 27.0
211 61.0
665 37.0
229 66.0
453 69.0
269 76.0
313 49.0
426 81.0
535 4.0
645 96.0
481 4.0
201 96.0
416 26.0
84 49.0
854 84.0
230 64.0
232 62.0
812 17.0
167 92.0
108 35.0
100 37.0
21 2.0
599 76.0
624 18.0
277 18.0
273 15.0
618 92.0
512 57.0
162 50.0
231 33.0
581 11.0
514 15.0
765 49.0
808 6.0
257 90.0
53 1.0
55 69.0
554 97.0
349 72.0
232 47.0
570 75.0
24 100.0
781 59.0
258 76.0
920 91.0
430 32.0
176 58.0
126 4.0
415 55.0
233 69.0
966 63.0
414 88.0
318 42.0
742 38.0
520 31.0
584 60.0
466 72.0
601 32.0
164 19.0
234 7.0
386 80.0
664 18.0
26 38.0
773 35.0
43 78.0
577 56.0
439 77.0
141 21.0
228 62.0
886 89.0
674 60.0
295 95.0
235 52.0
721 96.0
45 61.0
567 94.0
320 39.0
356 24.0
7 39.0
19 62.0
20 3.0
236 63.0
176 31.0
203 9.0
550 20.0
375 70.0
122 70.0
391 68.0
256 57.0
380 60.0
667 33.0
924 8.0
237 85.0
130 1.0
858 11.0
641 4.0
824 83.0
262 75.0
159 55.0
97 25.0
457 19.0
741 98.0
77 61.0
965 29.0
912 90.0
103 26.0
430 87.0
399 58.0
238 98.0
440 9.0
947 48.0
876 95.0
226 50.0
458 26.0
857 59.0
636 59.0
683 8.0
998 16.0
279 7.0
30 55.0
232 22.0
239 30.0
458 47.0
278 56.0
542 52.0
153 37.0
364 18.0
916 30.0
36 76.0
931 77.0
422 60.0
240 27.0
37 19.0
412 24.0
141 26.0
809 23.0
432 65.0
241 36.0
965 92.0
764 80.0
390 56.0
7 5.0
130 74.0
359 86.0
900 4.0
317 87.0
242 81.0
434 2.0
920 27.0
318 66.0
592 73.0
220 29.0
294 25.0
38 63.0
150 70.0
297 58.0
201 1.0
677 26.0
701 27.0
457 2.0
926 71.0
950 75.0
541 81.0
799 24.0
1 54.0
848 86.0
176 35.0
243 16.0
24 84.0
8 29.0
867 21.0
544 69.0
219 15.0
890 37.0
360 35.0
966 49.0
572 10.0
215 17.0
413 21.0
859 76.0
999 70.0
244 54.0
538 82.0
974 16.0
704 76.0
837 51.0
892 94.0
334 1.0
245 75.0
839 33.0
13 28.0
586 99.0
38 93.0
875 97.0
392 90.0
338 73.0
76 65.0
570 15.0
679 94.0
662 94.0
896 16.0
206 59.0
246 52.0
154 25.0
518 79.0
958 43.0
718 13.0
268 16.0
870 78.0
505 25.0
556 33.0
577 11.0
996 15.0
92 69.0
247 54.0
400 84.0
910 37.0
613 27.0
198 89.0
66 31.0
473 30.0
675 99.0
383 81.0
248 56.0
286 42.0
393 35.0
991 1.0
587 16.0
383 84.0
743 69.0
169 22.0
96 58.0
662 99.0
249 66.0
484 51.0
890 82.0
849 98.0
882 46.0
778 93.0
259 76.0
452 11.0
142 28.0
450 93.0
250 83.0
918 92.0
610 15.0
657 50.0
152 90.0
559 14.0
214 57.0
164 55.0
346 7.0
620 30.0
679 98.0
379 61.0
319 39.0
251 11.0
742 40.0
140 15.0
670 75.0
696 67.0
54 34.0
854 9.0
833 60.0
893 68.0
349 35.0
252 61.0
853 81.0
630 52.0
306 49.0
949 39.0
198 95.0
415 71.0
150 47.0
751 39.0
253 80.0
248 32.0
879 57.0
974 67.0
305 43.0
976 82.0
33 56.0
181 36.0
390 70.0
764 22.0
311 66.0
579 88.0
723 81.0
866 50.0
237 88.0
801 60.0
393 41.0
71 6.0
254 32.0
888 71.0
497 97.0
338 28.0
143 44.0
658 56.0
843 6.0
748 66.0
864 23.0
255 50.0
442 5.0
736 74.0
520 54.0
810 78.0
179 76.0
693 91.0
53 77.0
13 24.0
911 17.0
649 56.0
373 30.0
957 24.0
729 67.0
256 99.0
39 87.0
891 71.0
113 15.0
585 10.0
495 19.0
74 59.0
257 48.0
964 88.0
315 86.0
945 16.0
108 43.0
677 29.0
60 32.0
258 68.0
100 97.0
748 20.0
155 96.0
375 15.0
822 33.0
617 66.0
980 65.0
259 1.0
957 55.0
304 56.0
268 65.0
529 92.0
181 46.0
572 83.0
260 12.0
88 51.0
549 76.0
817 65.0
552 53.0
347 98.0
322 46.0
717 12.0
747 78.0
679 85.0
241 30.0
130 61.0
261 1.0
667 44.0
621 53.0
776 40.0
519 38.0
325 37.0
606 79.0
979 23.0
851 71.0
262 79.0
202 86.0
189 24.0
445 22.0
850 33.0
491 55.0
992 54.0
175 92.0
225 77.0
116 6.0
285 76.0
263 72.0
658 51.0
761 66.0
51 51.0
686 92.0
235 97.0
774 66.0
112 85.0
29 57.0
264 16.0
605 39.0
528 82.0
138 71.0
556 99.0
578 89.0
308 76.0
576 9.0
486 46.0
779 43.0
353 73.0
770 93.0
265 86.0
170 79.0
970 41.0
146 38.0
732 53.0
865 42.0
344 39.0
645 49.0
372 79.0
388 20.0
882 49.0
216 16.0
266 35.0
523 89.0
851 98.0
95 93.0
647 1.0
630 16.0
979 8.0
267 90.0
327 66.0
43 14.0
654 4.0
316 88.0
970 43.0
143 4.0
268 40.0
968 61.0
1 34.0
913 26.0
753 24.0
616 4.0
187 56.0
352 6.0
137 58.0
351 61.0
996 75.0
269 29.0
385 11.0
988 84.0
184 55.0
899 77.0
522 51.0
372 99.0
274 64.0
987 82.0
605 25.0
504 5.0
270 29.0
451 96.0
612 43.0
561 22.0
960 6.0
419 14.0
196 77.0
199 12.0
115 73.0
271 34.0
889 95.0
57 88.0
910 15.0
24 31.0
383 78.0
163 1.0
339 51.0
181 5.0
109 65.0
647 83.0
470 25.0
272 20.0
522 37.0
116 52.0
805 67.0
606 75.0
60 38.0
996 55.0
386 96.0
273 76.0
223 66.0
935 54.0
948 98.0
646 42.0
702 14.0
816 21.0
43 69.0
11 2.0
82 93.0
344 2.0
574 52.0
274 72.0
311 6.0
23 74.0
127 99.0
620 28.0
930 47.0
420 5.0
27 39.0
659 45.0
535 36.0
366 97.0
658 49.0
171 50.0
275 7.0
524 18.0
160 72.0
650 67.0
208 41.0
767 10.0
499 63.0
276 76.0
89 53.0
195 33.0
459 47.0
4 52.0
635 86.0
209 54.0
913 77.0
292 41.0
73 81.0
378 31.0
277 38.0
802 43.0
284 84.0
612 14.0
775 19.0
616 40.0
757 36.0
773 46.0
527 1.0
720 63.0
932 80.0
418 55.0
293 23.0
132 21.0
546 68.0
279 64.0
278 2.0
195 66.0
636 40.0
468 87.0
575 9.0
296 65.0
770 54.0
977 13.0
279 96.0
771 14.0
613 59.0
890 70.0
971 57.0
864 10.0
244 2.0
545 18.0
692 53.0
615 79.0
553 15.0
280 63.0
788 87.0
879 73.0
498 88.0
532 94.0
632 78.0
254 35.0
281 72.0
700 71.0
97 5.0
932 78.0
269 69.0
165 75.0
487 83.0
842 54.0
282 66.0
975 86.0
338 35.0
957 5.0
452 32.0
836 95.0
569 15.0
401 68.0
729 68.0
184 60.0
814 48.0
414 75.0
505 48.0
228 32.0
283 68.0
535 86.0
242 20.0
403 66.0
6 100.0
936 11.0
877 97.0
284 85.0
322 94.0
624 4.0
687 7.0
36 50.0
285 92.0
107 2.0
101 51.0
135 47.0
95 91.0
367 77.0
859 54.0
479 91.0
606 1.0
981 9.0
136 35.0
728 11.0
428 30.0
365 32.0
286 85.0
779 72.0
186 58.0
513 72.0
991 98.0
287 52.0
911 38.0
683 62.0
873 87.0
386 52.0
25 67.0
550 33.0
60 41.0
57 58.0
796 3.0
504 62.0
160 100.0
385 86.0
288 53.0
262 3.0
479 96.0
907 86.0
703 17.0
55 7.0
613 58.0
289 46.0
597 82.0
723 94.0
163 50.0
305 48.0
881 96.0
265 16.0
543 30.0
553 60.0
289 80.0
446 11.0
673 2.0
681 14.0
882 67.0
844 80.0
501 22.0
975 40.0
662 91.0
447 10.0
290 44.0
490 37.0
717 69.0
449 75.0
123 54.0
528 41.0
148 56.0
159 56.0
912 15.0
271 52.0
60 58.0
291 57.0
439 87.0
782 99.0
858 24.0
819 52.0
176 77.0
584 70.0
500 88.0
743 89.0
598 57.0
237 68.0
515 60.0
140 70.0
292 95.0
387 47.0
159 83.0
598 56.0
935 33.0
519 79.0
151 58.0
515 48.0
588 56.0
758 76.0
293 42.0
753 55.0
847 21.0
932 68.0
476 46.0
985 7.0
14 47.0
385 27.0
434 40.0
1000 29.0
291 59.0
294 60.0
410 23.0
247 83.0
355 61.0
66 24.0
245 89.0
821 3.0
488 30.0
121 81.0
295 46.0
575 15.0
41 13.0
503 37.0
717 57.0
792 68.0
628 82.0
296 69.0
432 52.0
423 9.0
68 67.0
601 93.0
380 29.0
687 31.0
108 59.0
92 75.0
991 76.0
297 24.0
3 39.0
239 86.0
55 28.0
771 2.0
974 64.0
868 52.0
185 66.0
454 84.0
160 6.0
714 7.0
387 90.0
298 63.0
675 79.0
744 79.0
114 88.0
701 21.0
730 52.0
948 62.0
588 58.0
813 37.0
831 41.0
561 3.0
861 53.0
668 6.0
473 42.0
299 64.0
507 54.0
363 12.0
609 2.0
355 29.0
809 7.0
998 70.0
486 26.0
300 29.0
627 3.0
498 59.0
315 72.0
1000 43.0
721 43.0
925 50.0
77 29.0
553 55.0
306 66.0
31 49.0
895 95.0
517 13.0
509 34.0
647 36.0
912 22.0
504 49.0
939 94.0
301 19.0
63 8.0
671 94.0
250 65.0
516 48.0
668 57.0
223 59.0
487 67.0
302 47.0
60 61.0
661 30.0
538 82.0
158 67.0
153 39.0
126 11.0
837 3.0
132 16.0
303 40.0
122 59.0
494 53.0
938 8.0
24 92.0
253 77.0
937 92.0
350 26.0
304 25.0
547 63.0
579 65.0
875 48.0
266 52.0
83 64.0
342 36.0
586 67.0
468 40.0
968 45.0
305 97.0
798 19.0
801 83.0
438 94.0
703 47.0
827 64.0
913 86.0
13 81.0
725 72.0
152 61.0
11 28.0
263 60.0
242 43.0
306 7.0
120 68.0
732 50.0
58 6.0
723 96.0
307 3.0
216 48.0
986 24.0
441 92.0
231 17.0
70 28.0
115 63.0
622 35.0
970 17.0
144 57.0
104 41.0
494 27.0
308 62.0
386 1.0
873 71.0
375 48.0
690 57.0
958 21.0
728 81.0
697 32.0
664 40.0
194 49.0
367 98.0
893 70.0
309 9.0
405 75.0
902 24.0
73 47.0
906 75.0
728 70.0
914 57.0
207 9.0
614 37.0
211 89.0
401 46.0
989 66.0
98 41.0
467 52.0
144 53.0
497 11.0
310 6.0
560 56.0
533 65.0
21 39.0
538 4.0
201 93.0
598 75.0
512 77.0
366 4.0
311 37.0
59 89.0
658 100.0
757 19.0
880 5.0
999 71.0
272 68.0
65 99.0
87 54.0
108 90.0
919 38.0
878 83.0
44 78.0
312 80.0
242 63.0
443 84.0
479 1.0
274 30.0
145 69.0
809 2.0
861 55.0
384 72.0
594 81.0
161 20.0
959 12.0
313 54.0
690 56.0
287 96.0
722 16.0
165 4.0
571 44.0
329 96.0
812 11.0
328 21.0
976 100.0
375 26.0
629 29.0
382 74.0
612 91.0
314 70.0
780 50.0
460 95.0
316 62.0
608 61.0
888 6.0
348 41.0
918 64.0
951 17.0
37 59.0
315 20.0
710 21.0
17 58.0
210 34.0
408 8.0
401 91.0
491 90.0
485 67.0
693 27.0
450 1.0
105 3.0
316 96.0
622 27.0
963 47.0
686 33.0
898 51.0
518 73.0
837 64.0
491 20.0
850 2.0
721 96.0
305 47.0
317 65.0
51 75.0
795 20.0
389 36.0
450 50.0
52 2.0
407 59.0
549 76.0
605 47.0
318 92.0
890 81.0
838 96.0
850 36.0
762 95.0
826 7.0
319 88.0
716 13.0
687 37.0
775 85.0
964 90.0
176 41.0
319 84.0
317 6.0
264 1.0
789 4.0
672 93.0
320 86.0
865 63.0
918 99.0
359 26.0
365 62.0
975 93.0
909 7.0
435 50.0
505 36.0
891 42.0
996 69.0
661 65.0
598 46.0
321 54.0
911 59.0
821 94.0
312 21.0
547 27.0
609 25.0
24 79.0
861 100.0
132 32.0
799 85.0
115 89.0
322 44.0
757 21.0
616 19.0
529 53.0
654 67.0
756 81.0
158 37.0
949 4.0
323 62.0
666 37.0
266 13.0
532 26.0
902 82.0
713 43.0
128 32.0
669 6.0
417 99.0
996 29.0
741 92.0
877 95.0
324 29.0
67 85.0
114 89.0
300 8.0
822 63.0
233 40.0
457 1.0
734 74.0
709 64.0
548 55.0
171 45.0
90 41.0
325 47.0
310 98.0
644 59.0
375 94.0
974 85.0
925 55.0
611 90.0
304 57.0
345 67.0
284 23.0
326 97.0
669 98.0
542 30.0
337 1.0
582 76.0
753 53.0
845 56.0
651 14.0
6 2.0
209 29.0
714 98.0
327 39.0
595 33.0
877 70.0
583 77.0
878 33.0
398 44.0
280 80.0
434 97.0
366 73.0
424 38.0
200 39.0
471 9.0
328 49.0
772 6.0
970 77.0
914 2.0
611 53.0
156 24.0
637 29.0
49 20.0
189 22.0
469 33.0
329 30.0
221 35.0
727 49.0
440 65.0
68 70.0
320 31.0
807 45.0
18 51.0
681 85.0
172 67.0
314 99.0
394 8.0
521 10.0
387 30.0
987 79.0
884 77.0
330 95.0
278 82.0
103 16.0
89 60.0
778 88.0
601 40.0
767 14.0
236 36.0
398 91.0
589 55.0
623 35.0
500 8.0
331 89.0
869 41.0
223 24.0
600 2.0
912 74.0
84 56.0
708 13.0
527 30.0
21 22.0
332 57.0
636 14.0
825 63.0
479 56.0
375 62.0
267 19.0
37 45.0
333 86.0
978 69.0
255 8.0
569 86.0
774 74.0
334 67.0
559 100.0
483 23.0
892 34.0
763 25.0
287 59.0
273 74.0
307 28.0
540 36.0
335 50.0
117 94.0
97 63.0
426 66.0
992 70.0
891 41.0
156 80.0
648 70.0
202 68.0
260 38.0
132 4.0
143 4.0
336 44.0
397 77.0
207 14.0
21 40.0
299 27.0
196 10.0
749 70.0
944 46.0
337 40.0
53 73.0
916 44.0
510 66.0
54 91.0
798 35.0
728 41.0
932 24.0
90 57.0
252 22.0
58 54.0
554 96.0
338 78.0
728 62.0
762 77.0
495 16.0
41 42.0
183 8.0
733 67.0
415 31.0
516 80.0
7 4.0
339 28.0
102 65.0
640 8.0
631 87.0
263 53.0
786 3.0
502 50.0
898 59.0
379 72.0
340 67.0
74 95.0
504 9.0
697 66.0
881 25.0
355 4.0
160 89.0
828 94.0
534 33.0
957 98.0
67 10.0
953 62.0
452 28.0
822 81.0
888 18.0
638 85.0
426 9.0
535 16.0
341 74.0
960 38.0
216 47.0
623 27.0
561 26.0
61 46.0
950 5.0
793 70.0
342 29.0
687 43.0
540 33.0
153 6.0
454 45.0
72 50.0
310 13.0
518 1.0
857 80.0
343 24.0
788 74.0
757 55.0
981 70.0
848 99.0
54 72.0
368 68.0
764 87.0
201 37.0
808 86.0
48 7.0
1000 12.0
157 2.0
260 28.0
938 33.0
664 66.0
344 49.0
418 33.0
398 87.0
485 7.0
720 81.0
46 88.0
382 46.0
940 98.0
22 100.0
862 68.0
345 41.0
499 39.0
434 24.0
263 84.0
837 50.0
346 47.0
860 31.0
654 40.0
517 34.0
804 23.0
361 2.0
249 81.0
221 77.0
250 84.0
306 48.0
727 83.0
347 40.0
949 87.0
906 35.0
974 65.0
427 51.0
981 57.0
812 98.0
948 32.0
760 1.0
137 88.0
311 73.0
358 69.0
647 58.0
836 98.0
889 42.0
348 7.0
789 23.0
494 46.0
170 100.0
861 52.0
628 32.0
413 3.0
6 83.0
550 17.0
859 3.0
620 43.0
682 5.0
702 35.0
359 22.0
349 94.0
532 73.0
87 42.0
186 65.0
770 6.0
957 94.0
973 23.0
41 39.0
206 14.0
355 60.0
494 80.0
896 48.0
646 13.0
350 17.0
532 100.0
175 65.0
576 90.0
19 74.0
536 38.0
117 98.0
949 13.0
408 23.0
351 49.0
899 76.0
909 6.0
432 7.0
775 24.0
305 33.0
564 30.0
352 85.0
133 81.0
207 82.0
139 21.0
356 32.0
278 25.0
483 74.0
731 46.0
353 74.0
988 79.0
377 74.0
258 6.0
689 94.0
717 6.0
565 35.0
842 79.0
354 91.0
203 26.0
483 21.0
325 26.0
682 44.0
918 73.0
52 71.0
54 4.0
205 67.0
646 76.0
798 86.0
924 71.0
629 76.0
355 15.0
820 39.0
611 20.0
345 6.0
302 88.0
582 72.0
671 7.0
23 20.0
101 7.0
571 38.0
543 80.0
356 91.0
655 71.0
629 29.0
587 63.0
402 93.0
976 75.0
519 48.0
622 55.0
273 95.0
907 42.0
555 44.0
433 11.0
683 63.0
588 18.0
357 28.0
292 32.0
355 20.0
216 76.0
552 87.0
923 92.0
230 83.0
281 1.0
347 92.0
962 42.0
280 15.0
358 51.0
614 96.0
797 58.0
262 26.0
121 100.0
417 57.0
889 6.0
179 52.0
891 94.0
692 42.0
384 12.0
114 46.0
359 84.0
722 36.0
447 93.0
577 28.0
938 72.0
83 83.0
720 59.0
572 83.0
704 36.0
284 20.0
942 79.0
347 93.0
360 17.0
606 16.0
602 24.0
767 87.0
855 81.0
221 7.0
20 73.0
36 49.0
119 27.0
631 36.0
313 19.0
904 65.0
887 100.0
521 63.0
361 68.0
34 43.0
869 79.0
487 80.0
230 81.0
508 96.0
760 57.0
961 87.0
150 59.0
362 60.0
657 65.0
658 31.0
586 49.0
94 37.0
248 5.0
606 65.0
743 23.0
50 32.0
267 24.0
30 37.0
152 78.0
423 36.0
571 82.0
381 27.0
690 36.0
147 57.0
363 47.0
279 29.0
975 16.0
167 1.0
591 14.0
264 3.0
344 23.0
761 53.0
825 67.0
613 69.0
786 12.0
478 88.0
36 92.0
512 78.0
384 65.0
496 65.0
364 31.0
461 50.0
148 85.0
937 95.0
755 37.0
793 37.0
997 65.0
920 2.0
423 34.0
506 48.0
838 74.0
590 66.0
365 70.0
90 95.0
749 3.0
158 24.0
96 41.0
905 76.0
211 64.0
325 34.0
59 85.0
856 78.0
171 48.0
458 58.0
366 18.0
909 5.0
84 86.0
652 91.0
851 8.0
207 2.0
190 17.0
609 43.0
507 18.0
849 61.0
631 77.0
191 47.0
367 31.0
636 33.0
266 1.0
399 86.0
438 76.0
425 26.0
661 44.0
238 56.0
611 12.0
938 84.0
368 98.0
623 79.0
870 85.0
788 34.0
215 77.0
408 56.0
447 87.0
968 8.0
841 40.0
332 38.0
557 50.0
821 30.0
259 40.0
72 62.0
845 28.0
369 48.0
733 49.0
150 89.0
382 3.0
589 73.0
204 16.0
131 99.0
433 81.0
81 36.0
407 30.0
535 5.0
776 87.0
950 49.0
112 17.0
790 11.0
888 94.0
23 90.0
861 10.0
130 27.0
966 50.0
370 57.0
874 62.0
54 100.0
728 35.0
455 50.0
117 13.0
282 56.0
744 22.0
880 68.0
125 37.0
575 68.0
260 99.0
371 95.0
436 99.0
257 58.0
330 36.0
318 71.0
624 70.0
486 39.0
729 55.0
291 11.0
186 68.0
212 43.0
372 92.0
37 58.0
476 64.0
835 1.0
154 80.0
257 73.0
903 22.0
752 55.0
420 56.0
775 94.0
373 65.0
21 60.0
108 63.0
756 29.0
674 91.0
702 74.0
542 68.0
624 83.0
847 17.0
374 93.0
73 26.0
391 58.0
15 27.0
575 62.0
770 80.0
401 24.0
596 37.0
874 7.0
699 64.0
302 93.0
131 83.0
710 8.0
345 82.0
332 29.0
518 73.0
375 10.0
489 28.0
421 98.0
315 38.0
34 33.0
482 86.0
464 94.0
908 37.0
520 82.0
241 66.0
388 92.0
686 22.0
180 6.0
234 93.0
856 5.0
451 26.0
376 57.0
959 19.0
873 77.0
724 78.0
238 90.0
24 32.0
560 28.0
241 76.0
19 26.0
943 10.0
79 59.0
92 58.0
461 86.0
182 26.0
377 46.0
592 78.0
244 88.0
873 87.0
822 82.0
378 90.0
242 65.0
928 95.0
538 10.0
542 77.0
475 14.0
20 3.0
727 35.0
953 50.0
379 63.0
540 12.0
528 71.0
145 46.0
495 66.0
375 38.0
523 22.0
262 60.0
994 96.0
815 78.0
125 83.0
496 34.0
799 71.0
46 56.0
933 38.0
658 15.0
780 51.0
380 93.0
143 95.0
188 48.0
900 70.0
742 2.0
268 40.0
137 100.0
103 1.0
105 15.0
381 39.0
995 95.0
435 33.0
852 58.0
855 25.0
441 31.0
279 48.0
581 97.0
34 13.0
426 57.0
382 49.0
410 56.0
63 67.0
382 40.0
537 31.0
395 86.0
551 62.0
452 45.0
810 20.0
475 1.0
515 2.0
750 84.0
442 3.0
383 75.0
754 91.0
201 57.0
352 30.0
662 21.0
878 74.0
156 75.0
166 27.0
910 63.0
358 34.0
647 82.0
511 42.0
364 63.0
384 23.0
637 51.0
307 87.0
921 74.0
811 11.0
347 6.0
30 39.0
235 57.0
594 99.0
202 52.0
499 89.0
687 29.0
385 38.0
911 51.0
490 57.0
847 60.0
148 36.0
546 55.0
853 32.0
712 23.0
97 38.0
378 98.0
386 73.0
849 77.0
684 20.0
786 57.0
449 53.0
149 60.0
441 4.0
205 22.0
185 22.0
796 36.0
72 68.0
664 28.0
501 72.0
454 14.0
233 1.0
364 40.0
387 33.0
32 66.0
947 66.0
908 66.0
713 1.0
209 25.0
191 95.0
245 85.0
83 92.0
440 66.0
893 66.0
24 86.0
5 78.0
886 75.0
388 91.0
244 88.0
196 65.0
207 48.0
310 23.0
515 97.0
551 55.0
411 88.0
431 4.0
229 62.0
118 75.0
86 17.0
920 26.0
389 20.0
566 29.0
493 66.0
810 3.0
56 28.0
320 25.0
663 73.0
844 100.0
323 90.0
947 70.0
387 61.0
733 32.0
853 25.0
390 52.0
507 60.0
816 65.0
571 85.0
698 81.0
630 82.0
917 20.0
454 46.0
479 19.0
466 14.0
644 25.0
391 84.0
53 15.0
922 79.0
846 40.0
367 30.0
958 98.0
85 46.0
675 66.0
180 22.0
182 2.0
487 77.0
618 53.0
387 6.0
392 21.0
509 47.0
943 28.0
87 2.0
830 86.0
998 9.0
748 60.0
73 35.0
618 83.0
692 7.0
28 57.0
393 32.0
462 80.0
380 13.0
140 42.0
109 19.0
304 86.0
978 81.0
729 31.0
322 4.0
160 25.0
86 64.0
537 68.0
810 97.0
933 53.0
394 37.0
551 78.0
917 13.0
414 34.0
251 53.0
476 23.0
395 5.0
227 69.0
895 28.0
417 48.0
993 8.0
980 94.0
602 17.0
6 79.0
337 49.0
608 54.0
643 67.0
396 22.0
883 41.0
454 73.0
421 26.0
57 12.0
851 17.0
332 100.0
143 94.0
84 52.0
691 91.0
289 84.0
56 23.0
359 12.0
397 68.0
72 17.0
738 7.0
207 44.0
991 19.0
49 94.0
398 10.0
713 67.0
218 70.0
851 13.0
327 71.0
399 2.0
510 28.0
312 75.0
368 54.0
871 20.0
224 76.0
232 65.0
653 93.0
434 9.0
10 64.0
835 87.0
400 62.0
158 6.0
199 23.0
337 18.0
297 64.0
260 18.0
639 33.0
119 69.0
941 20.0
1 44.0
401 11.0
487 54.0
684 95.0
18 45.0
637 44.0
980 3.0
784 50.0
971 48.0
51 33.0
338 73.0
652 11.0
755 75.0
723 8.0
173 69.0
402 40.0
134 47.0
547 12.0
569 97.0
356 54.0
360 2.0
54 82.0
184 15.0
426 69.0
403 80.0
303 70.0
230 77.0
888 88.0
947 39.0
92 29.0
16 13.0
151 71.0
339 34.0
327 81.0
404 13.0
13 10.0
986 91.0
353 26.0
340 2.0
714 55.0
830 53.0
82 76.0
127 15.0
832 22.0
51 78.0
254 29.0
996 65.0
461 15.0
407 95.0
35 63.0
412 11.0
375 81.0
405 58.0
262 40.0
819 41.0
834 60.0
539 70.0
572 35.0
871 25.0
450 55.0
531 59.0
415 72.0
406 8.0
721 14.0
168 4.0
687 65.0
499 73.0
432 16.0
119 96.0
370 28.0
22 74.0
145 37.0
858 84.0
407 41.0
33 13.0
409 37.0
510 15.0
154 29.0
783 61.0
324 28.0
365 8.0
69 71.0
839 43.0
408 54.0
115 15.0
185 55.0
675 16.0
837 80.0
88 27.0
880 5.0
319 20.0
339 1.0
713 41.0
637 63.0
890 96.0
401 61.0
494 39.0
843 5.0
409 93.0
519 40.0
407 82.0
909 82.0
115 94.0
278 73.0
926 55.0
644 5.0
68 66.0
111 86.0
521 26.0
965 59.0
410 33.0
323 52.0
926 11.0
119 1.0
436 50.0
441 53.0
364 84.0
411 93.0
606 16.0
707 98.0
940 32.0
895 21.0
702 28.0
252 50.0
959 40.0
412 25.0
754 44.0
406 77.0
285 72.0
554 27.0
958 69.0
747 9.0
451 66.0
805 38.0
23 92.0
783 94.0
413 10.0
162 56.0
735 30.0
348 20.0
838 77.0
494 43.0
328 9.0
736 94.0
386 81.0
44 40.0
106 49.0
414 61.0
837 97.0
707 9.0
960 26.0
572 96.0
415 26.0
821 93.0
404 6.0
342 72.0
540 9.0
762 33.0
339 74.0
351 19.0
102 51.0
503 93.0
611 36.0
727 24.0
148 30.0
416 80.0
134 82.0
443 95.0
363 45.0
43 61.0
932 6.0
847 10.0
270 89.0
524 38.0
417 75.0
165 79.0
658 91.0
696 70.0
920 45.0
231 39.0
666 31.0
611 55.0
911 82.0
479 13.0
687 3.0
284 2.0
418 18.0
290 55.0
621 27.0
43 37.0
827 65.0
538 94.0
236 12.0
168 4.0
419 68.0
143 32.0
536 27.0
183 25.0
928 23.0
184 24.0
88 90.0
420 98.0
790 78.0
441 88.0
602 30.0
967 42.0
365 44.0
673 36.0
227 39.0
932 47.0
82 1.0
509 53.0
62 12.0
421 71.0
995 64.0
968 89.0
134 84.0
10 18.0
952 14.0
257 68.0
960 96.0
162 91.0
997 41.0
916 70.0
396 62.0
284 93.0
401 22.0
771 61.0
888 63.0
422 19.0
470 52.0
985 25.0
78 92.0
885 47.0
182 48.0
903 87.0
465 78.0
369 7.0
792 47.0
423 39.0
19 53.0
775 79.0
417 24.0
573 27.0
382 96.0
792 46.0
591 35.0
800 30.0
275 52.0
496 74.0
981 92.0
598 33.0
424 45.0
812 39.0
243 4.0
753 23.0
814 30.0
898 69.0
407 34.0
941 79.0
866 38.0
223 55.0
911 67.0
425 93.0
812 79.0
258 65.0
55 61.0
830 73.0
103 16.0
729 32.0
305 71.0
230 53.0
359 63.0
683 33.0
3 54.0
446 72.0
682 83.0
233 91.0
426 71.0
182 79.0
721 79.0
903 99.0
540 10.0
84 14.0
790 90.0
581 14.0
74 15.0
727 40.0
731 13.0
427 3.0
403 49.0
652 60.0
3 49.0
657 14.0
381 6.0
787 81.0
418 70.0
831 79.0
532 67.0
142 11.0
135 67.0
56 59.0
938 1.0
490 46.0
929 22.0
453 50.0
428 3.0
249 100.0
955 12.0
373 76.0
967 63.0
75 35.0
919 9.0
930 21.0
525 13.0
694 3.0
178 77.0
341 32.0
831 8.0
49 23.0
775 81.0
488 33.0
429 97.0
888 73.0
5 32.0
752 37.0
653 23.0
321 43.0
76 38.0
766 23.0
86 51.0
355 57.0
897 62.0
763 45.0
941 55.0
174 41.0
440 6.0
430 82.0
824 34.0
868 80.0
287 3.0
24 28.0
452 31.0
784 11.0
431 48.0
358 65.0
409 2.0
872 56.0
149 94.0
498 79.0
814 62.0
17 40.0
321 60.0
573 9.0
432 14.0
390 86.0
82 6.0
411 10.0
829 93.0
890 22.0
797 45.0
924 85.0
13 73.0
282 52.0
884 38.0
736 75.0
47 86.0
452 63.0
226 56.0
433 47.0
408 37.0
469 15.0
876 78.0
742 71.0
706 94.0
76 60.0
724 48.0
139 53.0
434 87.0
462 19.0
422 90.0
607 89.0
442 67.0
680 26.0
852 44.0
104 89.0
165 66.0
238 10.0
290 82.0
708 26.0
354 52.0
239 61.0
839 1.0
435 5.0
702 99.0
795 29.0
339 38.0
805 45.0
228 44.0
134 100000.0
257 68.0
298 31.0
472 49.0
436 69.0
130 22.0
218 61.0
979 38.0
36 78.0
123 5.0
184 60.0
389 21.0
177 8.0
913 3.0
865 70.0
437 54.0
988 96.0
222 30.0
898 79.0
124 19.0
218 56.0
427 100.0
484 4.0
958 39.0
404 71.0
284 73.0
340 15.0
820 56.0
438 70.0
983 1.0
788 4.0
791 32.0
680 69.0
882 62.0
372 34.0
596 92.0
773 34.0
175 81.0
706 44.0
439 18.0
830 90.0
312 65.0
252 92.0
100 48.0
817 79.0
307 31.0
722 34.0
679 5.0
52 72.0
440 93.0
1000 18.0
217 13.0
152 79.0
701 68.0
213 42.0
679 56.0
399 71.0
947 31.0
897 19.0
441 26.0
998 9.0
924 8.0
229 77.0
656 75.0
740 91.0
591 91.0
979 65.0
384 62.0
703 86.0
887 47.0
442 25.0
950 40.0
972 99.0
356 27.0
967 86.0
376 41.0
135 93.0
590 21.0
209 54.0
223 57.0
951 49.0
829 76.0
827 1.0
443 52.0
310 35.0
666 100.0
297 77.0
784 27.0
465 85.0
661 71.0
59 80.0
49 67.0
444 90.0
306 63.0
664 37.0
591 68.0
411 33.0
14 30.0
263 21.0
928 22.0
178 45.0
467 45.0
4 46.0
695 100.0
580 23.0
445 5.0
926 17.0
946 34.0
228 46.0
199 72.0
686 34.0
111 94.0
240 30.0
617 17.0
732 82.0
446 3.0
865 30.0
402 40.0
368 3.0
307 65.0
979 59.0
925 63.0
897 10.0
75 60.0
529 33.0
604 61.0
447 70.0
43 77.0
90 92.0
108 31.0
278 36.0
911 94.0
737 39.0
977 22.0
525 48.0
922 70.0
160 43.0
73 51.0
425 76.0
131 25.0
448 72.0
233 55.0
815 96.0
280 32.0
863 90.0
10 52.0
631 57.0
698 72.0
933 63.0
62 96.0
449 45.0
432 62.0
645 33.0
259 64.0
701 21.0
366 61.0
571 67.0
892 61.0
769 32.0
942 1.0
513 92.0
533 86.0
450 54.0
793 72.0
367 54.0
694 24.0
145 9.0
446 100.0
234 16.0
148 41.0
664 87.0
451 3.0
429 82.0
755 63.0
414 20.0
180 65.0
899 38.0
434 61.0
51 50.0
459 59.0
166 6.0
953 43.0
777 98.0
738 6.0
581 48.0
199 50.0
452 52.0
65 28.0
570 61.0
604 60.0
26 91.0
542 33.0
33 69.0
155 49.0
170 56.0
665 32.0
453 86.0
137 62.0
156 58.0
145 83.0
62 51.0
194 17.0
829 13.0
897 20.0
454 61.0
682 31.0
95 57.0
827 42.0
883 17.0
353 69.0
724 27.0
586 27.0
87 73.0
434 7.0
284 92.0
427 11.0
990 100.0
455 8.0
772 50.0
761 75.0
215 38.0
687 12.0
422 82.0
128 19.0
4 12.0
456 66.0
858 77.0
827 68.0
688 27.0
289 3.0
386 35.0
804 71.0
156 57.0
849 92.0
419 4.0
457 36.0
351 18.0
548 85.0
69 33.0
102 96.0
493 75.0
540 35.0
903 31.0
101 11.0
265 72.0
565 86.0
938 100.0
513 97.0
948 76.0
458 68.0
340 27.0
656 76.0
914 22.0
170 51.0
324 36.0
56 85.0
475 44.0
576 39.0
15 10.0
46 97.0
459 47.0
179 67.0
963 58.0
607 36.0
380 98.0
923 27.0
825 86.0
153 39.0
339 55.0
924 49.0
333 52.0
460 8.0
134 46.0
386 67.0
793 98.0
258 25.0
14 95.0
679 93.0
429 22.0
461 64.0
164 24.0
551 19.0
753 41.0
486 75.0
583 73.0
657 68.0
388 71.0
413 22.0
756 77.0
824 49.0
607 20.0
146 45.0
771 16.0
462 54.0
86 31.0
768 18.0
186 96.0
13 76.0
939 19.0
293 29.0
506 55.0
746 97.0
131 20.0
146 20.0
463 99.0
534 30.0
164 51.0
445 49.0
973 19.0
148 72.0
418 54.0
194 70.0
464 27.0
453 54.0
892 21.0
883 3.0
905 34.0
582 9.0
387 23.0
546 9.0
64 75.0
998 19.0
922 69.0
375 9.0
110 57.0
989 70.0
77 24.0
592 35.0
877 24.0
857 27.0
962 13.0
465 86.0
654 64.0
496 26.0
456 24.0
239 83.0
418 42.0
926 1.0
524 23.0
466 73.0
542 27.0
666 80.0
437 32.0
712 27.0
289 73.0
89 12.0
42 90.0
467 30.0
99 49.0
510 89.0
596 46.0
979 17.0
537 36.0
941 35.0
637 76.0
569 78.0
714 99.0
320 85.0
793 69.0
650 96.0
834 15.0
468 81.0
206 9.0
816 56.0
942 45.0
938 17.0
423 44.0
324 8.0
147 73.0
616 90.0
98 39.0
250 38.0
469 11.0
206 54.0
154 96.0
4 71.0
456 87.0
942 43.0
168 74.0
20 48.0
840 91.0
79 16.0
80 11.0
129 82.0
470 37.0
988 13.0
129 62.0
682 73.0
767 56.0
727 40.0
246 32.0
914 61.0
456 72.0
369 51.0
471 33.0
677 28.0
2 85.0
314 22.0
367 64.0
537 69.0
585 41.0
813 42.0
679 35.0
568 80.0
967 38.0
472 23.0
16 74.0
789 50.0
241 6.0
916 45.0
259 23.0
691 60.0
466 21.0
473 13.0
534 93.0
384 75.0
777 32.0
340 74.0
273 58.0
381 76.0
796 54.0
474 8.0
121 23.0
225 70.0
481 24.0
911 20.0
227 74.0
424 55.0
375 54.0
235 13.0
783 2.0
378 17.0
926 37.0
475 36.0
862 58.0
431 56.0
93 75.0
775 24.0
20 66.0
493 63.0
970 24.0
668 66.0
669 8.0
735 51.0
476 65.0
485 60.0
691 75.0
836 44.0
507 14.0
621 79.0
247 93.0
835 50.0
499 81.0
477 26.0
557 67.0
632 96.0
724 42.0
592 16.0
696 58.0
82 60.0
768 85.0
491 32.0
747 59.0
591 43.0
478 5.0
322 62.0
740 24.0
127 17.0
230 59.0
247 66.0
382 33.0
311 9.0
613 1.0
309 78.0
479 18.0
294 13.0
256 53.0
711 22.0
660 69.0
262 89.0
952 40.0
281 54.0
107 38.0
405 37.0
480 17.0
848 44.0
390 33.0
35 72.0
912 72.0
904 73.0
45 32.0
359 92.0
718 21.0
691 81.0
481 63.0
907 52.0
262 12.0
932 21.0
871 29.0
607 14.0
968 88.0
482 78.0
274 33.0
434 4.0
356 26.0
721 43.0
996 88.0
127 17.0
72 88.0
876 30.0
370 87.0
483 67.0
464 59.0
985 10.0
733 8.0
704 96.0
85 1.0
902 23.0
125 88.0
55 77.0
972 25.0
484 72.0
312 30.0
60 89.0
505 7.0
880 30.0
44 55.0
522 85.0
937 59.0
441 57.0
485 95.0
107 1.0
171 13.0
397 78.0
161 71.0
42 48.0
334 50.0
44 77.0
427 82.0
775 40.0
799 77.0
612 5.0
146 38.0
685 93.0
723 51.0
486 67.0
109 35.0
467 85.0
273 53.0
434 100000.0
983 93.0
487 99.0
598 69.0
192 51.0
770 15.0
372 51.0
729 93.0
926 92.0
208 93.0
790 74.0
488 37.0
521 16.0
448 18.0
678 92.0
479 68.0
496 48.0
474 77.0
516 7.0
922 69.0
695 66.0
393 75.0
433 71.0
421 65.0
673 89.0
489 86.0
705 14.0
450 93.0
798 24.0
155 24.0
621 52.0
140 58.0
177 86.0
811 60.0
935 67.0
583 85.0
490 30.0
509 89.0
261 64.0
908 44.0
67 99.0
234 85.0
126 65.0
427 36.0
48 19.0
314 25.0
384 1.0
93 91.0
491 49.0
1 46.0
799 72.0
986 49.0
333 9.0
461 55.0
433 8.0
622 17.0
171 22.0
120 92.0
954 69.0
492 84.0
828 90.0
194 29.0
43 67.0
805 26.0
850 38.0
493 36.0
598 76.0
792 4.0
272 97.0
663 86.0
355 97.0
164 54.0
114 9.0
156 88.0
494 39.0
714 18.0
422 21.0
316 79.0
218 46.0
645 6.0
571 37.0
641 93.0
877 72.0
495 6.0
954 99.0
366 88.0
534 40.0
530 25.0
211 67.0
526 92.0
489 36.0
836 56.0
415 65.0
496 45.0
450 25.0
53 53.0
725 100.0
830 17.0
419 94.0
497 70.0
336 61.0
804 16.0
417 67.0
34 37.0
386 43.0
829 76.0
114 59.0
758 18.0
360 54.0
938 84.0
630 72.0
307 88.0
744 84.0
498 77.0
852 40.0
672 1.0
701 71.0
472 7.0
564 98.0
626 46.0
380 80.0
491 72.0
36 90.0
910 5.0
69 56.0
499 65.0
326 58.0
863 86.0
648 51.0
200 70.0
775 67.0
520 59.0
884 4.0
572 86.0
555 31.0
500 91.0
887 73.0
541 34.0
60 46.0
979 34.0
141 62.0
268 95.0
113 1.0
292 100.0
247 69.0
41 2.0
645 37.0
680 15.0
690 43.0
445 92.0
501 30.0
330 40.0
315 97.0
246 56.0
116 41.0
306 30.0
373 47.0
549 82.0
502 49.0
49 35.0
954 13.0
594 60.0
536 87.0
598 85.0
384 71.0
1000 39.0
673 62.0
65 2.0
116 24.0
829 42.0
27 92.0
503 71.0
51 18.0
41 43.0
560 2.0
19 84.0
473 32.0
446 54.0
505 29.0
835 1.0
307 96.0
853 80.0
504 64.0
432 14.0
248 50.0
151 95.0
869 5.0
217 79.0
54 97.0
928 41.0
372 62.0
2 77.0
994 98.0
505 63.0
561 94.0
161 33.0
560 62.0
542 47.0
448 93.0
695 77.0
277 6.0
827 44.0
903 51.0
343 65.0
212 81.0
965 88.0
394 6.0
991 32.0
183 80.0
348 21.0
506 85.0
424 12.0
623 96.0
383 18.0
448 40.0
869 25.0
450 97.0
349 82.0
998 75.0
564 98.0
393 90.0
516 63.0
161 33.0
715 52.0
700 1.0
710 91.0
507 69.0
917 58.0
177 90.0
963 66.0
654 4.0
269 81.0
524 33.0
508 59.0
786 82.0
483 30.0
181 14.0
92 24.0
839 47.0
799 9.0
509 87.0
647 16.0
21 11.0
967 30.0
185 7.0
133 10.0
533 89.0
896 100.0
510 53.0
535 73.0
419 33.0
460 60.0
645 11.0
443 15.0
424 96.0
639 21.0
722 46.0
317 99.0
511 64.0
100 6.0
778 65.0
582 34.0
544 4.0
512 18.0
692 17.0
17 12.0
463 21.0
586 100.0
352 29.0
376 49.0
227 69.0
538 56.0
981 9.0
943 49.0
20 19.0
513 26.0
386 4.0
336 36.0
878 38.0
136 21.0
297 65.0
84 28.0
991 79.0
543 34.0
1 28.0
831 95.0
514 35.0
9 73.0
17 2.0
788 29.0
897 23.0
116 16.0
862 71.0
188 50.0
515 71.0
793 11.0
38 10.0
644 70.0
597 34.0
885 44.0
899 26.0
55 63.0
139 54.0
361 39.0
516 48.0
756 41.0
106 18.0
82 68.0
414 69.0
333 60.0
204 12.0
680 34.0
41 74.0
517 100000.0
65 26.0
85 60.0
365 62.0
414 87.0
67 25.0
223 79.0
409 72.0
518 1.0
923 29.0
698 83.0
922 9.0
925 10.0
904 100000.0
519 43.0
466 78.0
343 25.0
313 71.0
520 57.0
113 39.0
930 27.0
834 7.0
30 80.0
327 46.0
51 29.0
857 58.0
881 34.0
72 38.0
25 53.0
523 88.0
904 51.0
981 17.0
521 64.0
281 79.0
884 96.0
375 18.0
841 50.0
512 98.0
145 21.0
789 17.0
962 48.0
566 37.0
522 40.0
740 33.0
637 31.0
590 59.0
374 89.0
329 22.0
66 63.0
292 8.0
624 42.0
539 62.0
966 30.0
523 4.0
270 58.0
839 38.0
734 22.0
273 26.0
254 92.0
763 78.0
786 58.0
592 60.0
388 41.0
148 31.0
218 74.0
372 11.0
276 16.0
524 39.0
515 65.0
962 62.0
951 7.0
171 19.0
453 99.0
268 15.0
687 73.0
850 88.0
618 77.0
659 22.0
567 12.0
838 44.0
666 48.0
690 96.0
525 44.0
112 50.0
800 50.0
53 62.0
420 86.0
553 88.0
766 87.0
439 94.0
668 20.0
809 9.0
526 72.0
480 10.0
969 42.0
518 61.0
91 2.0
59 38.0
834 50.0
633 51.0
50 84.0
527 1.0
580 43.0
95 57.0
719 98.0
43 5.0
281 52.0
389 35.0
783 35.0
422 21.0
930 46.0
92 33.0
581 59.0
533 19.0
521 99.0
64 100.0
130 13.0
371 95.0
637 22.0
528 62.0
878 85.0
966 46.0
496 27.0
64 29.0
410 27.0
273 35.0
352 60.0
399 46.0
25 43.0
797 66.0
529 53.0
403 54.0
902 71.0
638 18.0
399 2.0
125 83.0
823 43.0
483 11.0
665 74.0
223 2.0
178 98.0
530 58.0
978 100.0
919 34.0
808 91.0
611 17.0
957 41.0
19 62.0
935 44.0
575 39.0
531 59.0
644 65.0
930 18.0
969 83.0
959 78.0
155 58.0
635 6.0
60 36.0
985 68.0
709 97.0
818 56.0
532 89.0
281 10.0
361 31.0
199 16.0
207 53.0
555 92.0
569 17.0
969 84.0
663 87.0
533 49.0
899 88.0
936 68.0
932 14.0
760 58.0
170 79.0
269 67.0
484 15.0
306 61.0
327 42.0
948 50.0
534 40.0
501 79.0
626 59.0
500 45.0
183 97.0
518 78.0
286 79.0
535 10.0
923 82.0
584 6.0
299 85.0
190 6.0
845 83.0
376 92.0
544 50.0
226 13.0
655 43.0
539 89.0
731 53.0
589 21.0
536 66.0
632 98.0
22 49.0
561 48.0
840 93.0
407 89.0
595 57.0
417 35.0
194 28.0
723 47.0
446 34.0
667 2.0
537 36.0
336 56.0
29 59.0
70 90.0
908 10.0
592 67.0
32 100.0
698 49.0
751 50.0
146 32.0
282 60.0
772 34.0
459 47.0
538 46.0
987 87.0
172 44.0
712 16.0
510 38.0
775 87.0
562 74.0
130 88.0
620 49.0
82 79.0
899 87.0
334 23.0
744 80.0
539 73.0
685 88.0
664 29.0
139 97.0
952 43.0
963 92.0
592 79.0
597 14.0
130 60.0
540 26.0
930 45.0
654 47.0
196 71.0
948 97.0
581 40.0
554 42.0
796 29.0
301 76.0
708 37.0
854 98.0
703 18.0
541 76.0
687 30.0
307 36.0
591 80.0
219 59.0
274 8.0
651 96.0
125 93.0
917 51.0
205 92.0
249 26.0
61 30.0
926 68.0
542 67.0
138 33.0
365 47.0
503 62.0
339 65.0
450 2.0
699 17.0
626 71.0
532 21.0
320 70.0
119 48.0
543 64.0
711 49.0
889 56.0
430 84.0
860 47.0
824 51.0
894 84.0
980 63.0
350 58.0
169 78.0
754 71.0
306 57.0
605 44.0
935 12.0
677 44.0
734 86.0
544 86.0
368 17.0
782 78.0
528 49.0
330 91.0
545 35.0
656 75.0
5 76.0
365 66.0
661 71.0
329 53.0
867 38.0
253 38.0
717 79.0
133 16.0
712 5.0
109 99.0
200 71.0
757 100.0
199 58.0
546 48.0
400 33.0
214 15.0
758 25.0
494 62.0
191 67.0
722 35.0
777 83.0
120 8.0
796 80.0
969 94.0
540 39.0
966 88.0
680 5.0
554 1.0
767 73.0
431 3.0
25 40.0
311 73.0
547 65.0
936 78.0
187 80.0
551 57.0
851 79.0
775 99.0
230 38.0
193 82.0
99 97.0
383 14.0
913 54.0
548 22.0
431 1.0
251 97.0
636 71.0
312 20.0
65 71.0
567 55.0
549 88.0
309 14.0
50 3.0
685 50.0
785 90.0
492 22.0
543 68.0
694 92.0
99 99.0
383 65.0
716 16.0
993 2.0
20 53.0
43 91.0
837 38.0
550 24.0
818 26.0
5 65.0
745 62.0
233 27.0
232 40.0
712 98.0
642 38.0
867 24.0
241 39.0
911 8.0
455 59.0
551 69.0
605 21.0
288 88.0
345 22.0
211 97.0
865 92.0
915 74.0
819 64.0
552 21.0
103 12.0
778 12.0
791 47.0
161 32.0
829 13.0
677 51.0
345 47.0
497 60.0
553 8.0
82 96.0
820 38.0
628 20.0
334 78.0
309 26.0
904 73.0
554 61.0
29 14.0
211 92.0
478 48.0
220 2.0
649 47.0
491 1.0
933 67.0
301 70.0
256 49.0
949 79.0
555 48.0
21 56.0
226 88.0
503 84.0
409 9.0
361 11.0
70 25.0
182 54.0
930 100.0
556 81.0
193 43.0
12 39.0
162 73.0
313 33.0
773 70.0
75 89.0
484 83.0
292 100.0
403 50.0
893 70.0
99 79.0
850 64.0
557 77.0
560 34.0
551 32.0
555 36.0
340 16.0
811 9.0
727 91.0
617 76.0
33 67.0
158 61.0
230 32.0
559 78.0
364 41.0
206 10.0
439 45.0
512 34.0
558 37.0
292 89.0
896 32.0
340 76.0
54 20.0
498 44.0
486 20.0
458 87.0
909 83.0
226 19.0
937 66.0
347 53.0
949 46.0
969 77.0
559 65.0
124 43.0
299 77.0
237 60.0
454 2.0
518 45.0
735 2.0
303 39.0
15 32.0
162 49.0
17 58.0
86 71.0
52 41.0
560 23.0
722 14.0
381 73.0
399 68.0
407 37.0
99 28.0
204 57.0
601 71.0
792 7.0
291 43.0
779 60.0
561 41.0
591 33.0
471 87.0
694 79.0
751 61.0
868 65.0
283 39.0
460 87.0
359 57.0
562 63.0
999 28.0
63 93.0
972 36.0
399 95.0
867 23.0
100 68.0
16 53.0
394 42.0
91 50.0
987 3.0
143 3.0
349 84.0
563 84.0
717 63.0
707 3.0
152 73.0
6 54.0
610 23.0
358 81.0
434 53.0
136 36.0
963 38.0
106 32.0
671 58.0
382 43.0
895 65.0
564 11.0
230 47.0
871 60.0
123 73.0
65 43.0
283 54.0
806 2.0
851 87.0
161 87.0
529 47.0
170 88.0
912 74.0
669 71.0
895 23.0
565 78.0
566 67.0
469 73.0
223 90.0
521 45.0
184 89.0
715 48.0
123 90.0
732 17.0
197 65.0
566 82.0
369 13.0
623 25.0
669 72.0
45 75.0
807 70.0
46 16.0
437 11.0
539 24.0
61 66.0
140 92.0
406 50.0
384 73.0
498 14.0
109 79.0
187 89.0
853 96.0
567 96.0
522 89.0
142 26.0
403 45.0
809 50.0
161 92.0
119 97.0
364 30.0
649 29.0
840 63.0
83 32.0
715 22.0
147 88.0
952 61.0
472 100.0
568 5.0
283 84.0
339 40.0
97 24.0
234 57.0
985 39.0
334 22.0
48 89.0
481 44.0
390 8.0
569 80.0
993 41.0
594 74.0
815 64.0
622 93.0
954 96.0
577 19.0
679 24.0
496 66.0
918 21.0
36 71.0
935 52.0
715 92.0
122 4.0
570 44.0
19 8.0
995 46.0
931 11.0
790 21.0
27 56.0
139 1.0
827 44.0
642 62.0
571 7.0
440 9.0
771 45.0
780 65.0
572 58.0
982 11.0
809 26.0
946 43.0
802 21.0
962 57.0
504 80.0
392 50.0
190 54.0
890 93.0
648 75.0
130 47.0
163 99.0
352 38.0
209 15.0
43 33.0
54 40.0
893 34.0
320 20.0
219 56.0
573 52.0
417 86.0
561 40.0
358 95.0
541 2.0
993 44.0
437 71.0
893 86.0
331 53.0
574 22.0
278 95.0
192 50.0
948 47.0
823 80.0
974 4.0
161 93.0
764 79.0
700 78.0
108 76.0
290 92.0
575 53.0
452 91.0
317 54.0
662 56.0
124 19.0
745 30.0
226 60.0
576 95.0
739 62.0
335 7.0
432 22.0
328 77.0
532 38.0
533 76.0
459 50.0
942 53.0
874 69.0
398 14.0
638 45.0
794 87.0
418 96.0
291 83.0
577 39.0
439 11.0
776 44.0
630 47.0
228 63.0
310 7.0
480 23.0
73 80.0
243 34.0
317 55.0
578 100.0
369 14.0
834 35.0
517 18.0
832 76.0
94 67.0
430 92.0
551 73.0
179 93.0
106 81.0
579 43.0
35 69.0
217 61.0
136 97.0
445 53.0
890 54.0
719 96.0
442 55.0
838 71.0
727 84.0
248 75.0
580 10.0
310 24.0
97 97.0
635 64.0
936 29.0
139 19.0
234 95.0
235 89.0
299 73.0
766 49.0
284 26.0
655 72.0
147 7.0
581 98.0
668 24.0
108 25.0
658 23.0
638 83.0
766 9.0
28 39.0
776 58.0
597 1.0
828 49.0
170 74.0
677 23.0
527 27.0
162 84.0
582 80.0
522 98.0
910 28.0
640 45.0
469 25.0
9 80.0
224 1.0
583 91.0
327 71.0
354 13.0
994 4.0
41 2.0
504 42.0
346 79.0
66 92.0
584 39.0
357 26.0
54 40.0
59 48.0
207 50.0
538 50.0
96 32.0
47 67.0
471 71.0
10 57.0
953 33.0
585 55.0
414 65.0
430 42.0
936 7.0
261 54.0
90 21.0
853 76.0
324 85.0
879 5.0
833 27.0
926 49.0
8 75.0
22 66.0
339 24.0
586 9.0
284 35.0
374 57.0
248 28.0
490 39.0
973 21.0
945 36.0
461 85.0
303 14.0
229 38.0
587 1.0
84 95.0
442 39.0
893 12.0
151 26.0
811 30.0
951 27.0
756 16.0
579 71.0
626 93.0
805 14.0
785 52.0
141 4.0
588 29.0
165 20.0
64 100.0
584 79.0
492 18.0
729 79.0
781 7.0
177 15.0
932 49.0
130 75.0
140 48.0
916 52.0
931 99.0
944 5.0
589 69.0
212 84.0
471 92.0
928 52.0
50 13.0
116 62.0
88 30.0
260 2.0
536 38.0
16 50.0
810 95.0
590 43.0
696 22.0
660 52.0
505 1.0
311 3.0
594 100.0
513 92.0
576 100.0
694 27.0
591 56.0
31 86.0
936 29.0
993 3.0
663 74.0
898 4.0
283 41.0
825 39.0
754 88.0
760 43.0
935 99.0
75 25.0
592 80.0
637 94.0
972 30.0
73 86.0
810 57.0
566 87.0
983 52.0
570 26.0
115 21.0
908 56.0
306 59.0
25 54.0
444 44.0
593 55.0
998 44.0
443 33.0
287 49.0
240 64.0
746 30.0
563 55.0
83 41.0
334 64.0
616 11.0
35 28.0
954 92.0
512 89.0
321 30.0
594 17.0
722 89.0
416 60.0
409 84.0
171 8.0
992 46.0
396 70.0
112 10.0
305 42.0
873 86.0
68 14.0
379 26.0
502 14.0
370 60.0
589 33.0
156 65.0
452 66.0
401 11.0
595 2.0
874 73.0
381 28.0
371 97.0
833 92.0
332 52.0
583 81.0
9 90.0
148 56.0
631 27.0
283 34.0
596 10.0
519 40.0
272 85.0
966 53.0
95 96.0
681 49.0
77 90.0
840 76.0
978 15.0
723 71.0
195 28.0
985 87.0
597 48.0
451 86.0
577 27.0
232 85.0
867 100.0
837 7.0
244 63.0
797 86.0
266 13.0
598 20.0
397 26.0
212 69.0
482 33.0
304 76.0
639 60.0
293 43.0
147 79.0
824 47.0
623 23.0
753 11.0
599 48.0
745 85.0
953 46.0
675 59.0
970 91.0
994 19.0
585 6.0
277 86.0
317 44.0
358 50.0
185 4.0
499 32.0
18 89.0
555 68.0
457 42.0
54 1.0
257 83.0
600 98.0
877 22.0
280 55.0
697 99.0
207 14.0
992 37.0
321 85.0
507 100.0
84 1.0
632 42.0
601 68.0
828 3.0
20 62.0
664 51.0
447 88.0
791 21.0
314 33.0
722 24.0
883 100.0
850 13.0
602 17.0
828 33.0
445 66.0
657 55.0
234 62.0
160 33.0
769 80.0
977 1.0
905 22.0
950 54.0
406 60.0
953 92.0
603 79.0
653 59.0
597 14.0
265 63.0
735 86.0
126 72.0
813 40.0
572 82.0
879 6.0
646 15.0
674 47.0
604 55.0
110 26.0
295 53.0
497 38.0
232 56.0
661 90.0
920 45.0
611 80.0
412 47.0
821 18.0
788 90.0
75 58.0
605 46.0
885 5.0
63 91.0
685 80.0
328 3.0
261 3.0
338 58.0
60 18.0
966 45.0
485 100000.0
300 21.0
606 95.0
334 25.0
390 55.0
231 83.0
304 17.0
515 1.0
22 59.0
416 83.0
647 29.0
774 6.0
517 27.0
607 65.0
517 83.0
930 20.0
877 70.0
608 40.0
612 26.0
759 61.0
239 93.0
614 72.0
299 89.0
287 56.0
909 87.0
701 41.0
676 31.0
882 45.0
609 98.0
230 33.0
316 84.0
286 11.0
934 41.0
194 95.0
478 7.0
720 19.0
317 82.0
178 62.0
41 84.0
59 17.0
810 9.0
389 45.0
170 56.0
464 21.0
327 92.0
362 10.0
610 63.0
371 97.0
263 57.0
754 8.0
485 60.0
376 47.0
425 31.0
611 55.0
213 29.0
953 65.0
628 91.0
734 52.0
465 49.0
807 17.0
954 99.0
6 31.0
900 10.0
20 15.0
684 49.0
349 69.0
17 89.0
923 71.0
612 59.0
862 65.0
349 18.0
119 35.0
843 91.0
412 72.0
240 60.0
916 89.0
631 4.0
91 100.0
613 42.0
428 58.0
582 12.0
364 88.0
492 8.0
628 53.0
315 48.0
304 50.0
608 28.0
93 28.0
607 10.0
614 95.0
350 19.0
978 92.0
276 79.0
112 23.0
790 5.0
788 39.0
837 16.0
678 74.0
489 34.0
957 82.0
787 81.0
875 37.0
615 39.0
246 25.0
659 44.0
932 82.0
584 28.0
635 48.0
218 42.0
106 42.0
216 57.0
797 35.0
104 4.0
616 68.0
737 83.0
43 16.0
45 46.0
319 64.0
372 33.0
695 32.0
822 43.0
617 38.0
154 33.0
463 100.0
536 81.0
33 81.0
54 20.0
974 45.0
618 90.0
518 67.0
466 84.0
525 1.0
945 83.0
220 44.0
273 52.0
100 17.0
749 23.0
747 44.0
619 80.0
121 54.0
171 32.0
421 12.0
385 37.0
886 26.0
46 5.0
56 74.0
371 94.0
236 19.0
170 27.0
620 96.0
378 7.0
503 91.0
57 96.0
604 3.0
611 54.0
40 9.0
621 73.0
724 91.0
859 46.0
860 97.0
720 28.0
712 36.0
272 75.0
132 90.0
340 61.0
130 65.0
622 30.0
337 36.0
636 76.0
202 82.0
446 96.0
277 61.0
538 78.0
748 2.0
702 36.0
107 49.0
623 3.0
562 11.0
293 53.0
391 8.0
108 71.0
700 87.0
519 57.0
154 32.0
648 65.0
657 24.0
624 33.0
655 68.0
149 11.0
748 11.0
435 76.0
139 3.0
331 31.0
970 96.0
353 38.0
945 19.0
141 7.0
826 71.0
690 81.0
132 39.0
204 43.0
798 3.0
786 78.0
625 76.0
843 94.0
635 67.0
329 7.0
324 52.0
74 63.0
143 65.0
300 78.0
670 32.0
760 10.0
141 27.0
626 14.0
35 30.0
364 9.0
656 15.0
153 88.0
452 64.0
32 92.0
428 71.0
36 74.0
707 34.0
253 75.0
599 14.0
627 38.0
943 24.0
414 2.0
763 3.0
95 12.0
259 29.0
250 57.0
628 39.0
638 12.0
931 45.0
223 72.0
527 32.0
508 86.0
197 55.0
617 71.0
629 38.0
839 33.0
242 48.0
551 39.0
841 51.0
681 33.0
25 86.0
34 45.0
12 46.0
756 8.0
630 47.0
255 99.0
868 60.0
525 84.0
790 78.0
252 83.0
949 17.0
178 73.0
3 83.0
953 45.0
624 23.0
791 16.0
79 71.0
517 19.0
631 13.0
296 67.0
911 40.0
484 20.0
94 31.0
844 8.0
573 35.0
940 21.0
427 75.0
839 69.0
758 10.0
284 36.0
556 95.0
835 68.0
551 21.0
728 79.0
632 33.0
916 94.0
508 19.0
173 48.0
904 3.0
583 54.0
357 48.0
924 69.0
524 42.0
989 40.0
407 98.0
622 59.0
128 2.0
309 78.0
992 81.0
73 79.0
633 65.0
875 78.0
339 25.0
916 80.0
561 99.0
603 54.0
559 28.0
848 56.0
983 13.0
564 78.0
486 48.0
999 98.0
634 52.0
133 63.0
586 1.0
270 24.0
994 20.0
878 82.0
541 31.0
487 64.0
284 31.0
825 50.0
280 91.0
370 98.0
45 47.0
635 55.0
278 46.0
301 86.0
291 96.0
912 67.0
455 36.0
775 75.0
888 64.0
102 78.0
468 71.0
583 69.0
110 94.0
15 41.0
636 22.0
93 90.0
80 50.0
663 100.0
803 33.0
515 25.0
935 65.0
85 2.0
674 28.0
861 91.0
981 24.0
429 3.0
637 56.0
943 17.0
380 100.0
495 92.0
287 56.0
870 69.0
666 8.0
788 21.0
972 9.0
903 29.0
638 28.0
460 22.0
225 16.0
662 33.0
997 5.0
485 93.0
495 41.0
56 89.0
563 83.0
101 28.0
303 85.0
828 5.0
639 64.0
991 90.0
721 28.0
864 11.0
963 74.0
157 46.0
512 64.0
880 82.0
548 30.0
194 35.0
81 24.0
936 28.0
354 91.0
640 69.0
189 14.0
130 64.0
636 44.0
675 67.0
288 54.0
699 61.0
934 17.0
955 63.0
322 10.0
682 85.0
133 46.0
488 59.0
641 95.0
523 13.0
17 65.0
132 27.0
668 99.0
304 68.0
144 20.0
150 98.0
376 12.0
988 58.0
673 25.0
529 94.0
369 36.0
44 46.0
642 14.0
298 35.0
697 5.0
413 23.0
427 47.0
439 40.0
469 87.0
146 60.0
643 40.0
121 67.0
72 26.0
505 52.0
629 43.0
644 100.0
538 28.0
108 52.0
701 82.0
957 46.0
47 54.0
135 34.0
861 94.0
129 82.0
900 70.0
847 57.0
320 3.0
645 25.0
392 28.0
261 75.0
398 3.0
339 78.0
361 69.0
700 100.0
565 79.0
620 90.0
94 71.0
646 51.0
574 75.0
902 21.0
552 64.0
61 59.0
520 43.0
26 6.0
921 86.0
237 45.0
647 46.0
80 27.0
297 28.0
647 38.0
488 81.0
653 10.0
712 61.0
962 79.0
95 46.0
130 100.0
988 68.0
386 23.0
169 57.0
504 91.0
648 79.0
179 47.0
462 64.0
707 69.0
333 3.0
709 35.0
492 71.0
786 64.0
758 52.0
615 89.0
980 43.0
649 18.0
736 56.0
140 85.0
480 21.0
390 65.0
449 43.0
677 96.0
941 43.0
814 47.0
568 18.0
313 66.0
362 42.0
430 10.0
512 28.0
446 91.0
160 99.0
678 45.0
775 93.0
611 52.0
650 71.0
435 79.0
411 65.0
275 89.0
902 40.0
895 24.0
904 41.0
756 48.0
92 33.0
821 94.0
58 21.0
623 48.0
651 55.0
61 72.0
645 16.0
867 4.0
676 61.0
888 15.0
388 40.0
428 39.0
279 53.0
529 11.0
115 48.0
652 96.0
409 58.0
660 27.0
586 91.0
427 20.0
526 62.0
895 37.0
36 54.0
653 20.0
556 58.0
379 50.0
276 100.0
284 43.0
755 65.0
118 23.0
654 50.0
629 93.0
698 96.0
936 48.0
171 79.0
324 3.0
322 21.0
252 99.0
655 62.0
382 15.0
508 50.0
118 96.0
200 69.0
554 13.0
607 76.0
656 24.0
648 90.0
307 56.0
472 71.0
294 14.0
680 31.0
463 41.0
968 34.0
942 34.0
710 49.0
85 77.0
267 72.0
3 39.0
657 1.0
799 84.0
914 5.0
713 5.0
928 24.0
814 8.0
90 23.0
246 23.0
611 22.0
365 74.0
396 43.0
192 3.0
972 25.0
62 100.0
658 50.0
316 72.0
783 29.0
745 92.0
901 62.0
249 51.0
385 69.0
416 68.0
97 45.0
278 8.0
193 13.0
55 29.0
315 70.0
625 77.0
842 76.0
659 31.0
804 34.0
264 72.0
593 13.0
250 78.0
995 16.0
235 69.0
244 22.0
660 69.0
79 98.0
776 8.0
622 35.0
30 87.0
214 20.0
505 79.0
999 52.0
296 57.0
661 61.0
593 38.0
812 39.0
896 58.0
857 63.0
421 69.0
537 70.0
662 88.0
500 92.0
896 8.0
67 66.0
787 70.0
348 12.0
663 98.0
358 92.0
112 90.0
498 29.0
920 55.0
72 39.0
198 3.0
542 74.0
973 53.0
178 42.0
307 26.0
582 20.0
664 6.0
139 100.0
799 62.0
838 40.0
34 3.0
328 2.0
224 81.0
696 55.0
469 7.0
172 54.0
553 7.0
544 5.0
873 85.0
612 66.0
665 57.0
677 61.0
291 70.0
250 10.0
738 63.0
532 26.0
988 24.0
215 50.0
507 61.0
797 87.0
666 70.0
224 67.0
763 81.0
561 47.0
782 2.0
606 91.0
849 91.0
998 83.0
174 69.0
667 81.0
873 17.0
879 78.0
774 64.0
214 14.0
884 74.0
668 14.0
37 60.0
869 60.0
850 4.0
596 16.0
344 59.0
25 57.0
669 53.0
389 35.0
382 29.0
101 86.0
708 14.0
8 24.0
98 89.0
150 80.0
688 37.0
970 23.0
670 82.0
201 31.0
792 5.0
32 5.0
433 31.0
950 22.0
114 90.0
808 4.0
811 44.0
11 74.0
946 87.0
671 23.0
526 20.0
783 25.0
258 67.0
637 51.0
741 96.0
238 66.0
695 66.0
640 48.0
985 89.0
685 8.0
672 50.0
244 88.0
919 54.0
800 77.0
1000 83.0
958 44.0
691 78.0
993 78.0
281 66.0
531 13.0
213 44.0
673 23.0
413 87.0
898 42.0
444 43.0
806 90.0
405 43.0
458 34.0
674 65.0
251 25.0
567 75.0
220 14.0
445 3.0
342 83.0
553 18.0
925 20.0
454 48.0
40 9.0
586 77.0
494 77.0
83 15.0
675 45.0
961 97.0
799 59.0
407 14.0
286 34.0
254 51.0
904 79.0
283 87.0
320 71.0
772 71.0
924 52.0
676 47.0
87 12.0
342 17.0
611 13.0
811 71.0
89 16.0
182 19.0
856 29.0
161 92.0
677 12.0
42 97.0
923 17.0
506 19.0
211 50.0
235 23.0
110 94.0
678 75.0
934 10.0
477 92.0
152 62.0
29 51.0
779 94.0
262 48.0
679 83.0
784 28.0
588 70.0
582 42.0
490 82.0
340 49.0
680 54.0
909 92.0
114 46.0
514 98.0
834 74.0
298 28.0
273 87.0
450 2.0
900 93.0
681 86.0
579 56.0
651 71.0
134 38.0
387 14.0
682 30.0
29 62.0
939 15.0
391 5.0
459 12.0
991 53.0
804 97.0
926 1.0
614 71.0
905 3.0
974 3.0
240 52.0
794 70.0
302 21.0
875 8.0
207 17.0
774 28.0
683 81.0
882 22.0
112 23.0
201 46.0
804 3.0
371 98.0
947 92.0
25 83.0
985 64.0
765 2.0
984 21.0
920 33.0
654 12.0
535 79.0
7 72.0
684 39.0
452 17.0
104 24.0
508 100.0
479 72.0
153 22.0
359 94.0
871 68.0
844 73.0
680 55.0
883 28.0
590 9.0
191 48.0
996 41.0
739 69.0
729 88.0
685 93.0
343 27.0
917 16.0
96 9.0
165 53.0
739 60.0
497 67.0
429 42.0
809 60.0
182 82.0
833 36.0
686 27.0
530 94.0
637 72.0
617 54.0
935 90.0
314 85.0
127 12.0
629 55.0
886 76.0
346 49.0
195 30.0
687 10.0
110 98.0
184 26.0
956 78.0
678 5.0
327 20.0
695 4.0
348 54.0
198 72.0
688 70.0
221 11.0
517 90.0
8 79.0
588 13.0
925 22.0
448 78.0
232 91.0
689 24.0
306 19.0
206 16.0
590 31.0
945 70.0
378 77.0
280 53.0
274 67.0
269 66.0
371 18.0
565 79.0
690 39.0
268 25.0
241 50.0
426 18.0
416 79.0
890 94.0
756 37.0
669 69.0
367 13.0
388 98.0
13 26.0
336 17.0
691 54.0
409 7.0
582 53.0
331 42.0
145 56.0
726 62.0
301 100.0
508 38.0
737 64.0
143 28.0
693 11.0
970 40.0
866 14.0
840 37.0
692 9.0
300 27.0
169 9.0
587 52.0
295 20.0
823 54.0
795 7.0
368 31.0
383 86.0
609 100.0
561 3.0
693 51.0
505 7.0
464 72.0
619 84.0
457 5.0
313 86.0
67 91.0
111 50.0
897 94.0
268 32.0
714 65.0
604 13.0
30 9.0
353 31.0
694 1.0
982 14.0
530 9.0
61 95.0
948 94.0
213 84.0
176 16.0
832 84.0
517 18.0
695 56.0
804 46.0
392 44.0
811 85.0
553 95.0
909 94.0
518 76.0
623 9.0
96 47.0
982 60.0
431 6.0
329 88.0
680 40.0
830 70.0
936 49.0
734 91.0
901 11.0
525 43.0
696 30.0
745 91.0
828 77.0
132 50.0
518 37.0
730 4.0
945 60.0
166 59.0
295 70.0
606 19.0
616 8.0
394 74.0
982 89.0
680 45.0
697 5.0
962 69.0
942 53.0
821 35.0
929 61.0
232 93.0
968 4.0
978 7.0
698 100.0
625 35.0
79 55.0
208 47.0
647 51.0
734 48.0
875 89.0
103 74.0
5 86.0
221 28.0
744 72.0
303 10.0
88 35.0
699 93.0
843 100.0
521 34.0
64 50.0
162 98.0
424 63.0
102 50.0
766 40.0
641 100.0
2 82.0
369 54.0
834 36.0
700 52.0
861 53.0
66 62.0
829 76.0
6 28.0
506 54.0
356 49.0
604 7.0
422 31.0
938 46.0
573 25.0
661 29.0
701 68.0
985 61.0
921 75.0
212 26.0
690 97.0
907 73.0
286 83.0
927 30.0
320 66.0
658 67.0
902 40.0
702 24.0
744 99.0
271 53.0
42 53.0
172 79.0
738 49.0
410 7.0
101 44.0
571 48.0
47 2.0
197 12.0
703 2.0
329 74.0
486 15.0
400 92.0
648 21.0
650 51.0
589 57.0
431 36.0
704 16.0
313 98.0
798 81.0
661 95.0
913 95.0
23 82.0
325 61.0
705 75.0
206 72.0
232 32.0
361 19.0
9 3.0
530 97.0
841 14.0
766 49.0
687 69.0
160 74.0
536 55.0
706 91.0
431 52.0
11 86.0
937 60.0
380 42.0
604 97.0
437 71.0
414 2.0
470 25.0
264 54.0
408 5.0
6 55.0
939 30.0
707 16.0
505 14.0
564 5.0
830 73.0
726 63.0
201 20.0
911 36.0
26 12.0
205 94.0
708 74.0
220 96.0
121 57.0
275 64.0
142 94.0
487 66.0
192 17.0
488 20.0
504 7.0
169 39.0
839 48.0
709 81.0
916 3.0
28 50.0
499 99.0
705 44.0
794 28.0
579 28.0
510 49.0
710 49.0
382 37.0
639 57.0
253 94.0
821 60.0
385 63.0
881 30.0
575 97.0
240 63.0
711 42.0
752 63.0
897 2.0
709 96.0
591 95.0
426 36.0
135 19.0
443 79.0
857 1.0
276 69.0
505 24.0
238 72.0
712 77.0
174 8.0
191 44.0
452 19.0
493 12.0
30 39.0
139 76.0
262 20.0
882 26.0
987 9.0
122 70.0
218 63.0
713 30.0
156 6.0
93 86.0
208 74.0
232 30.0
107 35.0
41 85.0
691 95.0
26 18.0
714 17.0
738 11.0
40 96.0
290 54.0
164 8.0
734 5.0
134 22.0
193 74.0
839 84.0
980 58.0
335 81.0
322 54.0
715 48.0
574 53.0
348 48.0
624 31.0
110 82.0
709 29.0
606 90.0
296 80.0
592 92.0
507 100.0
941 16.0
716 7.0
823 65.0
496 19.0
841 88.0
596 83.0
69 23.0
427 59.0
313 73.0
717 66.0
454 34.0
546 84.0
664 66.0
221 80.0
938 49.0
246 66.0
173 9.0
300 29.0
718 62.0
281 89.0
42 23.0
22 12.0
252 95.0
392 7.0
117 41.0
578 16.0
259 34.0
110 17.0
527 3.0
943 55.0
665 14.0
178 81.0
309 92.0
391 8.0
719 68.0
567 29.0
870 71.0
196 95.0
771 37.0
139 84.0
620 60.0
553 2.0
300 4.0
475 1.0
948 52.0
493 52.0
720 49.0
711 45.0
547 29.0
468 71.0
573 10.0
776 57.0
415 58.0
736 2.0
91 15.0
408 70.0
901 3.0
247 98.0
389 62.0
257 11.0
428 49.0
745 43.0
178 86.0
51 67.0
721 53.0
100 47.0
240 52.0
454 24.0
573 94.0
879 68.0
664 79.0
391 64.0
821 31.0
722 89.0
612 32.0
530 22.0
583 99.0
729 38.0
939 70.0
805 79.0
299 42.0
723 25.0
720 67.0
883 91.0
278 56.0
803 69.0
508 56.0
259 15.0
613 50.0
256 15.0
457 82.0
724 90.0
813 62.0
850 85.0
346 19.0
969 88.0
725 66.0
557 11.0
85 38.0
728 9.0
236 10.0
249 24.0
630 96.0
404 19.0
11 64.0
726 19.0
983 86.0
471 100.0
174 88.0
393 84.0
391 1.0
844 13.0
35 44.0
727 40.0
895 7.0
58 24.0
565 6.0
193 69.0
517 77.0
468 62.0
368 66.0
534 42.0
491 69.0
759 12.0
979 31.0
815 30.0
575 22.0
728 70.0
471 70.0
389 52.0
514 16.0
425 72.0
23 42.0
851 86.0
854 37.0
25 31.0
138 11.0
956 58.0
549 76.0
174 97.0
805 39.0
650 82.0
729 60.0
645 23.0
717 45.0
582 98.0
24 18.0
880 84.0
697 22.0
408 87.0
746 58.0
699 26.0
447 72.0
42 64.0
933 38.0
730 42.0
912 26.0
786 88.0
436 69.0
609 8.0
293 93.0
446 1.0
206 78.0
352 25.0
942 76.0
157 76.0
356 18.0
731 89.0
53 80.0
19 31.0
565 48.0
670 76.0
501 21.0
141 48.0
520 23.0
979 18.0
789 57.0
732 64.0
916 50.0
203 17.0
106 11.0
115 10.0
733 51.0
756 100.0
493 14.0
782 30.0
761 36.0
909 22.0
528 64.0
975 39.0
114 33.0
137 50.0
864 46.0
734 28.0
458 5.0
484 66.0
32 28.0
174 30.0
781 100.0
585 39.0
453 36.0
921 72.0
393 71.0
870 99.0
1000 65.0
249 27.0
735 42.0
742 99.0
432 43.0
556 72.0
403 96.0
9 9.0
993 19.0
736 54.0
844 60.0
769 31.0
570 7.0
248 99.0
690 87.0
45 61.0
264 57.0
843 59.0
244 56.0
737 96.0
15 19.0
761 9.0
307 57.0
941 73.0
583 1.0
638 75.0
888 10.0
891 81.0
509 32.0
718 56.0
806 26.0
630 86.0
360 78.0
88 71.0
240 51.0
738 18.0
229 71.0
838 7.0
841 95.0
376 19.0
407 13.0
316 26.0
489 44.0
218 74.0
949 78.0
967 39.0
327 95.0
739 40.0
736 59.0
252 72.0
841 90.0
55 7.0
715 27.0
372 94.0
828 65.0
94 45.0
236 48.0
826 71.0
431 70.0
516 54.0
740 13.0
17 53.0
846 75.0
512 45.0
972 58.0
902 93.0
741 62.0
445 48.0
793 38.0
731 32.0
816 21.0
344 93.0
434 55.0
363 91.0
742 50.0
243 71.0
153 87.0
660 52.0
494 64.0
88 72.0
875 30.0
615 58.0
109 54.0
790 55.0
743 54.0
890 46.0
45 83.0
814 62.0
722 60.0
346 35.0
76 41.0
376 27.0
689 35.0
515 6.0
832 13.0
763 18.0
778 55.0
323 28.0
627 44.0
581 55.0
744 3.0
745 49.0
455 1.0
34 89.0
504 87.0
737 44.0
40 32.0
474 96.0
516 79.0
374 5.0
24 70.0
745 47.0
723 88.0
666 19.0
972 27.0
474 51.0
553 28.0
313 94.0
495 95.0
951 20.0
279 40.0
746 42.0
967 20.0
554 60.0
525 79.0
69 51.0
366 34.0
45 42.0
644 73.0
424 2.0
930 52.0
209 98.0
429 97.0
737 54.0
896 28.0
747 34.0
690 92.0
66 89.0
733 65.0
64 55.0
779 44.0
456 50.0
451 2.0
816 64.0
923 92.0
692 54.0
14 95.0
694 44.0
141 65.0
748 13.0
122 56.0
560 74.0
749 18.0
802 78.0
4 63.0
890 30.0
357 72.0
483 39.0
345 31.0
680 94.0
749 50.0
861 67.0
646 79.0
928 80.0
21 94.0
643 63.0
774 98.0
893 91.0
42 41.0
171 57.0
990 99.0
586 77.0
73 54.0
750 68.0
338 35.0
235 49.0
963 62.0
242 74.0
28 61.0
877 12.0
525 54.0
444 21.0
353 85.0
735 9.0
494 10.0
48 5.0
751 81.0
947 91.0
78 40.0
544 46.0
360 71.0
312 91.0
498 22.0
585 58.0
625 13.0
132 59.0
525 38.0
48 40.0
538 75.0
148 26.0
752 10.0
556 46.0
450 89.0
698 73.0
426 83.0
521 32.0
899 12.0
753 3.0
807 44.0
188 38.0
597 66.0
681 33.0
381 20.0
772 37.0
588 76.0
754 30.0
625 65.0
247 71.0
550 80.0
253 37.0
90 37.0
865 83.0
270 63.0
284 18.0
807 96.0
939 25.0
257 65.0
755 62.0
487 71.0
928 88.0
937 84.0
420 49.0
330 53.0
620 91.0
969 46.0
112 26.0
13 12.0
70 45.0
756 22.0
500 60.0
943 27.0
851 96.0
63 36.0
706 61.0
546 53.0
357 77.0
757 15.0
876 69.0
173 21.0
909 38.0
810 33.0
101 70.0
262 93.0
81 34.0
331 32.0
887 33.0
68 38.0
758 96.0
179 69.0
195 3.0
482 61.0
190 62.0
975 45.0
709 7.0
583 11.0
389 25.0
618 27.0
759 67.0
986 72.0
13 6.0
309 95.0
903 78.0
760 1.0
285 81.0
348 51.0
70 24.0
299 59.0
662 61.0
898 10.0
669 74.0
761 55.0
153 32.0
567 80.0
561 96.0
725 84.0
204 39.0
591 34.0
452 34.0
313 40.0
104 95.0
91 85.0
590 64.0
159 37.0
280 14.0
460 68.0
863 19.0
270 54.0
762 67.0
661 100.0
369 70.0
896 90.0
75 27.0
905 25.0
855 71.0
965 81.0
763 12.0
115 35.0
941 86.0
479 6.0
784 95.0
25 66.0
847 75.0
386 14.0
572 94.0
764 73.0
797 58.0
246 69.0
226 36.0
780 81.0
300 3.0
460 31.0
438 93.0
213 91.0
41 93.0
754 9.0
362 32.0
463 92.0
765 5.0
425 67.0
987 7.0
563 28.0
898 82.0
345 48.0
249 60.0
319 6.0
414 61.0
837 37.0
222 57.0
920 66.0
766 27.0
41 37.0
728 83.0
655 35.0
551 91.0
692 59.0
6 54.0
370 68.0
767 50.0
646 27.0
537 77.0
913 39.0
30 88.0
879 12.0
616 60.0
750 77.0
754 77.0
141 93.0
768 39.0
617 32.0
413 15.0
40 85.0
810 4.0
4 49.0
36 32.0
436 64.0
9 30.0
959 55.0
332 61.0
484 26.0
769 2.0
318 99.0
711 86.0
142 2.0
313 31.0
652 59.0
511 1.0
710 98.0
945 76.0
645 4.0
770 26.0
49 56.0
305 28.0
532 33.0
37 46.0
471 18.0
856 28.0
507 40.0
1000 71.0
202 38.0
915 81.0
910 1.0
771 33.0
909 21.0
120 52.0
481 26.0
618 27.0
756 66.0
983 12.0
608 54.0
677 66.0
714 5.0
695 60.0
288 68.0
772 39.0
736 73.0
36 52.0
954 60.0
200 51.0
777 44.0
291 94.0
151 34.0
419 63.0
900 60.0
352 1.0
773 9.0
927 65.0
38 11.0
18 39.0
322 47.0
53 11.0
759 85.0
774 29.0
553 88.0
625 12.0
214 87.0
895 50.0
55 91.0
923 27.0
618 72.0
425 91.0
775 27.0
427 35.0
767 69.0
454 31.0
884 22.0
391 38.0
282 70.0
759 10.0
1000 55.0
776 100.0
989 88.0
254 6.0
486 99.0
62 13.0
192 39.0
869 59.0
317 2.0
282 53.0
730 49.0
341 80.0
618 29.0
777 57.0
225 79.0
765 40.0
805 84.0
416 34.0
840 60.0
15 12.0
756 79.0
826 96.0
852 15.0
778 83.0
893 29.0
515 37.0
984 94.0
3 32.0
156 54.0
952 29.0
1 90.0
252 31.0
685 57.0
779 89.0
952 77.0
942 58.0
141 22.0
125 100.0
886 100.0
278 88.0
107 43.0
780 59.0
352 50.0
32 49.0
438 26.0
876 94.0
9 10.0
204 94.0
155 86.0
781 94.0
241 8.0
817 24.0
40 96.0
101 59.0
416 11.0
870 28.0
321 50.0
642 77.0
88 92.0
782 72.0
921 40.0
241 29.0
572 6.0
49 38.0
75 11.0
937 49.0
602 55.0
783 79.0
110 16.0
992 21.0
406 63.0
987 4.0
569 56.0
376 97.0
148 90.0
318 61.0
319 100.0
799 38.0
95 36.0
784 82.0
406 35.0
815 18.0
946 26.0
275 60.0
147 63.0
710 25.0
785 4.0
749 31.0
585 81.0
540 49.0
81 89.0
717 23.0
146 24.0
801 96.0
470 68.0
709 14.0
654 22.0
898 29.0
901 4.0
951 27.0
380 52.0
370 97.0
212 21.0
382 91.0
786 71.0
689 23.0
542 42.0
62 55.0
631 27.0
55 66.0
699 95.0
292 9.0
965 88.0
218 22.0
862 43.0
787 22.0
113 92.0
388 27.0
125 44.0
206 88.0
58 52.0
147 38.0
947 84.0
788 77.0
522 5.0
358 99.0
404 67.0
709 42.0
795 39.0
334 72.0
251 80.0
41 95.0
708 67.0
789 20.0
706 30.0
728 19.0
618 54.0
181 7.0
45 77.0
255 46.0
546 98.0
365 12.0
619 41.0
491 57.0
245 75.0
790 43.0
756 34.0
570 66.0
487 79.0
736 42.0
850 63.0
861 87.0
482 49.0
791 49.0
637 47.0
179 28.0
966 5.0
796 89.0
821 86.0
596 47.0
149 21.0
511 1.0
792 15.0
610 58.0
444 74.0
13 49.0
589 88.0
767 11.0
521 31.0
250 24.0
167 44.0
299 30.0
908 34.0
793 34.0
166 32.0
915 53.0
65 93.0
206 30.0
398 94.0
291 97.0
942 26.0
6 42.0
118 95.0
525 33.0
93 41.0
58 65.0
182 14.0
802 9.0
884 8.0
554 15.0
842 59.0
839 92.0
400 86.0
587 15.0
830 52.0
794 37.0
569 56.0
355 2.0
852 94.0
734 77.0
585 71.0
795 6.0
412 100.0
336 22.0
254 88.0
687 79.0
108 15.0
609 72.0
977 76.0
988 75.0
22 36.0
796 62.0
296 76.0
159 1.0
110 93.0
621 40.0
521 81.0
478 41.0
166 83.0
436 73.0
519 43.0
511 49.0
800 69.0
1 69.0
572 91.0
163 37.0
797 13.0
561 43.0
524 89.0
807 83.0
589 56.0
745 81.0
641 82.0
849 22.0
313 39.0
826 6.0
762 87.0
798 17.0
240 70.0
536 51.0
547 53.0
603 71.0
334 57.0
344 44.0
775 19.0
182 22.0
587 83.0
113 92.0
799 77.0
200 1.0
652 45.0
372 37.0
304 22.0
667 89.0
884 83.0
833 50.0
48 65.0
118 9.0
116 92.0
324 22.0
769 60.0
800 50.0
586 8.0
470 36.0
412 81.0
853 45.0
914 10.0
758 67.0
954 19.0
739 73.0
757 83.0
801 22.0
439 42.0
464 54.0
792 11.0
153 81.0
174 32.0
95 82.0
643 53.0
426 37.0
943 95.0
786 88.0
941 70.0
871 40.0
802 34.0
446 89.0
637 23.0
760 52.0
694 18.0
773 40.0
904 97.0
615 1.0
443 56.0
365 8.0
105 11.0
104 99.0
803 86.0
708 76.0
612 7.0
804 11.0
531 41.0
880 97.0
805 78.0
670 15.0
878 76.0
263 24.0
959 38.0
569 92.0
408 18.0
205 66.0
806 27.0
779 35.0
817 92.0
641 71.0
799 62.0
807 44.0
733 35.0
992 64.0
467 71.0
298 97.0
651 7.0
980 59.0
619 7.0
590 58.0
263 45.0
755 30.0
803 78.0
577 100.0
727 18.0
808 6.0
894 42.0
892 57.0
517 52.0
709 8.0
349 31.0
420 53.0
677 85.0
469 22.0
621 91.0
41 1.0
100 51.0
292 39.0
511 61.0
971 81.0
475 34.0
690 95.0
22 49.0
388 82.0
988 4.0
809 96.0
807 65.0
347 45.0
691 25.0
314 38.0
980 17.0
902 15.0
798 5.0
711 52.0
632 4.0
810 62.0
301 48.0
565 57.0
138 86.0
793 10.0
923 59.0
304 74.0
86 27.0
212 29.0
477 17.0
52 37.0
997 12.0
811 81.0
11 12.0
300 49.0
79 38.0
360 37.0
547 85.0
608 63.0
538 63.0
710 8.0
760 62.0
526 13.0
812 38.0
749 12.0
739 85.0
687 89.0
653 25.0
529 87.0
866 34.0
220 71.0
778 27.0
3 47.0
473 64.0
513 86.0
649 35.0
283 48.0
335 30.0
115 31.0
813 91.0
618 88.0
82 78.0
66 89.0
87 39.0
943 48.0
766 59.0
937 66.0
657 72.0
479 77.0
507 25.0
58 57.0
656 21.0
703 98.0
914 45.0
222 68.0
814 23.0
123 65.0
1000 66.0
470 37.0
199 32.0
948 79.0
827 75.0
772 91.0
832 56.0
815 90.0
297 72.0
45 60.0
261 79.0
37 51.0
822 28.0
419 65.0
470 87.0
885 66.0
255 14.0
836 29.0
816 71.0
180 54.0
234 80.0
79 50.0
644 11.0
137 89.0
343 2.0
133 31.0
338 51.0
797 86.0
252 38.0
841 85.0
817 85.0
658 100.0
296 59.0
468 69.0
252 25.0
269 76.0
15 43.0
818 29.0
325 18.0
133 42.0
318 24.0
170 79.0
943 28.0
551 9.0
106 93.0
43 83.0
834 90.0
93 75.0
819 16.0
382 3.0
49 60.0
683 62.0
920 42.0
493 47.0
660 39.0
989 44.0
385 64.0
296 92.0
995 54.0
336 26.0
173 46.0
915 74.0
820 44.0
698 3.0
718 89.0
375 53.0
595 26.0
797 93.0
622 32.0
378 22.0
639 24.0
727 75.0
404 76.0
119 70.0
821 2.0
352 35.0
499 19.0
857 43.0
750 78.0
990 44.0
483 10.0
186 24.0
444 33.0
622 75.0
822 26.0
780 94.0
624 1.0
30 83.0
665 39.0
956 94.0
186 93.0
708 65.0
823 43.0
517 41.0
833 18.0
220 47.0
58 72.0
533 31.0
947 10.0
94 98.0
484 60.0
141 95.0
313 26.0
779 50.0
327 78.0
824 56.0
821 14.0
587 69.0
320 76.0
898 83.0
304 60.0
33 99.0
647 9.0
837 4.0
877 92.0
753 80.0
180 67.0
199 50.0
373 99.0
825 45.0
206 95.0
335 6.0
813 74.0
367 34.0
883 6.0
556 28.0
826 23.0
200 32.0
503 10.0
225 16.0
467 72.0
417 36.0
827 100.0
726 31.0
312 40.0
514 26.0
265 10.0
46 83.0
587 18.0
314 92.0
168 66.0
86 83.0
692 57.0
828 39.0
297 19.0
687 4.0
779 67.0
927 90.0
11 53.0
739 91.0
950 48.0
125 37.0
16 78.0
304 21.0
34 56.0
318 39.0
446 23.0
93 20.0
197 53.0
829 25.0
896 16.0
791 82.0
459 57.0
566 74.0
472 85.0
423 12.0
707 73.0
830 74.0
604 96.0
324 95.0
518 90.0
318 21.0
267 51.0
445 71.0
739 20.0
933 95.0
73 51.0
532 63.0
831 62.0
435 36.0
824 37.0
527 41.0
138 67.0
352 83.0
660 74.0
484 91.0
712 90.0
904 74.0
58 14.0
974 100.0
269 24.0
477 75.0
865 78.0
832 22.0
432 73.0
596 72.0
588 45.0
602 14.0
220 3.0
54 36.0
248 79.0
385 96.0
35 19.0
833 82.0
342 53.0
16 24.0
670 25.0
774 17.0
115 7.0
54 10.0
589 91.0
255 24.0
727 99.0
513 67.0
88 67.0
962 36.0
38 78.0
278 81.0
119 57.0
834 96.0
227 92.0
943 88.0
230 33.0
187 26.0
990 47.0
855 45.0
304 91.0
235 50.0
463 57.0
587 94.0
835 91.0
349 87.0
618 28.0
902 33.0
67 59.0
704 8.0
568 35.0
468 21.0
624 52.0
475 48.0
334 74.0
150 77.0
535 81.0
933 45.0
229 13.0
204 31.0
836 31.0
253 63.0
20 90.0
430 75.0
423 73.0
626 19.0
43 62.0
7 79.0
884 31.0
837 11.0
920 95.0
119 41.0
189 88.0
261 39.0
49 80.0
36 10.0
903 67.0
529 13.0
897 93.0
838 84.0
412 17.0
630 8.0
358 13.0
77 82.0
691 75.0
815 41.0
333 96.0
839 32.0
859 93.0
930 89.0
542 42.0
768 52.0
35 46.0
129 84.0
116 6.0
861 21.0
840 27.0
11 36.0
149 16.0
897 73.0
910 24.0
285 75.0
275 35.0
788 41.0
803 61.0
841 22.0
76 79.0
394 74.0
192 30.0
33 31.0
532 51.0
610 3.0
325 64.0
93 14.0
999 71.0
99 39.0
842 21.0
208 2.0
428 52.0
958 18.0
792 17.0
416 25.0
211 7.0
43 72.0
708 99.0
927 68.0
311 69.0
625 21.0
218 58.0
729 19.0
640 93.0
41 60.0
843 39.0
829 49.0
8 60.0
406 64.0
555 72.0
766 72.0
465 22.0
575 20.0
883 33.0
844 3.0
493 18.0
267 85.0
464 57.0
66 4.0
395 100.0
805 39.0
295 32.0
845 85.0
392 81.0
651 75.0
465 41.0
293 31.0
846 68.0
534 55.0
613 90.0
13 22.0
750 90.0
73 21.0
519 57.0
981 82.0
528 91.0
311 56.0
186 18.0
847 27.0
785 36.0
170 68.0
207 51.0
745 86.0
91 98.0
750 42.0
848 37.0
626 55.0
665 68.0
235 49.0
623 93.0
410 51.0
677 25.0
369 85.0
723 31.0
251 72.0
110 49.0
593 62.0
969 49.0
849 66.0
839 50.0
797 48.0
872 43.0
955 24.0
892 69.0
883 77.0
35 62.0
850 18.0
877 37.0
701 78.0
850 50.0
211 64.0
142 63.0
556 79.0
755 10.0
134 30.0
97 72.0
1 85.0
233 8.0
851 65.0
584 28.0
41 36.0
840 71.0
968 39.0
812 9.0
902 35.0
491 82.0
55 73.0
998 18.0
852 8.0
737 29.0
258 76.0
395 70.0
918 79.0
699 15.0
463 91.0
219 39.0
316 85.0
853 17.0
775 82.0
306 87.0
438 77.0
776 60.0
263 4.0
643 3.0
598 28.0
92 10.0
676 63.0
373 35.0
137 98.0
89 38.0
770 23.0
854 3.0
963 59.0
873 4.0
138 98.0
827 1.0
932 77.0
574 33.0
809 57.0
291 12.0
888 58.0
432 74.0
984 31.0
470 92.0
855 81.0
451 76.0
360 7.0
691 98.0
627 74.0
647 15.0
824 99.0
308 79.0
61 99.0
545 55.0
750 42.0
856 50.0
505 98.0
520 12.0
110 81.0
572 59.0
402 86.0
260 80.0
857 64.0
911 76.0
208 86.0
765 54.0
546 12.0
986 21.0
140 18.0
236 28.0
216 47.0
101 49.0
858 54.0
782 84.0
226 2.0
406 83.0
859 40.0
294 74.0
609 17.0
516 15.0
910 93.0
993 43.0
755 68.0
961 46.0
512 94.0
860 70.0
451 8.0
71 72.0
738 13.0
429 63.0
36 46.0
983 32.0
366 86.0
861 18.0
861 100.0
313 79.0
937 72.0
174 80.0
499 76.0
129 79.0
164 9.0
444 8.0
236 57.0
620 87.0
220 58.0
571 78.0
917 26.0
862 10.0
674 38.0
943 83.0
558 28.0
601 85.0
252 21.0
51 66.0
730 84.0
33 30.0
734 57.0
921 41.0
247 44.0
602 12.0
415 79.0
189 96.0
863 72.0
648 22.0
401 21.0
618 67.0
286 48.0
163 14.0
239 27.0
45 66.0
613 81.0
684 16.0
747 63.0
37 27.0
864 78.0
438 3.0
320 22.0
772 39.0
184 16.0
407 31.0
817 42.0
422 58.0
838 40.0
657 78.0
865 65.0
370 46.0
65 44.0
363 81.0
526 11.0
188 4.0
544 74.0
822 94.0
779 5.0
866 10.0
433 59.0
936 21.0
788 84.0
664 88.0
211 64.0
665 49.0
618 43.0
524 96.0
803 66.0
598 85.0
802 83.0
810 88.0
823 10.0
995 41.0
370 57.0
867 26.0
533 28.0
991 28.0
353 58.0
339 53.0
769 36.0
60 55.0
813 69.0
570 36.0
559 83.0
369 33.0
319 97.0
868 78.0
155 46.0
434 98.0
719 54.0
883 11.0
498 62.0
914 38.0
490 55.0
940 52.0
133 31.0
482 59.0
574 56.0
253 42.0
833 4.0
54 84.0
460 71.0
897 44.0
869 37.0
18 65.0
134 70.0
374 14.0
494 73.0
86 99.0
328 11.0
989 41.0
870 73.0
629 95.0
221 16.0
381 4.0
491 64.0
256 24.0
249 31.0
789 35.0
698 67.0
998 34.0
410 81.0
912 37.0
21 25.0
651 90.0
519 70.0
500 62.0
584 40.0
991 96.0
871 73.0
920 1.0
806 15.0
460 8.0
338 3.0
233 31.0
787 30.0
921 76.0
957 78.0
438 61.0
872 42.0
182 37.0
338 22.0
950 59.0
217 19.0
613 39.0
421 89.0
369 75.0
896 98.0
808 6.0
100 13.0
828 78.0
482 55.0
873 42.0
782 43.0
997 41.0
155 7.0
852 41.0
11 49.0
706 12.0
789 21.0
967 2.0
902 86.0
12 68.0
895 38.0
844 20.0
874 16.0
342 14.0
868 8.0
947 98.0
675 94.0
904 59.0
623 54.0
875 68.0
820 71.0
581 62.0
534 26.0
492 25.0
460 47.0
458 19.0
374 87.0
898 80.0
966 28.0
146 70.0
605 66.0
876 30.0
104 77.0
809 55.0
193 95.0
976 53.0
740 89.0
704 85.0
954 66.0
235 47.0
877 7.0
278 21.0
142 65.0
305 1.0
578 2.0
844 40.0
719 77.0
716 18.0
636 26.0
358 40.0
282 67.0
479 71.0
277 10.0
878 85.0
775 15.0
888 43.0
28 34.0
736 25.0
840 24.0
124 52.0
553 54.0
733 3.0
879 46.0
872 81.0
246 5.0
129 29.0
197 79.0
336 91.0
544 18.0
784 13.0
755 52.0
880 47.0
800 43.0
27 35.0
187 45.0
53 97.0
248 35.0
189 77.0
360 73.0
881 13.0
839 80.0
210 76.0
171 80.0
305 70.0
691 29.0
581 55.0
975 83.0
550 90.0
882 79.0
22 15.0
393 43.0
244 83.0
317 78.0
294 9.0
457 47.0
676 23.0
752 47.0
883 96.0
704 43.0
727 85.0
928 56.0
623 33.0
139 65.0
821 70.0
483 42.0
439 70.0
497 59.0
735 12.0
184 59.0
884 8.0
826 44.0
849 42.0
469 36.0
520 31.0
292 12.0
2 70.0
71 60.0
19 63.0
818 88.0
236 3.0
424 15.0
27 53.0
877 63.0
403 11.0
257 86.0
885 21.0
117 10.0
309 34.0
639 4.0
488 61.0
912 78.0
407 73.0
944 24.0
594 91.0
886 75.0
455 86.0
896 13.0
116 50.0
923 6.0
429 46.0
190 93.0
887 59.0
101 47.0
995 78.0
728 95.0
336 34.0
54 44.0
279 91.0
773 6.0
948 30.0
964 39.0
82 16.0
686 48.0
370 57.0
653 33.0
301 16.0
888 51.0
604 95.0
742 20.0
472 47.0
112 84.0
592 67.0
279 37.0
46 7.0
255 80.0
322 10.0
41 90.0
872 69.0
889 29.0
253 65.0
313 98.0
104 73.0
535 72.0
719 63.0
82 75.0
641 96.0
404 36.0
916 78.0
208 16.0
890 91.0
519 40.0
789 93.0
397 30.0
271 37.0
618 20.0
790 25.0
811 2.0
65 21.0
196 43.0
501 32.0
454 8.0
891 42.0
372 55.0
198 22.0
566 95.0
599 2.0
43 64.0
542 72.0
331 17.0
585 67.0
660 95.0
394 92.0
892 20.0
458 37.0
596 19.0
79 30.0
764 11.0
514 28.0
115 87.0
893 79.0
774 100.0
172 79.0
902 20.0
537 46.0
690 69.0
566 18.0
613 97.0
737 12.0
894 54.0
944 67.0
215 31.0
434 91.0
150 94.0
271 58.0
895 96.0
966 47.0
19 76.0
234 56.0
5 69.0
172 54.0
251 65.0
231 94.0
896 87.0
894 56.0
627 52.0
698 66.0
128 1.0
592 27.0
387 18.0
897 95.0
639 52.0
393 59.0
1000 39.0
229 27.0
357 96.0
347 82.0
811 25.0
355 5.0
734 1.0
611 67.0
308 32.0
345 51.0
898 37.0
127 20.0
308 95.0
130 77.0
582 35.0
409 77.0
267 69.0
803 48.0
761 11.0
899 4.0
713 29.0
320 97.0
412 19.0
586 77.0
823 51.0
451 11.0
900 15.0
429 71.0
443 86.0
631 36.0
635 91.0
901 83.0
715 49.0
461 49.0
895 80.0
707 69.0
434 63.0
468 60.0
269 90.0
635 80.0
128 85.0
902 63.0
549 10.0
7 95.0
756 54.0
130 19.0
742 26.0
164 48.0
903 84.0
656 4.0
942 46.0
726 27.0
874 65.0
67 46.0
35 50.0
810 38.0
776 23.0
625 96.0
311 91.0
842 90.0
162 34.0
904 93.0
561 69.0
500 85.0
681 22.0
121 31.0
491 8.0
152 65.0
690 17.0
601 41.0
278 40.0
180 4.0
318 53.0
905 63.0
604 100000.0
351 56.0
304 15.0
906 7.0
352 13.0
917 90.0
942 15.0
330 6.0
813 54.0
296 8.0
574 65.0
907 34.0
301 9.0
70 44.0
908 99.0
637 4.0
485 53.0
95 66.0
484 86.0
873 20.0
533 80.0
262 6.0
909 6.0
238 1.0
223 64.0
667 11.0
440 40.0
729 57.0
218 47.0
408 5.0
241 54.0
720 49.0
910 74.0
392 27.0
817 56.0
725 2.0
25 70.0
975 59.0
391 62.0
515 31.0
27 25.0
398 40.0
757 84.0
52 37.0
155 73.0
713 40.0
500 75.0
780 77.0
795 82.0
973 81.0
465 95.0
911 45.0
627 60.0
864 76.0
442 5.0
423 41.0
668 87.0
414 16.0
281 66.0
924 36.0
21 4.0
508 63.0
582 2.0
600 65.0
84 50.0
214 26.0
961 61.0
912 65.0
718 94.0
834 97.0
857 100.0
988 100.0
88 63.0
935 38.0
259 28.0
115 2.0
795 1.0
165 73.0
15 21.0
921 60.0
790 75.0
301 17.0
913 13.0
476 60.0
674 8.0
956 82.0
397 92.0
372 70.0
413 19.0
791 10.0
118 21.0
556 54.0
699 42.0
601 31.0
914 86.0
343 20.0
602 67.0
287 81.0
683 18.0
337 16.0
282 42.0
772 16.0
75 89.0
915 80.0
818 50.0
417 13.0
158 22.0
621 26.0
164 22.0
782 17.0
931 47.0
955 95.0
286 36.0
326 97.0
544 23.0
918 17.0
699 89.0
401 74.0
916 79.0
100 51.0
497 61.0
931 68.0
771 32.0
375 100.0
615 45.0
889 9.0
293 24.0
17 24.0
304 62.0
885 28.0
124 47.0
936 27.0
787 24.0
558 88.0
732 82.0
917 16.0
814 97.0
953 88.0
694 39.0
4 86.0
918 35.0
850 32.0
568 69.0
851 61.0
987 33.0
39 51.0
495 39.0
320 26.0
567 34.0
127 15.0
49 23.0
590 28.0
384 40.0
919 2.0
738 40.0
164 56.0
750 15.0
964 38.0
568 1.0
511 74.0
971 1.0
659 42.0
721 92.0
277 5.0
800 3.0
920 95.0
792 12.0
781 98.0
184 65.0
95 92.0
47 4.0
912 41.0
856 8.0
921 90.0
52 100.0
60 93.0
834 40.0
536 41.0
343 32.0
417 3.0
37 59.0
996 46.0
599 7.0
910 35.0
61 71.0
380 89.0
580 65.0
741 7.0
157 61.0
383 97.0
922 56.0
42 78.0
90 91.0
239 62.0
292 80.0
780 18.0
302 22.0
542 62.0
58 2.0
981 20.0
923 58.0
889 24.0
849 56.0
123 51.0
157 14.0
556 88.0
149 20.0
428 99.0
29 5.0
870 86.0
227 3.0
30 7.0
959 69.0
924 83.0
703 44.0
81 88.0
634 33.0
977 37.0
890 93.0
23 29.0
978 56.0
925 83.0
155 54.0
643 58.0
983 28.0
516 66.0
463 13.0
615 7.0
455 42.0
948 76.0
131 40.0
159 99.0
292 2.0
747 58.0
190 39.0
926 42.0
375 18.0
619 21.0
491 27.0
181 61.0
399 11.0
822 18.0
210 85.0
454 68.0
425 17.0
90 70.0
448 63.0
727 17.0
48 90.0
646 83.0
205 41.0
927 71.0
352 32.0
807 55.0
119 14.0
570 8.0
920 64.0
400 53.0
506 56.0
384 87.0
844 86.0
322 22.0
43 26.0
928 85.0
267 95.0
720 21.0
585 46.0
131 33.0
153 37.0
321 62.0
230 93.0
188 25.0
196 11.0
290 27.0
977 94.0
577 68.0
683 6.0
94 97.0
929 59.0
150 100.0
590 81.0
46 54.0
954 79.0
734 67.0
216 50.0
398 61.0
671 1.0
719 6.0
930 96.0
677 95.0
455 92.0
438 73.0
170 30.0
147 9.0
96 78.0
258 90.0
784 95.0
583 8.0
200 77.0
839 84.0
931 40.0
953 51.0
447 80.0
506 18.0
427 85.0
52 3.0
161 49.0
407 52.0
442 55.0
987 79.0
68 23.0
362 44.0
932 7.0
166 34.0
97 10.0
372 15.0
997 56.0
69 84.0
900 7.0
471 22.0
269 85.0
534 34.0
46 29.0
933 80.0
961 51.0
437 28.0
502 90.0
431 38.0
758 10.0
790 32.0
103 55.0
826 98.0
754 76.0
261 72.0
334 50.0
934 56.0
944 60.0
440 28.0
472 56.0
737 73.0
916 85.0
134 74.0
437 90.0
611 77.0
700 16.0
729 66.0
587 58.0
241 33.0
8 25.0
789 82.0
328 70.0
634 98.0
935 11.0
903 23.0
993 7.0
155 19.0
166 41.0
192 18.0
353 72.0
83 43.0
60 67.0
709 13.0
517 52.0
154 83.0
936 83.0
353 64.0
408 97.0
809 20.0
400 62.0
569 99.0
223 81.0
502 47.0
969 64.0
538 22.0
937 93.0
643 53.0
979 42.0
204 2.0
136 22.0
817 8.0
670 22.0
548 54.0
34 73.0
511 5.0
938 66.0
189 36.0
961 63.0
65 44.0
113 23.0
701 93.0
394 79.0
17 24.0
116 28.0
742 11.0
413 13.0
669 45.0
647 4.0
551 36.0
546 48.0
130 50.0
368 84.0
939 75.0
230 2.0
724 62.0
796 31.0
793 14.0
89 22.0
733 72.0
940 71.0
212 95.0
286 57.0
901 30.0
628 93.0
260 36.0
674 27.0
986 38.0
838 40.0
101 2.0
603 95.0
941 77.0
622 77.0
17 37.0
424 89.0
636 82.0
760 42.0
776 8.0
446 80.0
433 43.0
918 96.0
503 36.0
315 77.0
667 36.0
165 12.0
873 9.0
717 13.0
640 57.0
942 57.0
618 16.0
736 3.0
555 59.0
183 18.0
22 47.0
473 89.0
664 93.0
275 80.0
463 54.0
323 62.0
238 44.0
954 66.0
776 73.0
233 81.0
714 7.0
585 56.0
943 20.0
196 15.0
250 45.0
7 69.0
275 44.0
742 69.0
466 11.0
80 13.0
944 81.0
591 1.0
795 62.0
204 61.0
459 74.0
638 76.0
525 18.0
88 47.0
824 38.0
93 38.0
945 47.0
556 56.0
852 94.0
415 81.0
501 25.0
736 22.0
909 32.0
206 70.0
719 46.0
946 22.0
931 66.0
959 70.0
346 65.0
416 17.0
797 19.0
947 89.0
898 26.0
614 97.0
398 36.0
139 73.0
529 88.0
323 87.0
15 7.0
738 32.0
892 36.0
973 35.0
714 29.0
948 38.0
65 29.0
323 69.0
533 50.0
603 15.0
801 29.0
805 45.0
889 52.0
316 58.0
17 12.0
267 10.0
169 98.0
949 59.0
709 64.0
757 10.0
339 40.0
383 12.0
630 49.0
435 91.0
617 61.0
15 75.0
979 48.0
321 64.0
950 14.0
879 66.0
351 31.0
870 40.0
69 93.0
481 51.0
301 50.0
254 92.0
367 80.0
526 54.0
376 7.0
550 20.0
951 6.0
378 86.0
611 96.0
876 7.0
909 80.0
271 63.0
287 88.0
58 83.0
65 8.0
523 63.0
547 7.0
834 58.0
952 31.0
657 5.0
773 32.0
986 44.0
409 64.0
633 2.0
719 42.0
616 82.0
566 77.0
183 90.0
284 81.0
713 15.0
953 15.0
137 74.0
672 97.0
581 23.0
566 17.0
869 54.0
9 4.0
448 31.0
769 7.0
93 6.0
699 94.0
923 90.0
755 56.0
954 4.0
975 54.0
700 63.0
587 97.0
697 36.0
816 71.0
971 3.0
854 26.0
590 7.0
454 21.0
632 6.0
955 90.0
659 83.0
655 91.0
905 71.0
766 84.0
24 34.0
646 12.0
682 14.0
838 82.0
388 75.0
271 45.0
684 61.0
369 62.0
956 73.0
316 40.0
24 46.0
468 81.0
631 86.0
909 7.0
117 7.0
592 53.0
475 91.0
287 64.0
957 11.0
670 24.0
607 93.0
246 66.0
530 88.0
545 10.0
39 55.0
471 17.0
958 16.0
682 46.0
218 57.0
674 62.0
909 28.0
776 64.0
720 43.0
223 76.0
632 71.0
371 81.0
414 69.0
512 8.0
959 54.0
229 4.0
293 25.0
671 76.0
164 80.0
267 28.0
338 58.0
884 68.0
806 69.0
331 71.0
422 12.0
42 90.0
187 62.0
469 64.0
299 39.0
960 60.0
961 43.0
403 41.0
577 89.0
489 68.0
471 91.0
670 23.0
310 51.0
556 44.0
714 95.0
76 51.0
502 64.0
266 83.0
659 16.0
450 2.0
693 37.0
961 82.0
46 49.0
941 99.0
493 28.0
701 85.0
991 32.0
92 34.0
579 19.0
717 10.0
940 46.0
962 52.0
788 90.0
606 31.0
320 55.0
341 35.0
329 48.0
262 77.0
68 97.0
469 20.0
982 4.0
963 100.0
568 47.0
891 57.0
398 99.0
218 95.0
850 86.0
516 2.0
825 37.0
95 29.0
964 17.0
730 91.0
740 82.0
209 63.0
83 36.0
249 49.0
272 23.0
430 38.0
114 90.0
174 88.0
965 77.0
953 7.0
41 14.0
732 34.0
934 96.0
966 10.0
690 3.0
489 85.0
980 88.0
301 86.0
105 18.0
254 88.0
218 12.0
733 69.0
967 5.0
277 61.0
405 48.0
795 29.0
453 11.0
3 33.0
286 50.0
581 96.0
845 100.0
225 7.0
656 80.0
92 15.0
679 36.0
616 32.0
730 13.0
968 2.0
340 3.0
896 73.0
628 66.0
774 14.0
887 59.0
940 56.0
387 93.0
969 83.0
414 51.0
565 89.0
814 99.0
123 96.0
250 35.0
758 76.0
79 96.0
765 7.0
988 59.0
483 40.0
984 1.0
970 26.0
771 67.0
910 93.0
743 5.0
114 53.0
796 70.0
534 65.0
1000 66.0
163 51.0
761 46.0
239 34.0
973 7.0
394 78.0
333 88.0
988 37.0
281 7.0
40 94.0
971 26.0
734 98.0
653 99.0
784 30.0
454 18.0
848 54.0
489 3.0
983 55.0
344 64.0
786 4.0
972 43.0
352 4.0
344 65.0
459 15.0
104 5.0
895 12.0
64 57.0
872 72.0
312 2.0
927 26.0
973 9.0
529 55.0
623 37.0
819 100.0
953 10.0
932 86.0
434 79.0
327 15.0
850 73.0
889 91.0
92 89.0
974 11.0
435 88.0
538 29.0
226 37.0
186 80.0
211 11.0
975 27.0
856 22.0
42 97.0
88 94.0
555 21.0
535 61.0
705 73.0
679 46.0
65 12.0
787 8.0
976 36.0
582 23.0
542 49.0
334 15.0
96 11.0
744 91.0
450 8.0
520 54.0
983 86.0
766 76.0
899 57.0
977 91.0
529 27.0
376 80.0
522 75.0
884 100.0
79 61.0
915 66.0
725 5.0
668 55.0
461 57.0
991 89.0
514 98.0
290 45.0
574 49.0
978 60.0
903 49.0
219 9.0
486 37.0
7 68.0
596 93.0
109 10.0
604 16.0
208 91.0
793 72.0
492 69.0
53 20.0
347 91.0
979 44.0
384 49.0
553 70.0
954 8.0
893 58.0
214 71.0
385 48.0
239 66.0
592 88.0
437 55.0
980 6.0
830 62.0
719 7.0
485 93.0
444 72.0
242 15.0
323 38.0
435 83.0
647 73.0
25 79.0
981 4.0
267 63.0
190 11.0
494 56.0
873 61.0
201 13.0
871 21.0
601 78.0
933 61.0
219 23.0
410 9.0
843 68.0
777 43.0
72 28.0
982 27.0
232 79.0
524 37.0
401 90.0
751 34.0
180 91.0
871 48.0
511 73.0
983 32.0
262 57.0
574 77.0
854 51.0
70 75.0
548 54.0
215 38.0
984 30.0
182 67.0
967 86.0
714 38.0
357 87.0
105 17.0
366 98.0
935 35.0
753 62.0
985 6.0
481 41.0
403 74.0
409 43.0
514 9.0
504 6.0
14 41.0
86 15.0
571 51.0
986 8.0
702 33.0
792 20.0
270 56.0
528 92.0
48 1.0
461 43.0
934 17.0
788 53.0
354 93.0
987 82.0
155 4.0
410 8.0
394 98.0
408 96.0
443 47.0
403 73.0
544 95.0
264 22.0
639 76.0
260 90.0
988 50.0
767 34.0
810 24.0
371 21.0
67 40.0
424 57.0
697 7.0
537 97.0
989 48.0
522 73.0
325 94.0
32 22.0
166 80.0
733 77.0
863 100.0
430 27.0
838 28.0
454 35.0
573 10.0
789 37.0
492 23.0
990 33.0
36 91.0
215 88.0
961 6.0
202 91.0
385 84.0
880 82.0
922 81.0
358 91.0
435 19.0
991 67.0
158 16.0
501 76.0
401 99.0
588 43.0
266 38.0
998 23.0
992 49.0
716 44.0
581 27.0
51 55.0
754 4.0
31 96.0
558 63.0
338 80.0
22 25.0
739 66.0
419 99.0
264 64.0
993 59.0
812 50.0
475 74.0
709 16.0
649 89.0
419 31.0
509 36.0
14 62.0
777 17.0
885 49.0
815 8.0
670 23.0
6 78.0
994 11.0
193 51.0
654 40.0
469 38.0
250 50.0
929 7.0
345 44.0
28 58.0
939 37.0
298 36.0
690 78.0
641 36.0
995 91.0
671 70.0
160 58.0
286 32.0
204 55.0
113 76.0
580 81.0
871 7.0
195 79.0
78 67.0
150 21.0
836 18.0
764 28.0
996 57.0
197 10.0
730 73.0
138 49.0
384 76.0
275 14.0
386 27.0
859 13.0
163 45.0
997 66.0
709 57.0
330 84.0
68 29.0
593 85.0
703 42.0
961 82.0
83 78.0
443 18.0
629 37.0
507 68.0
943 97.0
232 15.0
239 70.0
998 13.0
283 38.0
572 25.0
792 20.0
982 78.0
425 40.0
595 91.0
878 15.0
911 54.0
778 22.0
177 94.0
393 96.0
999 79.0
700 29.0
227 52.0
555 24.0
490 78.0
696 51.0
241 27.0
146 68.0
372 74.0
702 55.0
952 16.0
1000 85.0
238 27.0
508 16.0
652 96.0
511 20.0
129 27.0
927 24.0
426 94.0
622 70.0
475 9.0
429 26.0
667 56.0
538 31.0
790 77.0
260 88.0
323 74.0
786 60.0
495 36.0
490 55.0
575 53.0
799 7.0
849 96.0
947 49.0
516
134
1 516
5 445 802 789 524 517
5 795 745 62 820 904
5 328 511 475 402 604
5 65 739 655 539 485
4 469 893 349 434
1 134
