1000 10989 0  0 3
13
12
12
9
11
8
11
6
9
14
8
8
11
10
15
11
8
6
13
8
11
17
12
8
13
16
11
13
19
9
10
10
13
18
5
13
9
10
9
11
15
11
10
8
18
12
12
4
9
10
6
10
17
12
11
12
12
9
5
20
10
5
14
10
12
13
5
9
5
11
11
6
13
13
13
12
17
5
12
7
10
12
13
12
11
12
8
10
12
11
10
10
9
13
16
10
13
7
16
5
10
11
15
10
13
16
14
9
10
9
16
7
9
13
10
10
10
9
5
11
15
10
10
12
14
15
11
9
7
14
12
7
13
7
8
15
11
9
12
8
12
3
10
15
11
9
15
10
12
19
10
9
8
10
13
13
13
10
14
11
11
13
13
10
9
14
13
8
12
9
12
12
9
8
10
9
13
9
8
11
5
10
12
14
6
10
12
7
12
4
16
11
10
16
9
10
12
13
12
7
6
16
9
3
8
13
13
13
11
11
3
10
10
10
10
5
14
13
12
4
8
10
14
16
13
12
12
15
14
13
7
18
11
12
14
7
11
11
7
11
8
9
12
6
7
7
10
13
10
9
12
11
9
7
8
14
15
8
12
10
12
15
16
4
13
17
7
9
9
13
9
10
14
9
14
10
12
11
9
6
10
11
11
7
11
16
16
9
17
7
18
9
12
12
16
11
10
12
9
14
16
7
11
10
13
9
8
13
9
12
17
13
9
16
16
4
7
13
13
10
11
7
13
10
10
15
18
5
8
7
7
17
17
13
15
15
10
14
12
15
14
14
9
9
11
8
13
12
12
9
9
9
15
18
12
7
14
14
11
11
13
10
10
13
14
12
11
12
9
12
15
15
16
7
11
17
7
7
14
8
10
16
17
8
8
15
11
8
17
6
6
11
5
6
5
8
10
9
12
10
14
10
10
11
11
16
9
19
15
11
12
9
11
9
9
7
6
12
18
7
15
11
20
11
5
15
6
11
11
15
21
14
7
10
8
11
9
12
2
12
11
13
10
15
14
11
9
11
12
8
5
12
9
10
12
8
7
10
6
9
7
5
9
10
12
9
9
7
10
4
8
12
14
11
9
9
12
16
13
14
14
8
14
17
12
7
9
14
10
11
11
11
16
13
10
8
11
9
13
13
20
12
9
8
16
13
12
9
9
17
10
8
9
8
7
4
10
10
16
11
10
10
10
7
15
14
11
6
10
14
8
10
11
11
12
9
13
9
16
11
14
10
11
12
11
17
5
10
9
16
11
10
14
8
13
13
9
12
10
14
10
15
9
11
7
11
7
16
11
8
13
10
9
12
10
9
11
14
10
10
7
10
6
11
12
15
11
9
14
12
15
14
12
15
9
16
9
9
12
8
13
9
12
7
8
15
9
8
7
13
10
11
11
7
12
6
12
15
15
10
10
7
12
12
13
12
9
11
7
7
8
9
13
16
13
11
15
9
11
11
7
15
18
9
14
9
8
19
7
12
11
6
13
10
9
14
20
11
12
11
5
19
9
11
16
11
16
16
8
9
12
12
9
8
14
9
8
13
13
13
13
6
6
9
12
13
13
8
12
11
10
9
14
12
12
12
9
14
6
14
13
10
12
8
6
8
14
11
10
12
9
15
18
12
7
9
8
11
11
10
11
15
12
10
9
9
10
15
8
13
5
12
12
12
11
5
10
10
14
12
11
11
12
8
13
9
7
12
10
11
13
12
8
12
10
9
12
10
13
19
8
14
12
7
16
11
8
23
12
11
9
10
16
9
10
8
13
10
14
12
11
5
11
9
15
9
7
14
10
14
12
11
12
12
10
10
14
9
17
11
13
13
12
16
13
8
8
6
12
17
7
13
15
9
7
16
15
12
8
7
11
10
14
9
14
7
14
10
10
12
7
10
13
8
16
8
14
14
8
13
6
6
5
12
9
10
10
10
11
7
10
10
13
6
12
10
9
12
10
13
12
7
15
10
16
12
8
12
7
14
10
10
13
12
10
16
10
5
11
8
15
11
7
7
10
8
16
13
9
12
16
11
7
15
11
14
14
10
10
12
8
9
13
14
8
9
16
19
8
5
12
9
14
16
5
13
15
12
8
10
12
16
12
12
10
16
12
6
10
13
7
13
9
13
14
5
6
13
12
6
11
11
15
7
7
12
12
10
9
13
13
11
9
8
6
13
12
11
14
14
15
14
15
10
15
12
10
10
13
14
9
13
18
9
14
12
9
10
9
7
15
7
9
14
12
16
13
10
11
10
11
13
9
13
13
14
7
6
12
9
2 21.0
331 28.0
757 60.0
496 71.0
350 67.0
613 72.0
748 34.0
465 55.0
946 3.0
209 66.0
433 79.0
978 65.0
887 61.0
3 93.0
746 38.0
869 66.0
995 19.0
384 59.0
848 50.0
419 85.0
343 100.0
590 95.0
535 28.0
818 87.0
683 70.0
4 52.0
833 82.0
219 80.0
658 24.0
687 96.0
659 25.0
831 92.0
365 48.0
438 43.0
844 82.0
464 24.0
404 4.0
5 28.0
243 83.0
135 14.0
953 56.0
403 38.0
661 73.0
245 49.0
710 27.0
538 7.0
6 95.0
514 96.0
462 60.0
9 92.0
548 22.0
471 6.0
906 18.0
211 83.0
142 29.0
59 15.0
715 50.0
7 54.0
709 94.0
964 65.0
768 79.0
448 4.0
218 88.0
319 74.0
74 49.0
8 81.0
490 57.0
568 18.0
623 48.0
602 11.0
340 81.0
151 8.0
536 28.0
721 47.0
809 10.0
538 24.0
9 70.0
113 16.0
981 88.0
279 80.0
852 84.0
182 27.0
10 87.0
524 36.0
833 54.0
509 23.0
801 57.0
433 48.0
551 2.0
380 43.0
900 65.0
11 69.0
105 86.0
495 99.0
863 41.0
693 60.0
695 99.0
686 56.0
342 52.0
283 84.0
712 87.0
482 27.0
583 88.0
921 79.0
768 6.0
12 3.0
94 81.0
299 54.0
347 27.0
40 13.0
867 61.0
316 9.0
462 14.0
13 66.0
198 14.0
71 36.0
18 86.0
77 83.0
633 21.0
952 11.0
870 98.0
14 49.0
551 51.0
645 18.0
542 72.0
662 51.0
152 75.0
283 19.0
182 58.0
55 78.0
168 23.0
680 49.0
15 54.0
909 44.0
381 15.0
940 56.0
302 61.0
315 86.0
545 48.0
394 57.0
611 41.0
550 2.0
16 37.0
771 5.0
986 62.0
729 53.0
285 97.0
303 72.0
318 70.0
536 67.0
392 3.0
669 51.0
482 72.0
543 1.0
437 8.0
897 67.0
903 2.0
17 82.0
463 90.0
540 12.0
672 63.0
920 6.0
977 40.0
873 86.0
896 35.0
636 78.0
52 11.0
128 19.0
18 95.0
305 68.0
294 62.0
368 62.0
913 98.0
479 10.0
604 74.0
317 70.0
19 87.0
163 38.0
902 43.0
960 77.0
674 93.0
241 65.0
20 9.0
492 56.0
36 10.0
142 84.0
51 42.0
13 84.0
470 52.0
930 47.0
943 57.0
997 77.0
792 47.0
799 69.0
105 58.0
21 8.0
560 43.0
573 2.0
108 62.0
651 43.0
465 19.0
897 60.0
665 91.0
22 34.0
636 46.0
771 30.0
184 31.0
896 11.0
254 19.0
239 18.0
486 48.0
244 37.0
288 69.0
269 25.0
23 91.0
490 91.0
600 47.0
272 15.0
120 29.0
776 91.0
339 60.0
858 31.0
711 95.0
154 20.0
301 8.0
457 99.0
433 35.0
115 99.0
175 5.0
47 92.0
305 61.0
24 34.0
233 28.0
958 13.0
591 27.0
195 68.0
653 37.0
273 76.0
445 31.0
149 64.0
235 64.0
355 50.0
106 44.0
25 13.0
20 64.0
426 54.0
155 31.0
95 14.0
632 71.0
689 10.0
449 90.0
26 14.0
34 31.0
935 92.0
189 78.0
442 6.0
232 34.0
831 26.0
549 46.0
507 37.0
838 64.0
603 81.0
216 92.0
88 48.0
27 51.0
103 94.0
59 49.0
704 20.0
795 8.0
666 10.0
787 47.0
419 49.0
344 10.0
854 49.0
8 93.0
53 85.0
805 44.0
391 66.0
228 31.0
921 70.0
28 60.0
924 37.0
801 92.0
389 88.0
564 88.0
569 1.0
208 32.0
365 32.0
687 20.0
817 86.0
926 12.0
29 14.0
162 29.0
904 54.0
788 81.0
58 54.0
353 76.0
872 28.0
840 64.0
727 47.0
703 76.0
697 16.0
623 65.0
487 7.0
30 38.0
429 5.0
170 37.0
263 16.0
556 45.0
276 32.0
989 63.0
207 81.0
14 45.0
221 72.0
130 82.0
349 90.0
52 50.0
750 21.0
785 40.0
847 28.0
163 9.0
153 11.0
582 53.0
31 31.0
85 28.0
238 72.0
44 95.0
563 80.0
778 47.0
295 93.0
347 96.0
57 48.0
32 66.0
669 59.0
666 22.0
77 77.0
875 46.0
703 41.0
373 35.0
689 32.0
308 68.0
524 37.0
33 93.0
58 17.0
592 87.0
358 46.0
837 65.0
819 60.0
517 63.0
756 35.0
285 50.0
2 60.0
34 1.0
743 37.0
606 19.0
850 73.0
223 32.0
579 95.0
190 95.0
411 83.0
500 71.0
368 73.0
123 23.0
735 39.0
941 69.0
35 83.0
900 74.0
816 70.0
655 26.0
682 10.0
425 68.0
820 23.0
850 31.0
385 82.0
938 52.0
414 98.0
770 54.0
942 26.0
126 69.0
848 38.0
573 17.0
176 32.0
919 62.0
36 81.0
481 99.0
105 69.0
790 90.0
275 14.0
37 80.0
741 39.0
320 3.0
495 58.0
965 4.0
546 29.0
843 40.0
588 54.0
500 68.0
419 8.0
417 9.0
469 65.0
517 53.0
38 25.0
811 37.0
316 69.0
390 68.0
510 94.0
548 5.0
183 46.0
134 34.0
415 68.0
39 82.0
245 5.0
400 39.0
667 48.0
209 45.0
157 64.0
903 1.0
127 85.0
955 65.0
143 92.0
40 81.0
499 74.0
30 6.0
135 95.0
491 57.0
472 34.0
935 92.0
263 45.0
586 45.0
41 66.0
592 1.0
346 56.0
293 53.0
612 31.0
300 85.0
369 95.0
893 32.0
55 17.0
677 44.0
483 7.0
42 28.0
481 36.0
735 45.0
251 67.0
264 16.0
250 56.0
89 67.0
395 27.0
315 21.0
538 16.0
335 18.0
527 47.0
316 55.0
143 18.0
896 4.0
43 12.0
449 66.0
199 54.0
912 96.0
610 37.0
56 29.0
456 74.0
269 14.0
663 93.0
27 61.0
991 15.0
44 78.0
887 17.0
374 8.0
107 33.0
589 67.0
817 47.0
344 76.0
977 70.0
916 8.0
958 35.0
45 67.0
520 3.0
230 48.0
721 52.0
976 11.0
258 78.0
630 64.0
607 78.0
46 40.0
733 55.0
346 10.0
345 29.0
296 46.0
434 16.0
107 57.0
916 60.0
909 29.0
238 32.0
644 100.0
565 51.0
412 2.0
810 40.0
498 36.0
327 33.0
998 71.0
489 26.0
47 6.0
255 71.0
973 93.0
535 68.0
652 78.0
247 45.0
24 94.0
133 14.0
887 19.0
312 37.0
165 87.0
804 38.0
48 65.0
858 50.0
236 7.0
891 29.0
417 88.0
689 62.0
965 77.0
460 68.0
476 21.0
366 33.0
454 22.0
209 51.0
49 77.0
663 7.0
879 8.0
126 23.0
50 44.0
630 73.0
294 2.0
807 47.0
986 73.0
979 41.0
915 22.0
972 2.0
936 60.0
51 62.0
268 69.0
890 52.0
98 44.0
394 35.0
603 12.0
523 36.0
764 60.0
658 41.0
894 7.0
52 38.0
2 23.0
57 13.0
871 59.0
722 99.0
730 66.0
53 44.0
99 77.0
558 14.0
456 42.0
656 88.0
868 92.0
912 97.0
519 2.0
802 13.0
267 58.0
54 62.0
73 70.0
349 73.0
502 16.0
96 87.0
322 91.0
234 21.0
567 63.0
500 47.0
852 30.0
430 56.0
325 17.0
521 62.0
455 3.0
183 5.0
877 55.0
431 76.0
55 12.0
489 23.0
889 11.0
63 28.0
419 74.0
344 69.0
896 22.0
659 66.0
447 81.0
186 81.0
387 13.0
574 58.0
56 5.0
463 70.0
696 16.0
739 78.0
730 99.0
436 38.0
413 54.0
313 63.0
844 1.0
60 7.0
866 40.0
57 87.0
165 1.0
467 38.0
120 58.0
989 61.0
455 18.0
255 16.0
762 3.0
938 46.0
667 75.0
834 85.0
456 19.0
58 63.0
163 53.0
991 7.0
9 29.0
285 10.0
440 92.0
775 66.0
606 40.0
29 26.0
2 13.0
553 62.0
982 13.0
59 75.0
512 44.0
425 85.0
173 67.0
286 86.0
859 72.0
240 29.0
767 4.0
161 2.0
60 36.0
875 2.0
821 44.0
108 78.0
348 96.0
61 47.0
209 8.0
89 58.0
965 45.0
818 52.0
648 88.0
701 26.0
861 62.0
902 13.0
667 85.0
969 20.0
46 41.0
844 91.0
651 66.0
824 1.0
135 25.0
94 70.0
942 89.0
229 80.0
743 95.0
62 13.0
865 48.0
886 45.0
912 1.0
942 50.0
116 42.0
769 75.0
913 78.0
701 51.0
863 37.0
63 55.0
750 11.0
711 25.0
593 65.0
982 32.0
64 81.0
309 13.0
102 75.0
924 90.0
742 11.0
673 79.0
830 54.0
550 40.0
32 14.0
212 77.0
404 18.0
438 54.0
852 54.0
365 5.0
65 76.0
95 83.0
94 95.0
519 12.0
433 12.0
927 54.0
955 41.0
321 54.0
863 69.0
642 24.0
66 73.0
139 84.0
342 98.0
1 16.0
945 94.0
996 14.0
351 64.0
392 35.0
885 31.0
162 1.0
529 26.0
192 54.0
67 11.0
585 3.0
187 22.0
725 34.0
962 92.0
612 20.0
967 35.0
534 30.0
202 94.0
991 85.0
219 83.0
274 29.0
316 18.0
68 48.0
64 96.0
907 100.0
794 56.0
797 26.0
69 70.0
742 36.0
921 66.0
922 56.0
31 96.0
404 80.0
343 78.0
974 94.0
662 93.0
70 49.0
230 40.0
328 59.0
629 62.0
860 23.0
71 17.0
946 83.0
925 8.0
36 83.0
600 12.0
96 89.0
358 30.0
231 4.0
976 65.0
669 84.0
24 39.0
72 48.0
949 61.0
887 92.0
343 86.0
681 66.0
969 51.0
203 56.0
504 93.0
656 97.0
865 80.0
545 58.0
73 28.0
233 80.0
86 49.0
348 21.0
590 42.0
71 77.0
74 44.0
907 82.0
612 100.0
570 30.0
197 93.0
213 54.0
729 4.0
242 30.0
822 70.0
20 27.0
503 51.0
818 19.0
518 29.0
75 28.0
106 51.0
52 43.0
441 87.0
897 57.0
775 99.0
347 57.0
491 50.0
387 34.0
655 23.0
917 11.0
982 8.0
933 39.0
76 25.0
358 87.0
504 56.0
260 9.0
510 20.0
363 97.0
208 26.0
110 91.0
892 59.0
976 88.0
41 88.0
579 89.0
129 44.0
77 79.0
957 79.0
182 39.0
616 16.0
132 45.0
786 91.0
566 83.0
568 23.0
352 42.0
761 16.0
527 6.0
926 7.0
78 24.0
755 59.0
803 93.0
298 90.0
513 90.0
574 72.0
685 28.0
456 74.0
556 76.0
276 96.0
773 77.0
242 32.0
436 28.0
274 36.0
328 88.0
962 29.0
42 70.0
79 21.0
41 58.0
389 86.0
97 37.0
361 34.0
80 38.0
51 6.0
268 20.0
673 5.0
195 7.0
497 87.0
721 99.0
824 43.0
315 52.0
845 25.0
127 6.0
193 20.0
81 99.0
353 90.0
685 48.0
288 89.0
300 44.0
955 79.0
343 47.0
82 45.0
246 75.0
415 38.0
494 34.0
753 79.0
74 50.0
560 82.0
690 72.0
484 89.0
928 89.0
83 23.0
239 31.0
804 38.0
531 94.0
277 44.0
190 43.0
523 67.0
987 4.0
741 58.0
849 2.0
257 4.0
697 20.0
84 42.0
872 2.0
71 91.0
72 87.0
288 76.0
612 73.0
870 44.0
660 73.0
246 45.0
59 30.0
506 35.0
420 93.0
79 62.0
85 53.0
178 12.0
268 99.0
234 44.0
298 89.0
805 64.0
877 87.0
12 52.0
562 84.0
961 53.0
738 92.0
565 39.0
86 67.0
398 72.0
480 58.0
919 99.0
866 70.0
954 23.0
295 77.0
408 76.0
837 25.0
536 54.0
622 52.0
87 6.0
775 35.0
106 16.0
409 7.0
896 49.0
74 53.0
858 35.0
906 60.0
884 72.0
996 5.0
849 94.0
48 35.0
88 55.0
17 13.0
198 22.0
978 81.0
316 24.0
374 48.0
263 60.0
768 10.0
89 11.0
310 18.0
312 66.0
323 93.0
900 23.0
502 84.0
119 75.0
832 49.0
532 97.0
751 50.0
90 24.0
671 33.0
262 71.0
706 89.0
956 21.0
387 99.0
715 56.0
886 10.0
522 62.0
75 80.0
981 83.0
709 43.0
91 77.0
3 36.0
23 10.0
514 26.0
2 75.0
603 92.0
287 29.0
795 78.0
173 89.0
352 41.0
709 8.0
92 93.0
538 99.0
946 80.0
504 4.0
114 63.0
668 91.0
839 82.0
910 73.0
953 6.0
667 61.0
93 31.0
39 79.0
794 89.0
973 20.0
603 53.0
140 65.0
345 72.0
408 49.0
999 33.0
485 81.0
94 71.0
755 59.0
655 19.0
808 77.0
347 49.0
918 96.0
914 72.0
210 65.0
249 33.0
95 53.0
870 13.0
960 88.0
266 47.0
541 2.0
210 83.0
184 18.0
715 60.0
276 64.0
34 39.0
390 47.0
442 41.0
545 58.0
96 14.0
593 64.0
833 93.0
188 8.0
567 73.0
781 28.0
635 93.0
789 56.0
26 94.0
849 51.0
613 80.0
99 90.0
786 83.0
85 8.0
932 95.0
619 63.0
97 6.0
383 39.0
310 77.0
397 46.0
756 18.0
574 81.0
818 12.0
234 27.0
477 84.0
29 38.0
98 58.0
710 42.0
972 98.0
290 3.0
751 68.0
57 99.0
413 82.0
400 66.0
170 57.0
927 74.0
252 18.0
669 54.0
372 32.0
99 36.0
844 17.0
988 18.0
38 39.0
413 72.0
641 57.0
33 43.0
100 83.0
655 14.0
389 100.0
556 71.0
250 98.0
940 30.0
298 66.0
492 53.0
679 30.0
693 21.0
91 72.0
408 70.0
42 21.0
322 44.0
828 21.0
346 29.0
101 96.0
451 81.0
53 12.0
434 4.0
38 77.0
102 31.0
518 69.0
491 59.0
148 8.0
23 12.0
17 9.0
835 29.0
587 73.0
657 26.0
250 25.0
103 88.0
334 86.0
704 67.0
700 96.0
35 80.0
599 81.0
204 34.0
63 48.0
767 93.0
410 67.0
776 36.0
104 24.0
928 64.0
252 70.0
253 93.0
256 42.0
884 35.0
286 9.0
278 85.0
358 1.0
949 50.0
367 57.0
456 3.0
288 13.0
753 50.0
820 9.0
105 35.0
20 29.0
149 49.0
459 72.0
218 12.0
749 91.0
212 59.0
389 11.0
314 11.0
520 3.0
106 90.0
262 82.0
74 14.0
760 47.0
632 79.0
968 7.0
464 94.0
357 61.0
383 53.0
101 81.0
294 2.0
702 23.0
883 66.0
107 48.0
227 84.0
342 60.0
820 58.0
159 57.0
180 73.0
26 39.0
141 46.0
616 23.0
456 42.0
61 38.0
339 19.0
847 36.0
31 17.0
685 75.0
40 12.0
108 74.0
716 15.0
900 88.0
915 16.0
679 55.0
670 5.0
762 34.0
510 27.0
440 38.0
252 81.0
711 51.0
738 66.0
817 9.0
109 13.0
109 57.0
639 85.0
356 4.0
458 84.0
38 38.0
957 78.0
773 62.0
887 80.0
122 80.0
110 78.0
118 10.0
20 43.0
883 15.0
703 94.0
946 20.0
843 4.0
808 37.0
29 55.0
587 88.0
111 81.0
499 35.0
801 9.0
592 17.0
746 55.0
6 25.0
634 100.0
881 32.0
646 36.0
112 86.0
302 28.0
782 15.0
274 53.0
875 17.0
908 59.0
363 79.0
58 100.0
706 41.0
50 100.0
539 69.0
983 86.0
32 55.0
982 18.0
974 36.0
374 53.0
113 11.0
534 23.0
915 98.0
888 70.0
822 85.0
715 88.0
496 70.0
114 81.0
328 65.0
737 60.0
865 37.0
231 56.0
976 99.0
427 48.0
256 71.0
768 95.0
115 44.0
365 45.0
482 30.0
290 10.0
702 18.0
506 51.0
135 18.0
381 55.0
661 75.0
77 32.0
596 18.0
754 19.0
474 75.0
116 39.0
769 49.0
127 9.0
295 22.0
597 40.0
446 96.0
876 45.0
767 19.0
840 24.0
237 72.0
117 33.0
553 59.0
834 86.0
942 79.0
223 87.0
551 62.0
79 18.0
997 77.0
293 83.0
527 56.0
118 89.0
221 33.0
448 89.0
633 55.0
621 35.0
699 33.0
462 88.0
57 48.0
428 90.0
130 26.0
119 57.0
311 65.0
509 66.0
441 18.0
435 19.0
251 12.0
936 3.0
41 59.0
172 91.0
120 12.0
108 49.0
738 5.0
367 39.0
887 45.0
121 11.0
297 74.0
23 46.0
307 9.0
283 50.0
496 56.0
103 75.0
213 1.0
77 16.0
371 25.0
109 72.0
122 6.0
742 56.0
472 20.0
981 58.0
408 35.0
70 55.0
466 11.0
514 52.0
781 50.0
1000 96.0
940 48.0
914 45.0
31 36.0
791 80.0
555 25.0
123 43.0
574 69.0
681 11.0
972 74.0
346 67.0
984 81.0
104 23.0
823 73.0
162 13.0
597 61.0
124 56.0
264 58.0
164 23.0
737 69.0
41 19.0
903 90.0
868 59.0
850 30.0
958 77.0
322 25.0
125 57.0
715 47.0
980 26.0
849 37.0
260 19.0
978 57.0
454 86.0
194 88.0
880 78.0
150 36.0
706 24.0
988 14.0
126 81.0
423 10.0
692 61.0
761 5.0
703 89.0
712 81.0
730 12.0
916 19.0
217 60.0
393 20.0
122 30.0
700 51.0
779 59.0
488 66.0
127 63.0
108 41.0
573 40.0
187 12.0
991 40.0
530 18.0
357 23.0
50 91.0
831 74.0
672 86.0
919 25.0
348 72.0
750 33.0
571 5.0
981 69.0
128 26.0
907 47.0
293 61.0
611 48.0
481 98.0
754 95.0
778 46.0
948 26.0
559 95.0
151 19.0
860 22.0
129 62.0
755 29.0
550 76.0
498 62.0
838 40.0
392 10.0
34 96.0
671 24.0
42 63.0
130 80.0
120 94.0
466 17.0
969 76.0
626 17.0
741 9.0
431 77.0
131 58.0
990 87.0
906 21.0
873 56.0
61 79.0
853 46.0
846 41.0
95 13.0
126 72.0
767 25.0
103 9.0
790 28.0
836 17.0
148 12.0
132 76.0
153 82.0
899 64.0
484 46.0
329 85.0
451 15.0
996 93.0
732 77.0
853 82.0
251 10.0
699 66.0
208 34.0
133 27.0
853 31.0
765 35.0
798 10.0
308 93.0
953 86.0
221 41.0
134 44.0
44 52.0
811 99.0
683 63.0
796 73.0
301 37.0
720 38.0
428 44.0
637 87.0
676 9.0
667 67.0
615 93.0
994 26.0
135 45.0
853 87.0
356 99.0
994 37.0
734 8.0
805 31.0
996 77.0
136 9.0
248 54.0
733 22.0
469 71.0
182 88.0
873 2.0
72 31.0
771 6.0
137 34.0
822 19.0
216 97.0
201 98.0
797 11.0
877 89.0
94 77.0
696 22.0
548 58.0
538 1.0
446 40.0
830 86.0
448 15.0
688 10.0
386 98.0
138 9.0
864 47.0
66 87.0
828 40.0
908 53.0
495 77.0
506 71.0
978 30.0
351 53.0
139 63.0
578 31.0
139 12.0
672 13.0
285 60.0
291 31.0
931 84.0
64 47.0
796 30.0
978 50.0
43 10.0
140 37.0
310 36.0
826 59.0
565 34.0
11 59.0
136 19.0
859 1.0
64 90.0
9 69.0
511 75.0
143 5.0
279 2.0
141 56.0
753 30.0
553 97.0
842 6.0
507 79.0
877 47.0
733 44.0
434 1.0
142 58.0
852 88.0
699 61.0
135 94.0
267 30.0
617 53.0
124 8.0
340 17.0
824 66.0
934 13.0
714 64.0
704 73.0
143 75.0
418 91.0
693 53.0
144 67.0
695 42.0
95 93.0
304 69.0
209 7.0
441 28.0
231 69.0
418 75.0
335 52.0
941 94.0
145 87.0
345 99.0
202 57.0
686 88.0
916 23.0
73 63.0
715 42.0
283 6.0
319 57.0
323 97.0
857 41.0
478 25.0
272 45.0
976 84.0
766 80.0
146 75.0
374 51.0
376 78.0
13 86.0
764 24.0
783 8.0
675 14.0
666 60.0
737 75.0
653 85.0
72 48.0
147 70.0
432 67.0
158 23.0
992 69.0
757 63.0
103 15.0
863 2.0
929 97.0
434 36.0
148 41.0
550 84.0
647 100.0
143 17.0
725 2.0
122 70.0
780 40.0
82 55.0
907 24.0
136 53.0
29 99.0
14 24.0
937 56.0
769 98.0
99 82.0
149 56.0
335 85.0
411 36.0
546 21.0
561 30.0
539 98.0
795 53.0
255 82.0
850 74.0
432 28.0
150 23.0
904 2.0
175 6.0
247 91.0
53 74.0
165 94.0
435 37.0
213 15.0
353 74.0
973 5.0
482 25.0
246 91.0
151 32.0
406 6.0
314 4.0
820 46.0
306 3.0
760 69.0
689 85.0
288 81.0
342 42.0
490 5.0
473 38.0
214 16.0
253 4.0
102 73.0
320 23.0
649 92.0
833 58.0
880 55.0
270 63.0
152 53.0
968 36.0
535 4.0
793 45.0
782 50.0
829 24.0
640 42.0
496 33.0
973 60.0
763 82.0
153 61.0
284 78.0
567 9.0
136 25.0
851 87.0
634 38.0
588 56.0
107 93.0
847 28.0
154 58.0
815 78.0
899 76.0
609 98.0
222 41.0
212 48.0
489 21.0
769 43.0
155 65.0
811 8.0
756 97.0
464 22.0
921 40.0
927 18.0
383 82.0
128 77.0
535 27.0
33 40.0
156 1.0
559 91.0
529 79.0
412 20.0
980 99.0
541 96.0
238 20.0
297 11.0
116 39.0
77 20.0
90 2.0
776 90.0
436 46.0
157 73.0
854 50.0
445 53.0
204 18.0
269 14.0
894 51.0
753 68.0
238 68.0
309 62.0
792 32.0
871 18.0
171 72.0
845 1.0
158 75.0
597 18.0
106 41.0
29 33.0
144 92.0
194 20.0
822 25.0
991 32.0
243 63.0
118 55.0
527 62.0
688 14.0
739 31.0
159 50.0
86 36.0
952 85.0
105 12.0
63 80.0
316 95.0
495 100.0
960 14.0
663 99.0
269 65.0
160 86.0
805 25.0
123 68.0
247 10.0
560 83.0
419 49.0
411 90.0
128 64.0
264 83.0
219 26.0
252 15.0
604 9.0
848 16.0
22 74.0
161 68.0
331 100.0
842 66.0
313 87.0
968 67.0
555 74.0
441 54.0
27 95.0
83 16.0
995 87.0
306 100.0
162 42.0
749 88.0
721 52.0
582 95.0
420 91.0
984 85.0
175 61.0
609 38.0
409 86.0
835 32.0
492 69.0
163 84.0
612 79.0
649 36.0
275 22.0
696 25.0
550 65.0
350 74.0
520 29.0
579 79.0
365 40.0
521 74.0
466 18.0
595 12.0
164 62.0
690 31.0
155 78.0
865 62.0
795 73.0
331 28.0
427 62.0
817 60.0
467 82.0
901 55.0
217 33.0
40 98.0
381 18.0
165 95.0
707 42.0
770 54.0
96 16.0
569 96.0
229 38.0
228 48.0
35 59.0
304 11.0
944 55.0
166 90.0
218 65.0
814 23.0
183 35.0
382 52.0
83 44.0
588 99.0
938 49.0
547 89.0
167 52.0
480 65.0
685 1.0
22 97.0
296 46.0
458 94.0
206 42.0
225 52.0
487 24.0
919 88.0
492 37.0
512 14.0
814 59.0
799 76.0
168 98.0
786 100.0
225 29.0
95 54.0
173 30.0
189 1.0
654 70.0
704 32.0
476 89.0
160 31.0
817 77.0
416 62.0
213 12.0
169 32.0
373 87.0
166 14.0
961 85.0
381 13.0
496 2.0
651 50.0
868 83.0
170 35.0
322 24.0
456 57.0
97 61.0
461 69.0
349 71.0
587 67.0
123 58.0
555 64.0
925 17.0
56 53.0
815 33.0
171 77.0
191 23.0
776 30.0
403 49.0
637 16.0
89 41.0
731 88.0
624 48.0
584 79.0
172 12.0
594 10.0
250 2.0
677 71.0
46 11.0
550 6.0
177 23.0
176 78.0
490 21.0
660 33.0
135 41.0
932 55.0
173 37.0
168 57.0
973 75.0
361 33.0
565 37.0
953 68.0
678 14.0
291 29.0
521 98.0
248 56.0
255 31.0
57 12.0
174 23.0
86 80.0
199 28.0
397 55.0
797 17.0
433 44.0
938 28.0
741 14.0
54 30.0
175 88.0
967 90.0
704 93.0
846 65.0
397 63.0
314 47.0
97 46.0
282 6.0
176 86.0
945 89.0
256 12.0
967 37.0
473 50.0
900 97.0
982 91.0
323 46.0
420 86.0
609 70.0
177 14.0
692 31.0
844 71.0
166 55.0
678 16.0
579 94.0
685 81.0
198 59.0
28 43.0
178 98.0
763 33.0
828 18.0
351 83.0
740 22.0
750 31.0
260 12.0
248 47.0
630 13.0
151 39.0
797 90.0
472 55.0
273 42.0
179 8.0
383 26.0
259 74.0
506 65.0
663 23.0
627 40.0
376 44.0
562 50.0
285 30.0
180 63.0
266 24.0
222 38.0
525 25.0
541 54.0
139 97.0
853 51.0
688 13.0
181 76.0
937 67.0
90 32.0
579 71.0
388 45.0
978 64.0
218 54.0
600 77.0
553 83.0
731 95.0
514 45.0
182 72.0
528 35.0
9 84.0
760 81.0
832 97.0
183 42.0
907 98.0
398 13.0
835 63.0
356 20.0
335 28.0
74 31.0
348 98.0
409 51.0
894 43.0
184 93.0
720 62.0
909 29.0
456 75.0
148 51.0
519 51.0
361 2.0
304 17.0
950 11.0
737 22.0
809 28.0
956 22.0
185 63.0
548 69.0
361 52.0
449 25.0
667 100.0
28 82.0
223 21.0
118 82.0
727 61.0
906 85.0
691 26.0
892 53.0
23 80.0
662 99.0
186 90.0
823 40.0
837 64.0
894 75.0
685 1.0
395 33.0
187 64.0
551 33.0
123 82.0
544 20.0
174 41.0
755 38.0
768 91.0
918 43.0
124 69.0
17 49.0
188 3.0
600 16.0
186 14.0
253 65.0
802 100.0
344 14.0
283 100.0
831 41.0
999 95.0
12 2.0
409 67.0
373 27.0
189 61.0
108 88.0
468 40.0
459 23.0
474 27.0
843 36.0
886 38.0
190 30.0
954 24.0
934 99.0
843 21.0
831 52.0
537 62.0
138 98.0
555 51.0
171 45.0
565 53.0
672 25.0
999 71.0
191 20.0
317 15.0
323 51.0
155 53.0
192 46.0
379 49.0
465 92.0
993 85.0
595 28.0
187 3.0
676 80.0
253 72.0
768 67.0
592 60.0
809 46.0
348 74.0
895 22.0
644 24.0
930 87.0
193 42.0
193 1.0
671 56.0
730 63.0
195 3.0
50 87.0
30 63.0
19 7.0
159 37.0
168 25.0
529 56.0
221 40.0
194 70.0
407 24.0
122 10.0
291 25.0
783 83.0
56 24.0
181 38.0
457 63.0
885 55.0
802 24.0
195 25.0
808 52.0
608 43.0
689 33.0
270 88.0
882 34.0
567 89.0
681 75.0
287 4.0
791 42.0
40 65.0
511 12.0
618 95.0
766 17.0
998 100.0
887 91.0
196 44.0
13 75.0
612 22.0
190 90.0
914 84.0
398 61.0
769 6.0
439 82.0
831 77.0
197 74.0
550 29.0
159 28.0
751 64.0
539 10.0
13 13.0
360 99.0
994 36.0
646 97.0
229 42.0
198 44.0
236 26.0
361 44.0
451 9.0
989 20.0
386 34.0
508 27.0
535 6.0
70 15.0
293 34.0
886 29.0
8 22.0
199 58.0
728 56.0
343 87.0
131 50.0
47 45.0
726 58.0
207 17.0
99 25.0
71 19.0
491 41.0
642 3.0
104 98.0
515 33.0
200 39.0
134 27.0
675 42.0
122 9.0
323 95.0
940 23.0
569 2.0
630 13.0
260 78.0
56 86.0
954 46.0
208 71.0
201 84.0
634 24.0
553 100.0
826 3.0
329 1.0
478 23.0
915 91.0
202 92.0
347 7.0
252 76.0
598 70.0
827 35.0
89 61.0
203 17.0
67 14.0
135 11.0
681 23.0
92 94.0
279 21.0
659 44.0
768 99.0
517 90.0
11 47.0
693 83.0
617 76.0
497 63.0
119 45.0
689 71.0
18 78.0
204 63.0
980 65.0
779 29.0
789 97.0
457 57.0
229 31.0
122 13.0
304 54.0
660 69.0
205 40.0
41 37.0
897 17.0
206 95.0
753 35.0
863 74.0
817 69.0
69 36.0
422 62.0
974 74.0
607 61.0
207 56.0
562 80.0
56 59.0
464 12.0
130 15.0
485 42.0
521 9.0
492 54.0
340 63.0
92 81.0
153 46.0
238 46.0
319 69.0
208 36.0
932 45.0
707 85.0
79 45.0
273 91.0
759 33.0
890 8.0
268 82.0
671 14.0
54 10.0
530 24.0
425 69.0
271 18.0
209 100000.0
993 68.0
697 19.0
211 75.0
285 35.0
964 68.0
122 52.0
637 97.0
988 97.0
769 88.0
816 50.0
185 12.0
952 5.0
210 94.0
907 73.0
181 57.0
655 79.0
629 50.0
705 24.0
300 6.0
440 4.0
558 97.0
927 15.0
786 100000.0
211 88.0
163 61.0
153 16.0
59 32.0
88 61.0
681 22.0
119 28.0
761 55.0
225 54.0
537 77.0
80 42.0
212 50.0
546 15.0
626 89.0
213 52.0
763 27.0
179 68.0
513 10.0
777 77.0
665 10.0
75 52.0
438 64.0
87 40.0
612 47.0
214 42.0
785 98.0
108 2.0
244 79.0
74 61.0
535 83.0
753 13.0
356 72.0
683 27.0
337 96.0
215 71.0
888 80.0
709 96.0
955 14.0
417 45.0
396 23.0
922 54.0
415 8.0
714 11.0
892 47.0
216 29.0
507 91.0
161 19.0
658 42.0
318 92.0
461 96.0
516 53.0
331 57.0
657 94.0
17 96.0
217 18.0
190 37.0
309 23.0
213 70.0
191 65.0
218 77.0
79 41.0
937 70.0
984 99.0
592 29.0
987 28.0
5 14.0
9 95.0
295 3.0
952 93.0
777 94.0
778 35.0
278 63.0
912 81.0
219 15.0
227 40.0
328 100.0
662 89.0
338 76.0
982 89.0
59 61.0
745 22.0
540 93.0
631 55.0
802 19.0
997 67.0
236 12.0
220 59.0
528 63.0
557 56.0
120 48.0
347 70.0
746 53.0
74 21.0
665 7.0
624 29.0
915 33.0
539 81.0
692 62.0
221 7.0
453 85.0
956 53.0
332 42.0
222 8.0
910 33.0
589 16.0
537 94.0
576 84.0
100 35.0
650 25.0
477 60.0
223 40.0
253 2.0
617 56.0
162 67.0
6 16.0
846 60.0
626 81.0
127 46.0
719 96.0
97 75.0
224 96.0
369 33.0
176 38.0
87 15.0
984 37.0
938 59.0
812 16.0
48 38.0
599 48.0
42 83.0
332 71.0
841 76.0
367 93.0
642 85.0
225 6.0
250 53.0
521 42.0
858 52.0
400 88.0
953 93.0
571 9.0
857 95.0
820 53.0
581 83.0
610 93.0
2 76.0
893 9.0
530 40.0
392 76.0
415 4.0
226 45.0
538 81.0
172 11.0
73 87.0
45 87.0
973 23.0
870 94.0
767 72.0
823 99.0
851 44.0
578 24.0
385 78.0
820 77.0
227 7.0
369 73.0
490 57.0
380 78.0
405 26.0
991 75.0
368 39.0
517 32.0
735 44.0
979 72.0
638 90.0
334 75.0
228 6.0
206 25.0
149 98.0
70 91.0
702 45.0
311 23.0
571 17.0
558 67.0
194 12.0
718 65.0
591 62.0
173 18.0
229 21.0
389 91.0
808 58.0
331 15.0
219 60.0
913 99.0
986 83.0
453 51.0
381 35.0
365 97.0
204 53.0
815 17.0
115 93.0
133 22.0
212 54.0
230 86.0
302 72.0
601 87.0
266 11.0
704 70.0
386 3.0
475 14.0
655 69.0
382 37.0
919 4.0
20 90.0
287 18.0
985 91.0
401 89.0
231 42.0
272 82.0
391 42.0
633 12.0
996 92.0
770 72.0
810 82.0
128 24.0
692 23.0
247 100.0
600 59.0
383 57.0
283 81.0
232 30.0
395 51.0
605 84.0
636 63.0
276 13.0
598 90.0
613 99.0
233 68.0
637 14.0
253 75.0
260 83.0
974 40.0
409 34.0
307 95.0
214 94.0
462 54.0
72 93.0
667 31.0
85 4.0
457 100.0
211 91.0
123 31.0
626 26.0
306 31.0
519 93.0
234 16.0
565 67.0
290 34.0
813 15.0
427 57.0
82 54.0
482 24.0
801 35.0
406 93.0
554 49.0
522 4.0
235 41.0
908 46.0
647 84.0
405 50.0
634 51.0
98 35.0
697 35.0
618 85.0
857 39.0
574 93.0
670 78.0
765 54.0
236 8.0
4 73.0
670 14.0
949 10.0
782 8.0
257 25.0
57 20.0
95 84.0
280 24.0
98 78.0
483 58.0
83 73.0
332 8.0
989 96.0
237 68.0
841 88.0
258 48.0
2 52.0
77 95.0
31 49.0
94 11.0
238 63.0
537 14.0
271 57.0
66 10.0
561 24.0
27 60.0
501 57.0
597 22.0
756 7.0
534 95.0
643 71.0
239 15.0
416 29.0
436 21.0
14 44.0
570 11.0
50 98.0
945 84.0
742 13.0
990 12.0
348 97.0
16 98.0
240 16.0
410 58.0
433 29.0
442 42.0
88 86.0
916 12.0
712 100.0
241 92.0
153 53.0
916 40.0
858 93.0
331 43.0
364 15.0
74 8.0
134 9.0
427 8.0
851 22.0
49 41.0
242 74.0
179 34.0
641 86.0
900 42.0
862 17.0
458 81.0
884 71.0
749 43.0
243 69.0
413 60.0
784 90.0
253 74.0
420 92.0
483 51.0
111 21.0
326 50.0
839 96.0
244 49.0
838 65.0
922 88.0
302 28.0
317 71.0
187 38.0
786 81.0
234 33.0
592 1.0
43 5.0
790 7.0
839 12.0
245 53.0
590 64.0
286 98.0
129 86.0
457 21.0
529 56.0
246 27.0
109 92.0
843 15.0
702 49.0
771 22.0
924 56.0
432 64.0
247 28.0
261 20.0
227 68.0
790 75.0
792 54.0
75 10.0
694 44.0
248 38.0
569 15.0
45 30.0
687 14.0
157 72.0
671 100.0
96 36.0
306 17.0
37 66.0
626 41.0
249 24.0
595 47.0
806 9.0
407 6.0
263 35.0
642 11.0
775 17.0
457 19.0
267 96.0
311 32.0
492 20.0
647 55.0
166 88.0
250 8.0
354 35.0
185 54.0
948 34.0
680 40.0
324 21.0
106 90.0
346 41.0
925 98.0
3 64.0
251 17.0
553 17.0
878 31.0
144 99.0
561 75.0
81 63.0
74 82.0
717 15.0
269 60.0
252 15.0
641 77.0
381 50.0
326 8.0
497 2.0
406 52.0
159 90.0
628 60.0
375 3.0
659 58.0
231 3.0
204 5.0
253 84.0
464 59.0
502 26.0
206 6.0
717 64.0
227 34.0
184 51.0
483 70.0
797 65.0
75 79.0
771 15.0
254 18.0
196 36.0
566 2.0
466 62.0
658 74.0
119 6.0
136 17.0
532 48.0
803 13.0
255 89.0
388 51.0
496 29.0
423 90.0
237 31.0
338 96.0
66 92.0
256 91.0
890 97.0
208 63.0
36 92.0
703 49.0
492 56.0
936 77.0
27 81.0
257 5.0
138 80.0
611 3.0
616 49.0
698 18.0
72 67.0
19 88.0
278 61.0
155 62.0
106 26.0
924 95.0
538 77.0
166 14.0
110 8.0
258 35.0
618 53.0
448 10.0
469 5.0
985 96.0
144 81.0
991 84.0
411 58.0
351 97.0
556 85.0
771 92.0
239 81.0
825 43.0
196 5.0
83 46.0
259 17.0
482 18.0
43 12.0
46 46.0
598 56.0
433 32.0
802 85.0
948 20.0
260 67.0
798 39.0
997 84.0
414 62.0
222 57.0
562 83.0
668 28.0
920 73.0
326 66.0
602 8.0
127 75.0
903 6.0
261 66.0
187 44.0
374 80.0
565 90.0
907 14.0
321 33.0
29 7.0
487 51.0
150 38.0
968 66.0
262 91.0
65 69.0
36 87.0
858 14.0
43 27.0
122 14.0
610 12.0
495 47.0
532 47.0
508 48.0
988 89.0
161 34.0
263 62.0
363 65.0
803 61.0
56 52.0
481 27.0
630 1.0
903 87.0
797 56.0
337 78.0
95 94.0
635 6.0
255 84.0
100 18.0
658 93.0
411 38.0
264 32.0
932 20.0
613 50.0
764 1.0
49 39.0
13 20.0
442 6.0
879 86.0
161 13.0
492 6.0
605 99.0
223 87.0
179 83.0
924 64.0
499 59.0
107 16.0
265 90.0
387 24.0
152 84.0
726 78.0
266 15.0
893 55.0
314 96.0
111 9.0
151 32.0
906 53.0
587 57.0
230 40.0
369 97.0
764 32.0
165 73.0
354 82.0
558 3.0
267 27.0
401 51.0
273 85.0
435 71.0
675 73.0
181 41.0
896 56.0
995 5.0
219 63.0
503 5.0
573 17.0
931 13.0
988 24.0
594 26.0
331 24.0
771 11.0
567 34.0
268 23.0
914 3.0
153 82.0
508 37.0
245 70.0
947 23.0
802 93.0
269 97.0
237 60.0
2 78.0
81 56.0
935 20.0
997 84.0
594 41.0
400 56.0
789 51.0
270 61.0
558 9.0
366 50.0
374 91.0
638 11.0
52 8.0
782 16.0
396 7.0
400 100.0
271 40.0
715 88.0
625 48.0
157 10.0
632 88.0
41 30.0
318 13.0
722 75.0
908 60.0
896 43.0
191 27.0
764 45.0
699 11.0
272 22.0
881 78.0
801 77.0
145 88.0
102 77.0
978 59.0
773 86.0
832 93.0
89 91.0
273 60.0
912 23.0
977 21.0
616 6.0
502 52.0
419 24.0
503 78.0
424 21.0
655 98.0
4 74.0
274 37.0
849 7.0
573 5.0
712 16.0
462 99.0
978 15.0
635 86.0
658 88.0
874 58.0
352 59.0
500 74.0
452 53.0
989 13.0
470 72.0
275 69.0
53 60.0
226 82.0
551 96.0
218 27.0
73 9.0
106 12.0
812 28.0
206 97.0
276 92.0
913 59.0
667 47.0
320 24.0
746 98.0
418 43.0
623 55.0
979 39.0
742 62.0
724 74.0
292 65.0
375 65.0
487 12.0
779 100.0
277 81.0
380 95.0
835 51.0
845 74.0
484 100.0
413 39.0
260 95.0
554 82.0
62 59.0
738 55.0
278 44.0
593 8.0
707 33.0
110 63.0
55 54.0
623 22.0
405 29.0
570 21.0
266 37.0
471 2.0
399 39.0
456 8.0
279 56.0
731 11.0
746 98.0
345 41.0
680 40.0
574 51.0
209 64.0
607 92.0
203 2.0
631 72.0
358 13.0
280 100.0
403 83.0
906 55.0
753 22.0
953 1.0
655 71.0
919 46.0
867 34.0
274 10.0
281 83.0
518 99.0
618 95.0
314 11.0
516 61.0
792 86.0
282 55.0
898 85.0
729 81.0
618 29.0
615 32.0
779 49.0
102 86.0
724 30.0
490 68.0
119 84.0
283 51.0
179 16.0
727 95.0
249 99.0
804 87.0
631 49.0
857 62.0
770 65.0
335 40.0
517 77.0
482 40.0
284 91.0
210 39.0
615 61.0
357 65.0
961 47.0
78 19.0
88 95.0
715 4.0
495 19.0
178 61.0
104 51.0
285 65.0
192 41.0
592 73.0
194 22.0
188 67.0
691 9.0
716 53.0
286 30.0
688 11.0
719 13.0
76 59.0
812 15.0
60 96.0
485 76.0
875 93.0
593 62.0
161 48.0
236 88.0
287 38.0
327 99.0
640 18.0
533 21.0
241 45.0
874 49.0
229 47.0
40 33.0
251 78.0
926 77.0
185 11.0
529 94.0
892 87.0
3 60.0
301 93.0
435 10.0
288 93.0
524 96.0
621 84.0
966 81.0
70 2.0
825 50.0
425 63.0
939 17.0
428 90.0
542 12.0
679 90.0
448 35.0
672 59.0
309 42.0
1 24.0
99 87.0
289 25.0
55 68.0
582 98.0
356 27.0
711 5.0
143 7.0
608 97.0
853 88.0
811 59.0
290 77.0
232 10.0
789 70.0
392 52.0
901 63.0
626 50.0
442 16.0
284 83.0
182 38.0
677 63.0
771 10.0
774 66.0
645 89.0
829 82.0
61 87.0
90 85.0
229 98.0
291 38.0
442 66.0
601 78.0
348 86.0
891 14.0
560 26.0
644 90.0
292 63.0
589 41.0
413 44.0
243 37.0
624 85.0
173 4.0
801 50.0
357 46.0
363 99.0
710 58.0
843 56.0
598 21.0
172 63.0
436 44.0
335 85.0
682 42.0
353 92.0
211 21.0
293 59.0
588 9.0
879 93.0
316 7.0
540 42.0
171 100.0
249 94.0
47 44.0
256 94.0
294 60.0
398 76.0
128 20.0
565 61.0
42 6.0
86 5.0
941 45.0
905 23.0
758 61.0
881 70.0
600 4.0
983 8.0
295 50.0
481 58.0
41 35.0
256 82.0
460 97.0
48 57.0
930 93.0
113 15.0
891 38.0
239 5.0
405 36.0
873 42.0
296 35.0
130 30.0
819 63.0
956 76.0
833 87.0
622 67.0
147 43.0
371 3.0
37 9.0
559 3.0
726 35.0
11 82.0
629 77.0
925 100.0
344 88.0
265 53.0
297 76.0
292 77.0
237 48.0
927 68.0
906 4.0
207 73.0
911 6.0
764 71.0
395 80.0
512 44.0
497 47.0
298 64.0
854 72.0
273 77.0
325 12.0
359 34.0
212 7.0
827 96.0
618 53.0
908 75.0
52 86.0
299 7.0
635 43.0
749 42.0
882 21.0
577 54.0
902 12.0
822 84.0
528 74.0
118 15.0
552 86.0
825 26.0
213 49.0
300 93.0
801 14.0
56 60.0
953 60.0
39 48.0
821 99.0
178 29.0
13 5.0
347 14.0
301 31.0
971 71.0
270 8.0
638 37.0
670 55.0
59 29.0
384 56.0
722 60.0
516 67.0
69 49.0
223 96.0
731 62.0
717 64.0
791 5.0
302 74.0
869 52.0
895 13.0
510 29.0
412 91.0
933 95.0
960 25.0
151 59.0
474 62.0
55 37.0
250 4.0
36 98.0
292 15.0
358 65.0
990 40.0
737 10.0
303 94.0
531 11.0
310 62.0
13 31.0
364 38.0
242 99.0
308 51.0
304 91.0
501 86.0
346 87.0
588 31.0
455 4.0
316 25.0
786 28.0
598 77.0
238 22.0
521 21.0
541 75.0
305 19.0
143 61.0
80 21.0
409 86.0
403 20.0
581 92.0
899 74.0
385 20.0
627 8.0
281 78.0
306 47.0
545 14.0
197 63.0
680 72.0
354 21.0
855 11.0
252 97.0
41 53.0
579 77.0
941 74.0
169 64.0
70 65.0
937 45.0
307 17.0
275 44.0
961 74.0
570 77.0
259 31.0
227 22.0
670 20.0
865 71.0
386 25.0
308 72.0
214 40.0
275 81.0
200 77.0
787 69.0
923 88.0
422 41.0
658 54.0
309 77.0
735 19.0
486 39.0
882 22.0
392 84.0
58 14.0
270 1.0
169 49.0
481 18.0
685 34.0
606 59.0
312 44.0
686 5.0
310 5.0
420 84.0
177 78.0
133 90.0
922 35.0
619 13.0
350 11.0
845 46.0
774 36.0
311 8.0
503 89.0
413 45.0
640 19.0
275 6.0
669 75.0
752 60.0
740 63.0
641 28.0
81 43.0
218 5.0
37 98.0
312 51.0
339 45.0
993 95.0
425 42.0
560 72.0
275 14.0
245 72.0
45 51.0
713 38.0
235 81.0
282 36.0
582 24.0
330 16.0
941 88.0
187 19.0
244 89.0
762 58.0
313 82.0
694 66.0
237 90.0
456 50.0
937 6.0
302 58.0
322 57.0
717 65.0
844 34.0
496 68.0
655 46.0
390 34.0
780 1.0
314 56.0
242 70.0
724 13.0
938 43.0
355 96.0
468 85.0
955 27.0
513 71.0
639 35.0
315 93.0
634 90.0
673 67.0
702 36.0
693 52.0
455 73.0
484 30.0
869 66.0
917 62.0
389 50.0
983 18.0
88 54.0
304 89.0
595 39.0
627 31.0
931 67.0
316 58.0
864 75.0
794 66.0
327 86.0
50 38.0
458 57.0
418 79.0
215 54.0
398 86.0
46 28.0
520 4.0
835 87.0
580 39.0
789 91.0
322 44.0
710 11.0
317 33.0
358 89.0
552 56.0
529 70.0
318 66.0
612 50.0
705 72.0
421 37.0
347 70.0
532 78.0
657 60.0
319 60.0
830 37.0
281 73.0
792 39.0
590 88.0
905 14.0
823 89.0
106 97.0
170 78.0
87 62.0
392 98.0
50 16.0
791 58.0
320 96.0
74 37.0
998 54.0
751 41.0
646 43.0
822 84.0
146 34.0
488 4.0
883 79.0
793 97.0
710 24.0
775 61.0
494 40.0
321 34.0
510 5.0
976 57.0
334 74.0
468 3.0
290 89.0
723 53.0
59 55.0
738 85.0
809 28.0
322 26.0
262 56.0
515 30.0
861 71.0
189 71.0
126 17.0
10 83.0
378 34.0
973 61.0
32 95.0
892 23.0
323 93.0
526 52.0
556 80.0
584 79.0
107 40.0
454 56.0
898 21.0
324 30.0
953 89.0
637 51.0
861 80.0
514 15.0
385 86.0
486 58.0
456 12.0
691 22.0
99 75.0
16 35.0
717 22.0
763 64.0
325 36.0
734 52.0
108 60.0
19 56.0
426 10.0
502 18.0
522 37.0
651 54.0
682 44.0
669 3.0
326 15.0
671 98.0
200 28.0
215 87.0
564 70.0
182 68.0
571 82.0
452 19.0
208 83.0
685 96.0
327 94.0
81 8.0
703 72.0
799 25.0
923 44.0
342 43.0
412 13.0
302 85.0
764 86.0
472 55.0
404 50.0
635 79.0
335 90.0
561 52.0
19 87.0
328 83.0
621 86.0
251 45.0
491 78.0
358 54.0
16 37.0
349 31.0
91 11.0
172 86.0
675 66.0
267 31.0
177 80.0
694 76.0
765 3.0
559 7.0
831 13.0
702 7.0
612 36.0
329 43.0
478 13.0
802 47.0
50 49.0
480 1.0
330 24.0
825 71.0
438 86.0
657 78.0
432 85.0
442 76.0
529 72.0
532 44.0
331 3.0
329 75.0
444 62.0
716 11.0
74 76.0
941 54.0
281 51.0
332 70.0
68 4.0
329 68.0
131 96.0
848 5.0
256 36.0
981 92.0
333 33.0
579 27.0
712 24.0
668 33.0
269 50.0
226 77.0
674 15.0
923 17.0
948 59.0
587 48.0
609 84.0
178 35.0
767 12.0
34 63.0
451 6.0
906 50.0
682 87.0
334 82.0
1 30.0
38 35.0
76 51.0
960 4.0
447 76.0
280 78.0
449 33.0
269 86.0
69 55.0
665 99.0
541 9.0
55 74.0
571 59.0
901 49.0
864 36.0
489 24.0
335 53.0
620 36.0
761 83.0
506 9.0
652 12.0
803 90.0
262 77.0
103 40.0
344 81.0
183 62.0
425 44.0
284 92.0
296 74.0
336 69.0
7 14.0
260 59.0
963 61.0
994 42.0
283 40.0
893 84.0
897 22.0
99 62.0
563 87.0
534 31.0
772 53.0
470 78.0
2 51.0
382 43.0
337 71.0
547 99.0
976 73.0
911 84.0
162 27.0
566 78.0
61 84.0
429 21.0
143 58.0
713 86.0
155 11.0
156 26.0
39 10.0
572 46.0
862 9.0
338 79.0
507 77.0
599 41.0
504 1.0
579 80.0
563 91.0
20 49.0
868 52.0
235 19.0
725 35.0
339 51.0
164 71.0
578 18.0
275 43.0
827 72.0
564 79.0
854 52.0
654 39.0
255 63.0
707 71.0
488 96.0
49 83.0
675 68.0
498 12.0
340 100.0
125 53.0
247 78.0
357 21.0
353 72.0
587 48.0
201 44.0
884 29.0
377 87.0
936 90.0
932 51.0
642 20.0
341 44.0
125 15.0
207 50.0
611 71.0
331 4.0
801 34.0
293 50.0
802 99.0
822 86.0
705 62.0
697 73.0
479 54.0
209 95.0
972 73.0
128 97.0
342 51.0
71 28.0
836 56.0
73 9.0
307 42.0
386 24.0
118 71.0
746 66.0
14 84.0
380 83.0
615 95.0
700 50.0
163 19.0
675 1.0
343 43.0
456 50.0
225 47.0
56 83.0
776 66.0
547 10.0
31 42.0
974 68.0
415 7.0
234 73.0
379 91.0
197 81.0
769 83.0
439 95.0
344 93.0
705 30.0
125 79.0
800 81.0
560 19.0
593 25.0
762 31.0
887 5.0
777 27.0
345 11.0
389 41.0
964 60.0
656 86.0
510 23.0
316 37.0
792 54.0
146 65.0
112 11.0
346 71.0
194 41.0
356 4.0
593 6.0
727 3.0
559 57.0
582 94.0
46 99.0
894 47.0
728 99.0
294 43.0
347 72.0
401 79.0
350 65.0
471 37.0
321 98.0
132 76.0
399 12.0
936 77.0
348 12.0
381 61.0
844 16.0
241 76.0
487 67.0
912 23.0
153 78.0
309 68.0
609 42.0
52 37.0
851 81.0
473 25.0
438 10.0
349 92.0
296 68.0
955 34.0
416 30.0
823 65.0
134 23.0
92 18.0
643 10.0
170 56.0
880 80.0
731 44.0
114 28.0
350 6.0
137 96.0
451 77.0
417 49.0
73 52.0
395 52.0
96 59.0
52 66.0
746 94.0
474 13.0
517 19.0
534 92.0
351 69.0
659 17.0
928 22.0
5 36.0
344 49.0
415 53.0
576 56.0
491 8.0
691 2.0
352 23.0
474 4.0
811 41.0
506 1.0
396 1.0
33 4.0
137 8.0
199 18.0
851 49.0
353 34.0
204 94.0
52 13.0
147 87.0
76 12.0
112 62.0
673 58.0
290 98.0
765 53.0
354 90.0
512 72.0
946 44.0
411 98.0
896 10.0
271 3.0
376 85.0
941 13.0
625 25.0
118 44.0
115 44.0
884 26.0
732 69.0
851 80.0
640 59.0
355 61.0
598 43.0
248 97.0
299 81.0
425 69.0
68 75.0
455 20.0
52 47.0
939 22.0
712 28.0
230 68.0
217 78.0
50 69.0
905 45.0
945 80.0
345 36.0
225 29.0
96 87.0
356 49.0
131 20.0
695 36.0
34 54.0
418 74.0
427 94.0
818 9.0
932 27.0
346 1.0
62 78.0
678 29.0
106 10.0
357 68.0
373 72.0
687 81.0
394 51.0
797 84.0
409 63.0
709 67.0
358 94.0
165 13.0
341 9.0
765 92.0
940 49.0
406 89.0
50 32.0
448 96.0
84 68.0
618 65.0
566 96.0
253 44.0
944 74.0
627 48.0
359 57.0
381 37.0
982 72.0
412 46.0
209 78.0
409 2.0
93 90.0
371 71.0
180 21.0
417 56.0
255 37.0
560 10.0
777 7.0
471 24.0
360 58.0
548 56.0
255 7.0
290 98.0
761 48.0
366 98.0
376 75.0
368 21.0
684 72.0
633 60.0
599 85.0
361 2.0
962 95.0
511 42.0
635 54.0
187 24.0
15 46.0
752 43.0
882 24.0
438 33.0
820 95.0
113 13.0
362 83.0
526 27.0
729 95.0
839 34.0
179 76.0
508 50.0
239 3.0
32 56.0
936 78.0
801 41.0
987 47.0
496 14.0
691 44.0
363 60.0
20 100.0
685 48.0
545 87.0
555 41.0
619 23.0
769 16.0
180 3.0
847 44.0
816 24.0
364 88.0
621 65.0
669 11.0
397 38.0
551 48.0
181 66.0
291 43.0
720 62.0
561 6.0
3 72.0
365 74.0
290 66.0
49 63.0
768 55.0
76 89.0
82 97.0
748 39.0
559 8.0
233 25.0
887 100.0
811 40.0
538 72.0
207 73.0
366 87.0
935 24.0
955 94.0
734 60.0
431 19.0
227 57.0
672 1.0
783 13.0
451 36.0
467 2.0
119 21.0
168 79.0
977 7.0
30 5.0
367 87.0
627 38.0
847 54.0
633 83.0
870 64.0
541 15.0
983 14.0
861 71.0
356 37.0
90 31.0
145 9.0
997 14.0
368 59.0
629 29.0
448 54.0
480 18.0
794 76.0
469 6.0
356 61.0
361 31.0
510 38.0
635 29.0
849 68.0
369 12.0
356 98.0
914 66.0
579 24.0
784 10.0
583 70.0
261 3.0
892 21.0
870 61.0
655 62.0
263 87.0
272 56.0
370 99.0
252 10.0
713 34.0
171 98.0
945 1.0
481 14.0
84 73.0
473 18.0
582 97.0
371 84.0
8 20.0
673 65.0
734 66.0
310 85.0
921 67.0
299 48.0
110 88.0
212 61.0
578 84.0
772 71.0
461 37.0
372 76.0
706 61.0
470 21.0
31 2.0
795 82.0
153 82.0
808 13.0
508 98.0
305 91.0
307 38.0
158 13.0
208 50.0
150 28.0
319 68.0
538 94.0
373 55.0
977 48.0
762 37.0
527 73.0
289 8.0
177 48.0
959 28.0
448 8.0
995 19.0
909 13.0
717 7.0
511 46.0
290 99.0
572 66.0
754 12.0
374 25.0
568 12.0
547 59.0
518 28.0
28 57.0
229 44.0
571 76.0
66 74.0
653 73.0
67 9.0
721 54.0
657 45.0
952 64.0
526 9.0
973 64.0
956 19.0
375 51.0
976 28.0
340 45.0
913 67.0
476 75.0
743 49.0
700 85.0
376 4.0
187 46.0
402 52.0
467 92.0
843 72.0
333 72.0
289 57.0
534 89.0
913 7.0
964 24.0
127 15.0
377 22.0
591 60.0
402 96.0
446 57.0
709 65.0
865 34.0
616 59.0
464 34.0
689 72.0
290 1.0
194 10.0
672 44.0
454 85.0
474 65.0
656 10.0
339 93.0
629 19.0
378 18.0
927 6.0
300 8.0
228 59.0
487 31.0
980 6.0
746 81.0
379 39.0
63 91.0
876 89.0
665 32.0
823 74.0
605 33.0
374 6.0
380 83.0
195 22.0
682 50.0
399 88.0
388 48.0
926 5.0
749 55.0
994 64.0
512 6.0
196 32.0
346 77.0
775 1.0
626 41.0
625 75.0
381 30.0
731 27.0
714 76.0
435 72.0
875 42.0
309 16.0
993 92.0
462 11.0
382 47.0
849 35.0
640 81.0
180 97.0
712 5.0
563 89.0
770 34.0
282 18.0
363 45.0
514 41.0
383 16.0
892 12.0
586 92.0
247 5.0
645 94.0
50 15.0
533 72.0
629 49.0
248 78.0
807 26.0
674 3.0
528 54.0
964 91.0
995 91.0
269 97.0
532 20.0
384 66.0
573 66.0
827 68.0
96 41.0
891 46.0
7 97.0
910 83.0
470 89.0
593 34.0
32 50.0
762 94.0
569 28.0
894 13.0
256 86.0
992 52.0
329 48.0
988 79.0
385 11.0
420 61.0
503 10.0
621 2.0
505 73.0
5 57.0
683 92.0
753 54.0
386 81.0
407 15.0
20 38.0
183 99.0
456 57.0
940 8.0
612 60.0
805 68.0
387 56.0
745 67.0
645 12.0
45 56.0
17 58.0
47 94.0
659 82.0
194 80.0
16 25.0
100 77.0
547 11.0
273 43.0
886 40.0
163 31.0
22 7.0
388 80.0
844 6.0
213 81.0
936 54.0
830 49.0
53 58.0
26 30.0
933 34.0
483 51.0
293 4.0
782 66.0
389 43.0
874 64.0
251 60.0
161 79.0
401 98.0
448 59.0
92 42.0
232 37.0
390 96.0
1000 83.0
817 54.0
582 16.0
118 70.0
276 91.0
460 48.0
265 95.0
51 28.0
125 68.0
919 57.0
485 95.0
809 12.0
893 34.0
935 88.0
11 51.0
25 55.0
391 70.0
815 96.0
518 68.0
339 54.0
401 84.0
271 10.0
392 15.0
560 78.0
243 75.0
887 27.0
73 21.0
230 98.0
393 38.0
674 45.0
613 99.0
979 25.0
109 54.0
246 96.0
576 76.0
460 19.0
933 79.0
333 15.0
384 31.0
394 21.0
335 93.0
98 64.0
476 3.0
387 66.0
395 16.0
919 32.0
429 58.0
664 7.0
513 77.0
752 16.0
396 1.0
792 6.0
746 49.0
297 68.0
985 11.0
397 77.0
164 61.0
268 16.0
780 88.0
938 94.0
57 23.0
802 4.0
577 62.0
398 13.0
114 45.0
640 11.0
47 55.0
626 86.0
962 3.0
704 53.0
475 73.0
935 85.0
867 76.0
399 96.0
599 49.0
132 68.0
925 93.0
77 93.0
82 66.0
6 10.0
867 65.0
142 74.0
400 84.0
567 45.0
167 29.0
836 47.0
457 68.0
809 32.0
106 76.0
29 58.0
98 83.0
264 87.0
262 84.0
612 12.0
401 14.0
404 99.0
780 54.0
12 93.0
672 47.0
983 50.0
258 99.0
493 98.0
76 17.0
731 38.0
402 85.0
403 17.0
641 11.0
377 91.0
209 71.0
181 53.0
510 21.0
567 2.0
90 89.0
630 26.0
274 74.0
727 45.0
4 5.0
524 51.0
403 32.0
522 9.0
311 9.0
678 95.0
333 39.0
910 4.0
233 51.0
55 82.0
417 6.0
945 57.0
404 66.0
382 50.0
59 18.0
317 49.0
22 60.0
785 74.0
516 96.0
714 88.0
393 38.0
652 7.0
405 52.0
467 34.0
250 68.0
718 1.0
908 10.0
255 99.0
850 31.0
641 47.0
809 22.0
742 82.0
898 80.0
406 25.0
296 9.0
698 68.0
529 95.0
920 45.0
496 34.0
620 84.0
683 32.0
883 38.0
662 39.0
889 3.0
407 21.0
418 19.0
112 88.0
809 49.0
259 92.0
251 46.0
550 76.0
233 52.0
221 53.0
955 93.0
326 86.0
733 10.0
714 71.0
286 19.0
948 98.0
147 45.0
408 14.0
618 91.0
942 86.0
671 19.0
854 11.0
434 49.0
626 66.0
168 66.0
647 31.0
409 86.0
157 5.0
923 3.0
856 49.0
735 22.0
690 59.0
446 53.0
897 24.0
158 91.0
482 62.0
279 18.0
45 91.0
610 35.0
498 10.0
720 33.0
268 40.0
876 53.0
976 9.0
518 52.0
410 51.0
994 89.0
716 87.0
959 78.0
748 1.0
35 92.0
162 65.0
6 20.0
919 87.0
559 1.0
916 27.0
649 64.0
43 64.0
813 81.0
154 75.0
411 49.0
93 75.0
288 96.0
503 81.0
559 45.0
86 71.0
955 63.0
777 29.0
92 47.0
210 52.0
35 55.0
412 6.0
620 29.0
457 18.0
595 65.0
62 79.0
860 82.0
512 69.0
537 88.0
989 22.0
41 39.0
795 77.0
220 43.0
413 21.0
794 6.0
373 65.0
739 9.0
258 46.0
924 55.0
403 75.0
287 81.0
306 79.0
414 70.0
434 61.0
209 88.0
57 1.0
995 84.0
643 57.0
314 74.0
623 49.0
712 36.0
449 74.0
334 19.0
415 42.0
502 88.0
429 60.0
170 23.0
432 46.0
949 87.0
189 35.0
472 53.0
624 63.0
416 57.0
152 62.0
599 75.0
186 68.0
600 73.0
654 48.0
845 68.0
403 28.0
770 6.0
417 56.0
905 95.0
623 34.0
821 72.0
505 7.0
304 3.0
330 64.0
418 77.0
11 22.0
762 23.0
675 71.0
705 69.0
225 81.0
419 62.0
68 39.0
342 18.0
318 56.0
3 13.0
721 74.0
483 42.0
740 36.0
655 85.0
417 26.0
290 91.0
744 58.0
420 83.0
214 72.0
219 34.0
417 38.0
952 96.0
920 77.0
277 1.0
57 62.0
702 77.0
877 64.0
213 36.0
297 63.0
554 3.0
180 46.0
279 86.0
755 79.0
548 15.0
621 2.0
421 81.0
280 27.0
924 33.0
135 48.0
622 5.0
489 15.0
512 23.0
422 2.0
728 34.0
33 16.0
179 35.0
35 37.0
528 31.0
997 44.0
424 34.0
271 41.0
401 71.0
52 50.0
512 70.0
45 38.0
606 79.0
278 80.0
423 62.0
365 72.0
679 60.0
354 53.0
193 15.0
356 32.0
247 30.0
734 100.0
956 14.0
686 65.0
470 38.0
424 37.0
826 8.0
526 7.0
505 67.0
35 79.0
963 73.0
224 82.0
634 4.0
801 98.0
806 95.0
370 36.0
340 63.0
589 7.0
399 63.0
94 48.0
63 56.0
21 80.0
474 51.0
707 17.0
609 32.0
425 22.0
156 12.0
124 78.0
440 30.0
580 100.0
975 76.0
202 41.0
394 23.0
504 79.0
596 2.0
474 18.0
426 38.0
14 28.0
667 69.0
807 4.0
617 70.0
427 27.0
193 57.0
2 90.0
445 46.0
959 20.0
362 11.0
235 7.0
636 88.0
970 94.0
103 88.0
132 37.0
118 32.0
841 72.0
135 41.0
66 56.0
428 65.0
59 53.0
583 65.0
423 6.0
410 23.0
645 13.0
429 76.0
54 13.0
713 5.0
439 77.0
806 5.0
701 84.0
316 3.0
994 60.0
792 46.0
766 58.0
399 57.0
430 97.0
239 21.0
388 11.0
661 63.0
963 37.0
561 51.0
736 43.0
555 56.0
992 34.0
704 8.0
63 18.0
431 28.0
831 85.0
3 78.0
527 26.0
389 59.0
504 70.0
900 81.0
745 96.0
391 17.0
226 46.0
214 97.0
312 4.0
12 34.0
873 29.0
650 41.0
432 93.0
812 80.0
6 49.0
416 54.0
141 73.0
884 22.0
544 54.0
244 65.0
955 47.0
945 58.0
292 73.0
554 97.0
245 78.0
952 1.0
963 95.0
476 26.0
626 82.0
449 54.0
114 51.0
784 51.0
146 97.0
433 86.0
524 78.0
154 72.0
960 43.0
654 96.0
45 58.0
496 87.0
89 57.0
54 95.0
851 2.0
670 51.0
152 99.0
833 94.0
686 58.0
434 37.0
576 38.0
38 82.0
118 14.0
398 48.0
28 2.0
669 44.0
435 25.0
927 12.0
886 78.0
31 85.0
784 25.0
792 18.0
372 80.0
117 52.0
349 16.0
810 70.0
436 10.0
123 19.0
100 43.0
932 50.0
360 65.0
197 40.0
450 75.0
570 16.0
437 52.0
813 34.0
238 4.0
7 27.0
937 49.0
400 79.0
782 95.0
232 20.0
33 37.0
9 15.0
462 21.0
438 78.0
998 41.0
860 93.0
935 93.0
250 57.0
582 99.0
833 56.0
763 80.0
166 74.0
439 85.0
716 85.0
556 32.0
372 46.0
392 19.0
390 36.0
863 85.0
674 60.0
799 49.0
289 26.0
228 13.0
998 5.0
440 89.0
262 65.0
441 24.0
104 49.0
747 21.0
990 6.0
785 50.0
973 98.0
283 35.0
39 55.0
346 95.0
15 83.0
863 43.0
421 25.0
442 67.0
496 40.0
537 20.0
102 4.0
695 16.0
179 52.0
328 44.0
544 76.0
879 14.0
170 8.0
163 32.0
443 53.0
518 99.0
29 65.0
122 43.0
760 32.0
42 82.0
33 34.0
650 56.0
185 22.0
419 36.0
247 100.0
461 4.0
203 79.0
444 49.0
75 52.0
47 8.0
552 13.0
938 22.0
41 94.0
480 29.0
710 68.0
324 21.0
582 90.0
445 78.0
51 31.0
588 11.0
386 88.0
847 30.0
951 96.0
777 19.0
142 46.0
273 15.0
329 41.0
507 97.0
488 86.0
30 15.0
259 44.0
743 35.0
446 47.0
955 83.0
104 41.0
641 49.0
557 28.0
248 1.0
857 85.0
167 43.0
683 18.0
240 1.0
812 59.0
558 20.0
873 35.0
775 33.0
447 63.0
886 23.0
175 50.0
295 12.0
290 35.0
228 45.0
908 17.0
930 17.0
361 47.0
466 48.0
205 20.0
448 29.0
506 98.0
100 38.0
476 63.0
431 68.0
480 62.0
658 8.0
806 39.0
25 80.0
449 7.0
522 18.0
847 93.0
695 71.0
18 62.0
850 20.0
72 80.0
520 11.0
892 76.0
102 20.0
998 41.0
450 77.0
554 83.0
399 28.0
795 77.0
410 5.0
495 35.0
37 98.0
945 56.0
966 92.0
765 90.0
870 70.0
137 33.0
451 17.0
537 39.0
633 32.0
571 39.0
936 16.0
330 5.0
839 68.0
700 37.0
452 12.0
153 63.0
407 28.0
278 95.0
178 64.0
453 74.0
620 99.0
70 50.0
869 17.0
985 12.0
230 77.0
310 78.0
512 92.0
677 32.0
223 71.0
682 6.0
108 35.0
454 99.0
534 73.0
330 38.0
134 2.0
350 35.0
430 95.0
8 4.0
801 77.0
266 69.0
455 52.0
901 21.0
156 93.0
802 99.0
457 50.0
242 42.0
236 12.0
57 67.0
754 87.0
570 23.0
456 93.0
835 23.0
897 82.0
161 93.0
639 11.0
917 78.0
642 51.0
11 56.0
365 26.0
210 77.0
886 74.0
462 81.0
457 74.0
11 78.0
17 30.0
487 95.0
285 32.0
215 43.0
488 74.0
331 63.0
458 47.0
31 91.0
871 22.0
989 40.0
125 3.0
350 31.0
927 52.0
459 87.0
227 66.0
525 72.0
995 10.0
886 69.0
819 46.0
246 59.0
797 14.0
928 3.0
265 77.0
460 16.0
54 95.0
354 81.0
282 90.0
720 36.0
289 10.0
461 70.0
517 21.0
500 4.0
152 54.0
117 66.0
820 24.0
383 88.0
25 17.0
696 42.0
462 64.0
488 89.0
781 63.0
653 25.0
962 41.0
832 45.0
734 56.0
463 52.0
885 8.0
220 21.0
304 44.0
911 41.0
464 36.0
135 12.0
307 1.0
578 91.0
215 58.0
775 42.0
745 51.0
952 12.0
968 88.0
465 97.0
162 29.0
332 9.0
311 22.0
707 11.0
821 59.0
167 76.0
594 7.0
24 35.0
539 56.0
466 6.0
810 43.0
187 88.0
885 35.0
916 13.0
728 54.0
860 74.0
122 50.0
344 87.0
859 15.0
205 7.0
725 5.0
467 9.0
624 45.0
100 28.0
154 43.0
47 41.0
593 66.0
39 38.0
334 37.0
170 69.0
468 66.0
201 33.0
727 10.0
578 51.0
322 18.0
294 62.0
368 70.0
536 71.0
269 38.0
469 85.0
444 83.0
849 57.0
546 25.0
289 6.0
651 48.0
821 35.0
470 8.0
200 18.0
613 89.0
956 63.0
34 53.0
394 56.0
908 59.0
754 82.0
254 20.0
100 69.0
471 85.0
179 86.0
723 47.0
859 62.0
472 80.0
127 40.0
658 51.0
703 59.0
164 53.0
320 53.0
315 21.0
248 31.0
473 97.0
584 32.0
781 61.0
656 17.0
964 91.0
150 19.0
779 62.0
969 69.0
852 41.0
746 8.0
284 32.0
304 62.0
474 9.0
100 61.0
521 75.0
532 8.0
259 63.0
903 39.0
852 49.0
312 8.0
59 73.0
158 8.0
772 5.0
426 2.0
202 60.0
217 36.0
475 71.0
985 62.0
914 26.0
404 3.0
373 92.0
308 12.0
365 70.0
12 67.0
859 1.0
593 45.0
950 70.0
476 26.0
40 25.0
675 48.0
669 57.0
723 8.0
106 18.0
361 44.0
214 40.0
513 93.0
477 55.0
329 39.0
138 30.0
410 87.0
874 77.0
180 73.0
547 65.0
718 70.0
575 45.0
478 45.0
643 75.0
445 80.0
184 30.0
820 51.0
679 71.0
780 35.0
666 79.0
558 82.0
403 1.0
149 31.0
786 46.0
479 100.0
556 94.0
519 31.0
984 43.0
303 53.0
743 74.0
955 82.0
1 23.0
780 42.0
902 27.0
55 64.0
75 55.0
548 23.0
759 89.0
138 7.0
481 17.0
480 29.0
569 13.0
933 15.0
187 45.0
24 85.0
741 79.0
714 5.0
327 70.0
321 42.0
680 92.0
1000 3.0
609 65.0
650 99.0
481 3.0
966 16.0
617 93.0
266 77.0
747 24.0
572 31.0
879 5.0
892 10.0
661 93.0
694 92.0
963 85.0
253 59.0
352 18.0
288 77.0
482 7.0
973 83.0
393 43.0
439 68.0
620 57.0
377 10.0
77 99.0
375 8.0
269 71.0
340 52.0
53 6.0
828 40.0
985 75.0
70 70.0
483 33.0
243 81.0
159 50.0
183 33.0
408 60.0
366 65.0
576 97.0
723 47.0
484 62.0
175 62.0
182 35.0
333 77.0
578 85.0
640 66.0
569 27.0
763 28.0
452 17.0
311 23.0
982 45.0
614 10.0
134 63.0
1000 23.0
485 93.0
663 11.0
646 26.0
547 52.0
760 9.0
70 39.0
455 12.0
896 90.0
335 5.0
688 16.0
847 83.0
45 100.0
89 9.0
537 98.0
122 4.0
819 89.0
677 70.0
486 88.0
371 7.0
238 82.0
279 70.0
470 24.0
622 54.0
321 9.0
988 69.0
909 60.0
897 83.0
548 70.0
805 28.0
487 48.0
462 16.0
800 56.0
175 85.0
775 35.0
160 98.0
213 79.0
488 35.0
854 16.0
259 45.0
787 97.0
996 71.0
682 92.0
28 19.0
91 20.0
577 79.0
489 42.0
275 57.0
751 13.0
438 56.0
264 92.0
54 83.0
665 99.0
990 67.0
566 63.0
634 25.0
843 52.0
348 8.0
706 37.0
897 1.0
490 41.0
729 24.0
955 93.0
775 22.0
656 38.0
10 16.0
941 76.0
640 53.0
385 30.0
466 15.0
491 49.0
572 98.0
171 100.0
17 13.0
727 36.0
719 58.0
618 69.0
931 46.0
266 85.0
582 20.0
722 62.0
492 18.0
424 35.0
386 77.0
705 19.0
262 76.0
261 21.0
36 89.0
656 34.0
376 32.0
295 75.0
185 25.0
493 69.0
768 4.0
792 5.0
766 88.0
182 9.0
983 27.0
971 60.0
155 46.0
500 33.0
340 8.0
394 47.0
494 14.0
861 38.0
883 13.0
773 9.0
779 60.0
751 91.0
590 62.0
265 13.0
270 88.0
665 8.0
668 31.0
993 29.0
447 33.0
587 71.0
783 17.0
364 8.0
495 53.0
688 97.0
722 20.0
887 35.0
145 61.0
758 88.0
51 29.0
804 47.0
818 33.0
316 90.0
71 64.0
694 34.0
485 13.0
496 90.0
670 62.0
611 2.0
668 99.0
549 15.0
158 51.0
773 1.0
547 28.0
35 57.0
201 93.0
497 53.0
355 92.0
261 9.0
836 97.0
251 63.0
40 50.0
246 94.0
459 71.0
498 63.0
689 53.0
381 83.0
248 62.0
687 68.0
63 88.0
209 4.0
2 13.0
28 33.0
161 24.0
488 59.0
499 46.0
214 6.0
60 69.0
855 15.0
353 64.0
373 63.0
933 40.0
317 2.0
318 65.0
500 48.0
783 15.0
344 42.0
893 29.0
984 82.0
989 75.0
282 10.0
940 10.0
881 57.0
945 17.0
864 55.0
763 94.0
954 24.0
501 51.0
729 45.0
162 16.0
62 36.0
74 5.0
716 92.0
902 29.0
704 40.0
416 64.0
212 18.0
795 68.0
194 9.0
813 50.0
502 8.0
606 89.0
598 34.0
762 27.0
3 77.0
320 58.0
654 9.0
716 22.0
249 24.0
524 5.0
965 21.0
440 25.0
416 49.0
833 49.0
215 47.0
972 97.0
763 92.0
704 98.0
777 62.0
560 48.0
503 55.0
499 24.0
340 76.0
226 6.0
44 66.0
468 6.0
879 22.0
27 18.0
194 96.0
61 19.0
435 5.0
247 17.0
504 17.0
450 42.0
630 75.0
145 23.0
783 27.0
190 99.0
709 12.0
816 67.0
843 25.0
505 89.0
638 61.0
474 32.0
999 8.0
525 52.0
978 27.0
226 9.0
711 62.0
506 1.0
870 64.0
771 76.0
672 64.0
105 91.0
896 98.0
973 15.0
781 15.0
453 88.0
877 51.0
976 54.0
477 55.0
163 85.0
580 38.0
529 17.0
152 50.0
507 12.0
441 90.0
310 28.0
148 94.0
407 26.0
579 69.0
630 88.0
505 1.0
578 35.0
913 64.0
627 34.0
813 100.0
818 56.0
508 47.0
556 76.0
581 88.0
665 63.0
228 66.0
557 11.0
227 60.0
690 14.0
280 61.0
953 94.0
433 45.0
490 89.0
509 7.0
633 96.0
412 93.0
24 94.0
666 31.0
912 98.0
50 12.0
791 72.0
904 78.0
510 98.0
900 56.0
975 11.0
916 86.0
67 66.0
558 40.0
399 43.0
546 10.0
957 42.0
511 38.0
717 65.0
968 57.0
967 23.0
358 56.0
217 40.0
949 36.0
388 45.0
484 6.0
631 72.0
346 38.0
352 16.0
426 80.0
442 13.0
12 83.0
728 3.0
765 50.0
512 41.0
7 71.0
133 64.0
252 24.0
420 4.0
552 61.0
745 81.0
747 81.0
89 38.0
82 39.0
513 54.0
476 27.0
125 71.0
309 30.0
551 1.0
474 56.0
965 32.0
976 87.0
514 60.0
875 36.0
187 61.0
698 31.0
902 85.0
769 99.0
143 70.0
968 58.0
439 87.0
515 67.0
512 39.0
78 72.0
830 91.0
965 13.0
220 19.0
310 14.0
226 11.0
516 41.0
99 88.0
981 10.0
445 30.0
401 75.0
355 63.0
621 45.0
517 90.0
755 40.0
132 53.0
877 36.0
518 30.0
363 12.0
796 40.0
864 41.0
885 98.0
427 89.0
839 68.0
482 71.0
472 11.0
12 90.0
519 92.0
998 91.0
815 72.0
867 39.0
583 62.0
761 5.0
73 100.0
913 77.0
250 19.0
54 32.0
520 33.0
647 56.0
31 68.0
98 81.0
423 13.0
222 54.0
981 10.0
809 88.0
326 67.0
316 82.0
447 23.0
739 32.0
956 15.0
604 81.0
187 31.0
543 33.0
521 44.0
297 62.0
235 52.0
275 9.0
912 19.0
111 100.0
745 99.0
643 74.0
269 68.0
43 76.0
656 3.0
522 17.0
544 77.0
36 12.0
448 19.0
464 41.0
643 28.0
242 10.0
487 84.0
414 84.0
976 92.0
523 53.0
532 89.0
756 38.0
937 94.0
36 59.0
236 42.0
3 28.0
776 85.0
485 43.0
338 65.0
524 83.0
885 50.0
600 52.0
157 75.0
915 11.0
758 55.0
73 78.0
118 21.0
844 43.0
830 85.0
525 54.0
898 72.0
372 98.0
633 15.0
409 94.0
373 16.0
12 24.0
526 67.0
256 91.0
712 49.0
388 50.0
831 33.0
281 81.0
893 28.0
375 29.0
629 43.0
43 23.0
965 20.0
833 20.0
230 96.0
84 54.0
962 53.0
527 65.0
782 83.0
206 83.0
708 48.0
564 68.0
997 61.0
9 29.0
287 22.0
778 7.0
858 65.0
360 41.0
150 95.0
85 78.0
810 85.0
528 91.0
106 26.0
693 56.0
172 87.0
763 58.0
224 72.0
306 44.0
714 54.0
69 9.0
864 39.0
530 84.0
529 24.0
868 27.0
793 11.0
637 32.0
537 96.0
644 49.0
530 8.0
476 70.0
720 23.0
838 42.0
685 54.0
504 46.0
298 28.0
819 86.0
669 15.0
428 56.0
531 30.0
947 47.0
455 58.0
579 17.0
438 16.0
86 11.0
52 71.0
511 89.0
672 56.0
223 56.0
774 88.0
808 25.0
260 48.0
534 72.0
532 72.0
268 82.0
918 89.0
266 21.0
161 77.0
172 67.0
764 23.0
920 51.0
533 91.0
768 8.0
162 63.0
238 72.0
123 88.0
566 11.0
929 28.0
689 7.0
418 18.0
288 21.0
534 74.0
436 83.0
481 63.0
16 100.0
927 47.0
131 40.0
674 61.0
440 43.0
930 46.0
936 60.0
298 89.0
535 25.0
305 4.0
549 19.0
483 17.0
74 77.0
493 61.0
540 27.0
749 92.0
979 62.0
470 53.0
680 73.0
536 29.0
838 32.0
50 94.0
785 10.0
325 80.0
419 43.0
89 1.0
983 10.0
748 92.0
774 77.0
61 13.0
59 59.0
537 23.0
619 11.0
404 51.0
708 34.0
129 50.0
332 1.0
462 85.0
886 13.0
573 49.0
538 4.0
232 6.0
795 81.0
610 82.0
426 31.0
782 96.0
206 96.0
326 54.0
99 14.0
382 95.0
223 69.0
908 24.0
20 31.0
539 56.0
288 83.0
347 29.0
587 75.0
569 21.0
191 67.0
639 14.0
420 31.0
229 16.0
540 5.0
370 99.0
776 17.0
336 50.0
520 10.0
944 97.0
124 64.0
256 15.0
646 83.0
694 4.0
107 90.0
12 71.0
150 18.0
557 71.0
170 73.0
22 88.0
541 16.0
391 15.0
294 50.0
348 30.0
314 41.0
72 68.0
923 12.0
969 41.0
93 52.0
278 27.0
527 33.0
542 14.0
910 40.0
219 100.0
430 64.0
947 87.0
546 6.0
993 57.0
75 26.0
169 43.0
940 91.0
607 70.0
155 78.0
746 79.0
426 81.0
543 49.0
142 71.0
641 25.0
272 39.0
867 37.0
709 28.0
481 15.0
365 65.0
88 99.0
368 83.0
544 98.0
520 50.0
429 12.0
797 22.0
866 1.0
699 37.0
949 91.0
341 11.0
818 89.0
705 80.0
272 35.0
545 84.0
517 14.0
368 38.0
643 61.0
274 22.0
293 95.0
880 86.0
678 91.0
423 97.0
995 74.0
486 89.0
757 73.0
546 88.0
992 86.0
285 81.0
473 6.0
164 44.0
123 63.0
147 22.0
924 16.0
90 91.0
319 77.0
729 87.0
547 12.0
993 9.0
255 45.0
710 33.0
406 61.0
106 44.0
964 2.0
301 60.0
644 78.0
875 42.0
531 79.0
291 42.0
234 79.0
584 39.0
975 23.0
443 17.0
508 49.0
548 38.0
88 24.0
837 84.0
920 15.0
684 24.0
549 34.0
324 28.0
527 77.0
950 2.0
272 50.0
598 15.0
800 4.0
725 18.0
579 15.0
873 68.0
550 29.0
441 94.0
708 69.0
84 54.0
761 21.0
894 82.0
37 58.0
807 35.0
609 77.0
551 18.0
205 60.0
684 47.0
977 24.0
253 42.0
513 44.0
45 47.0
843 69.0
278 40.0
202 29.0
30 63.0
374 53.0
832 84.0
591 42.0
353 88.0
51 2.0
552 82.0
592 14.0
714 51.0
496 15.0
598 1.0
878 53.0
541 13.0
867 3.0
523 52.0
43 77.0
368 51.0
553 93.0
678 30.0
867 8.0
338 82.0
461 80.0
489 43.0
198 19.0
81 79.0
83 50.0
569 33.0
554 80.0
394 32.0
866 73.0
744 17.0
656 22.0
276 7.0
222 9.0
328 43.0
991 45.0
472 14.0
116 49.0
905 99.0
216 55.0
227 88.0
555 20.0
391 60.0
10 83.0
274 91.0
50 93.0
861 62.0
813 71.0
161 32.0
556 22.0
402 35.0
243 56.0
192 85.0
729 81.0
767 26.0
703 69.0
906 75.0
742 4.0
290 50.0
248 46.0
832 89.0
333 57.0
557 54.0
451 74.0
920 28.0
609 70.0
137 91.0
989 42.0
317 16.0
259 84.0
552 97.0
162 10.0
542 4.0
533 77.0
933 62.0
558 66.0
293 42.0
941 90.0
979 83.0
768 81.0
665 50.0
182 86.0
939 61.0
561 32.0
559 28.0
96 35.0
465 15.0
814 78.0
38 74.0
147 24.0
702 48.0
669 52.0
487 43.0
193 81.0
586 25.0
195 34.0
560 67.0
370 34.0
276 81.0
473 68.0
504 48.0
571 90.0
503 54.0
108 76.0
685 39.0
465 41.0
561 67.0
799 87.0
267 82.0
963 27.0
116 8.0
884 93.0
532 79.0
758 42.0
745 62.0
283 87.0
203 40.0
640 56.0
970 82.0
246 10.0
562 87.0
928 52.0
225 24.0
683 100.0
733 62.0
994 62.0
329 59.0
83 27.0
93 50.0
15 26.0
563 6.0
377 33.0
918 23.0
245 97.0
475 48.0
897 89.0
604 84.0
473 61.0
414 6.0
434 7.0
593 29.0
999 82.0
674 15.0
471 1.0
598 95.0
564 66.0
255 86.0
267 24.0
947 24.0
945 82.0
153 13.0
618 85.0
244 80.0
956 28.0
565 92.0
515 5.0
646 5.0
609 2.0
33 25.0
938 65.0
931 16.0
220 49.0
222 64.0
41 88.0
926 6.0
566 64.0
419 64.0
231 70.0
780 12.0
11 53.0
868 56.0
927 6.0
567 24.0
377 13.0
599 14.0
225 21.0
814 57.0
623 51.0
172 92.0
251 12.0
288 98.0
882 81.0
483 64.0
568 58.0
31 15.0
865 91.0
990 33.0
624 16.0
854 39.0
670 16.0
569 82.0
845 26.0
426 19.0
485 30.0
864 93.0
489 67.0
427 48.0
899 5.0
52 17.0
987 56.0
765 44.0
585 70.0
88 88.0
958 21.0
898 24.0
610 87.0
570 58.0
797 19.0
880 27.0
303 70.0
184 36.0
540 18.0
688 67.0
451 8.0
262 13.0
613 78.0
980 39.0
571 85.0
555 75.0
668 41.0
264 63.0
381 8.0
855 23.0
141 65.0
616 18.0
572 57.0
799 84.0
811 40.0
69 68.0
653 12.0
391 69.0
419 4.0
452 96.0
647 55.0
243 50.0
349 80.0
775 44.0
646 84.0
573 5.0
64 65.0
19 48.0
958 90.0
904 45.0
933 70.0
4 90.0
823 15.0
307 56.0
141 37.0
574 8.0
514 79.0
256 76.0
869 86.0
789 20.0
802 41.0
544 27.0
297 17.0
737 82.0
575 52.0
371 30.0
516 22.0
495 67.0
59 43.0
51 79.0
23 6.0
159 39.0
476 3.0
175 56.0
370 12.0
870 79.0
576 16.0
586 39.0
239 15.0
308 89.0
12 68.0
932 76.0
410 81.0
771 40.0
132 52.0
929 29.0
577 25.0
512 99.0
533 11.0
158 35.0
275 78.0
840 46.0
354 80.0
397 51.0
21 83.0
578 76.0
683 60.0
248 81.0
783 99.0
76 58.0
34 44.0
571 79.0
970 49.0
536 57.0
327 91.0
218 63.0
579 68.0
422 46.0
780 71.0
969 46.0
346 51.0
453 14.0
663 42.0
688 67.0
59 18.0
317 61.0
283 8.0
964 21.0
115 3.0
463 90.0
580 26.0
973 71.0
979 42.0
906 63.0
217 14.0
526 42.0
593 22.0
133 6.0
694 28.0
334 75.0
581 44.0
393 27.0
582 89.0
923 38.0
35 42.0
476 70.0
735 88.0
666 66.0
117 55.0
308 62.0
582 71.0
17 20.0
360 97.0
58 94.0
680 2.0
827 54.0
500 85.0
583 65.0
307 83.0
670 51.0
83 73.0
4 77.0
950 87.0
501 95.0
906 14.0
845 60.0
397 88.0
584 64.0
421 14.0
956 41.0
672 15.0
844 45.0
39 69.0
585 12.0
801 74.0
342 98.0
807 33.0
738 100.0
446 8.0
48 100.0
702 82.0
840 51.0
595 48.0
145 36.0
586 81.0
512 50.0
829 94.0
314 76.0
958 37.0
788 48.0
440 34.0
467 27.0
777 77.0
708 46.0
712 64.0
481 56.0
587 22.0
83 94.0
84 53.0
386 57.0
10 96.0
57 55.0
334 43.0
203 43.0
349 83.0
572 58.0
869 1.0
700 18.0
752 17.0
566 81.0
509 78.0
588 3.0
917 12.0
898 8.0
517 73.0
536 43.0
502 99.0
630 16.0
249 15.0
649 18.0
837 22.0
441 8.0
589 72.0
637 53.0
563 78.0
762 38.0
421 85.0
208 66.0
131 50.0
201 49.0
228 2.0
590 21.0
484 35.0
845 65.0
107 44.0
382 49.0
946 75.0
7 33.0
937 78.0
100 80.0
704 8.0
715 79.0
883 21.0
885 13.0
690 98.0
591 35.0
567 16.0
802 9.0
639 61.0
279 66.0
110 46.0
900 92.0
674 20.0
187 22.0
184 14.0
967 100.0
92 74.0
592 23.0
691 69.0
148 60.0
195 36.0
966 24.0
712 1.0
829 31.0
864 42.0
421 15.0
541 84.0
70 13.0
357 6.0
769 97.0
877 50.0
450 30.0
593 72.0
198 16.0
388 38.0
876 6.0
594 53.0
306 49.0
108 17.0
693 70.0
825 7.0
529 42.0
775 54.0
36 64.0
944 45.0
701 33.0
594 93.0
243 36.0
615 49.0
556 79.0
404 89.0
55 18.0
388 73.0
472 74.0
765 42.0
672 38.0
613 99.0
596 79.0
595 68.0
94 89.0
409 94.0
981 70.0
659 9.0
520 62.0
79 48.0
308 76.0
958 52.0
212 28.0
513 23.0
939 79.0
994 21.0
439 48.0
701 75.0
596 78.0
911 70.0
409 29.0
67 76.0
505 88.0
274 75.0
734 95.0
393 21.0
599 16.0
597 53.0
261 8.0
137 86.0
689 97.0
676 25.0
388 75.0
705 37.0
403 5.0
221 19.0
768 49.0
453 89.0
133 19.0
729 58.0
97 42.0
29 60.0
149 48.0
598 99.0
24 43.0
475 99.0
409 97.0
939 55.0
293 92.0
916 93.0
143 59.0
888 14.0
599 13.0
540 32.0
164 87.0
718 32.0
608 83.0
202 64.0
55 80.0
265 57.0
450 12.0
600 40.0
907 88.0
300 47.0
298 51.0
571 58.0
207 93.0
440 21.0
523 71.0
760 82.0
39 16.0
880 95.0
864 9.0
601 97.0
602 4.0
101 37.0
266 31.0
851 45.0
123 55.0
624 58.0
300 27.0
602 30.0
199 76.0
480 19.0
474 19.0
818 60.0
504 11.0
936 82.0
926 28.0
287 95.0
983 14.0
885 87.0
304 71.0
510 3.0
603 35.0
384 34.0
178 43.0
740 74.0
803 85.0
161 67.0
42 90.0
506 42.0
67 92.0
604 45.0
505 86.0
111 16.0
29 82.0
229 46.0
116 79.0
309 38.0
216 4.0
608 15.0
118 66.0
318 73.0
319 61.0
605 3.0
856 19.0
965 36.0
237 85.0
563 62.0
297 99.0
284 50.0
606 6.0
394 20.0
41 99.0
773 85.0
380 96.0
75 24.0
15 1.0
406 37.0
607 48.0
538 39.0
505 4.0
300 78.0
111 78.0
124 10.0
25 11.0
958 95.0
766 24.0
253 32.0
185 85.0
893 70.0
275 78.0
338 4.0
941 58.0
608 28.0
690 83.0
714 30.0
162 90.0
127 23.0
582 18.0
901 76.0
152 61.0
893 18.0
609 42.0
650 52.0
889 49.0
324 65.0
816 89.0
610 73.0
557 70.0
38 7.0
610 35.0
235 95.0
913 25.0
272 53.0
969 55.0
629 67.0
309 74.0
611 17.0
514 36.0
497 11.0
483 45.0
587 29.0
104 19.0
422 36.0
987 32.0
291 42.0
730 64.0
944 55.0
876 14.0
598 15.0
612 68.0
26 43.0
635 31.0
688 53.0
574 51.0
210 1.0
482 21.0
499 39.0
497 24.0
305 21.0
613 21.0
517 6.0
310 13.0
6 77.0
516 51.0
305 1.0
694 82.0
914 50.0
929 43.0
232 5.0
617 74.0
614 83.0
780 75.0
797 1.0
95 28.0
106 45.0
571 58.0
362 74.0
551 45.0
132 69.0
652 26.0
859 51.0
615 9.0
993 62.0
951 83.0
381 78.0
287 71.0
249 17.0
791 84.0
616 53.0
855 36.0
13 90.0
931 38.0
610 46.0
403 41.0
134 56.0
125 51.0
236 63.0
504 42.0
712 82.0
128 40.0
617 59.0
538 58.0
220 68.0
535 81.0
334 99.0
671 55.0
618 30.0
298 56.0
41 65.0
120 94.0
604 86.0
343 65.0
785 73.0
888 6.0
880 58.0
411 30.0
718 31.0
466 65.0
619 86.0
93 77.0
171 38.0
299 51.0
503 44.0
63 5.0
900 47.0
337 45.0
983 11.0
49 54.0
710 32.0
561 53.0
156 83.0
136 58.0
307 54.0
620 89.0
122 72.0
226 82.0
35 48.0
428 50.0
392 87.0
639 18.0
880 34.0
597 6.0
978 17.0
547 44.0
581 9.0
514 8.0
627 91.0
462 98.0
621 98.0
95 20.0
627 59.0
345 33.0
946 36.0
231 85.0
75 95.0
611 63.0
284 72.0
537 81.0
622 37.0
189 71.0
782 21.0
463 3.0
145 10.0
11 29.0
136 15.0
664 43.0
502 87.0
462 7.0
623 79.0
814 65.0
106 64.0
35 89.0
50 90.0
359 34.0
747 75.0
624 57.0
531 71.0
109 36.0
901 57.0
591 40.0
372 91.0
288 84.0
525 66.0
43 51.0
305 29.0
660 79.0
416 86.0
625 29.0
299 21.0
467 100.0
997 64.0
539 88.0
990 79.0
207 42.0
969 86.0
160 50.0
902 15.0
874 19.0
5 91.0
626 100.0
572 12.0
967 12.0
895 4.0
196 26.0
893 46.0
212 69.0
261 46.0
149 79.0
284 92.0
117 85.0
385 71.0
497 30.0
627 64.0
953 86.0
155 70.0
116 42.0
8 9.0
804 78.0
739 44.0
697 58.0
797 17.0
874 12.0
470 60.0
803 69.0
628 84.0
776 38.0
318 86.0
602 4.0
217 45.0
205 28.0
744 68.0
28 33.0
454 71.0
629 46.0
720 32.0
817 35.0
337 45.0
89 84.0
57 89.0
393 13.0
53 43.0
936 34.0
944 40.0
917 31.0
630 7.0
910 23.0
163 71.0
905 67.0
547 68.0
606 3.0
183 9.0
631 79.0
670 69.0
279 100.0
666 32.0
116 73.0
552 82.0
611 75.0
632 79.0
605 3.0
561 47.0
891 84.0
154 98.0
320 32.0
419 17.0
613 11.0
633 74.0
271 68.0
138 50.0
346 16.0
957 34.0
489 28.0
100 19.0
90 65.0
895 95.0
634 73.0
121 41.0
255 22.0
994 61.0
478 83.0
464 77.0
420 22.0
387 49.0
767 20.0
991 90.0
51 46.0
877 29.0
440 7.0
635 69.0
124 22.0
709 19.0
998 62.0
1 27.0
98 91.0
942 99.0
977 83.0
480 73.0
606 53.0
704 34.0
88 51.0
415 50.0
747 98.0
265 95.0
122 9.0
636 25.0
292 73.0
353 71.0
104 34.0
457 12.0
539 36.0
900 80.0
505 96.0
955 96.0
523 76.0
678 50.0
785 25.0
669 74.0
637 9.0
542 70.0
545 26.0
514 96.0
270 79.0
414 83.0
701 61.0
343 8.0
112 32.0
449 1.0
30 48.0
638 37.0
430 9.0
542 21.0
599 55.0
459 74.0
34 86.0
368 40.0
155 66.0
419 12.0
446 66.0
401 21.0
28 38.0
713 63.0
633 86.0
821 20.0
639 75.0
568 34.0
208 55.0
770 3.0
908 35.0
271 18.0
642 63.0
150 81.0
542 16.0
640 69.0
379 92.0
660 44.0
970 27.0
689 28.0
512 6.0
953 26.0
764 43.0
187 44.0
742 42.0
125 69.0
641 76.0
416 17.0
9 87.0
634 1.0
957 88.0
978 11.0
283 33.0
732 89.0
666 83.0
949 45.0
881 8.0
642 51.0
646 2.0
422 53.0
462 1.0
967 58.0
496 72.0
620 86.0
643 41.0
449 13.0
949 43.0
335 71.0
598 16.0
501 98.0
476 53.0
3 86.0
229 47.0
216 92.0
884 20.0
772 15.0
390 1.0
256 93.0
250 86.0
644 76.0
890 9.0
60 71.0
531 81.0
472 33.0
7 26.0
58 78.0
390 69.0
241 86.0
192 42.0
445 16.0
677 72.0
387 2.0
444 89.0
564 72.0
356 74.0
455 66.0
265 80.0
645 23.0
778 70.0
243 63.0
728 42.0
761 60.0
504 11.0
853 32.0
816 85.0
320 43.0
646 81.0
757 13.0
704 33.0
840 49.0
864 15.0
345 90.0
905 1.0
845 61.0
350 17.0
748 93.0
445 41.0
235 20.0
541 69.0
666 28.0
647 84.0
533 91.0
531 1.0
102 37.0
964 84.0
320 86.0
236 39.0
376 2.0
619 94.0
648 99.0
319 27.0
690 64.0
462 57.0
821 8.0
302 75.0
182 51.0
398 58.0
649 43.0
900 63.0
163 35.0
34 59.0
781 82.0
872 84.0
460 46.0
25 77.0
259 81.0
113 13.0
947 20.0
817 44.0
573 96.0
295 37.0
514 45.0
726 83.0
388 61.0
685 29.0
863 86.0
650 57.0
548 35.0
414 70.0
231 82.0
380 88.0
953 71.0
33 67.0
651 33.0
224 76.0
513 45.0
833 81.0
894 36.0
617 83.0
599 9.0
996 35.0
973 15.0
464 23.0
952 11.0
159 21.0
652 25.0
676 19.0
421 68.0
772 57.0
145 76.0
985 94.0
889 65.0
10 23.0
973 72.0
4 10.0
213 91.0
653 18.0
290 39.0
754 39.0
342 12.0
275 96.0
697 96.0
654 80.0
458 38.0
537 3.0
767 92.0
129 80.0
357 16.0
753 28.0
705 7.0
715 44.0
619 64.0
743 20.0
130 24.0
784 44.0
655 37.0
840 91.0
468 67.0
392 10.0
508 18.0
180 37.0
642 38.0
957 25.0
522 1.0
861 76.0
656 12.0
419 56.0
491 93.0
547 25.0
858 35.0
45 57.0
12 24.0
137 18.0
531 44.0
657 72.0
236 14.0
600 1.0
470 65.0
417 29.0
820 70.0
926 42.0
5 26.0
558 89.0
754 73.0
214 78.0
637 20.0
63 20.0
770 99.0
658 37.0
726 21.0
158 100.0
254 42.0
530 13.0
270 40.0
295 3.0
506 50.0
645 96.0
853 65.0
519 42.0
757 23.0
996 91.0
22 38.0
542 93.0
383 18.0
611 33.0
290 62.0
488 86.0
771 39.0
659 96.0
848 94.0
331 21.0
205 51.0
239 84.0
825 53.0
714 27.0
807 11.0
928 96.0
173 30.0
925 79.0
660 28.0
272 12.0
752 45.0
563 77.0
169 92.0
71 12.0
871 8.0
322 90.0
716 29.0
378 81.0
970 45.0
5 42.0
661 99.0
915 86.0
904 50.0
82 98.0
876 60.0
852 33.0
572 57.0
558 6.0
289 35.0
47 38.0
577 13.0
662 26.0
722 56.0
952 62.0
751 96.0
172 84.0
663 30.0
486 77.0
869 77.0
331 84.0
270 48.0
249 16.0
233 94.0
557 7.0
811 74.0
168 68.0
831 14.0
515 46.0
146 30.0
818 83.0
564 35.0
919 42.0
396 20.0
18 5.0
525 53.0
664 56.0
614 85.0
178 49.0
884 54.0
256 35.0
337 5.0
406 69.0
589 45.0
633 5.0
665 49.0
819 25.0
705 19.0
134 65.0
527 82.0
493 18.0
304 26.0
995 92.0
98 79.0
756 91.0
51 78.0
666 26.0
941 86.0
960 80.0
362 71.0
233 56.0
627 42.0
997 71.0
690 66.0
158 41.0
465 47.0
338 15.0
351 46.0
619 94.0
879 64.0
970 68.0
768 72.0
667 94.0
936 61.0
702 11.0
600 17.0
177 78.0
750 32.0
59 5.0
636 30.0
56 37.0
598 46.0
872 11.0
668 45.0
3 87.0
709 77.0
755 23.0
523 77.0
612 37.0
740 67.0
593 43.0
820 96.0
362 60.0
232 9.0
760 21.0
934 56.0
290 4.0
263 23.0
686 48.0
669 54.0
411 41.0
450 52.0
6 46.0
202 83.0
461 97.0
46 43.0
628 76.0
512 5.0
813 51.0
103 87.0
30 78.0
138 15.0
346 95.0
344 16.0
377 12.0
670 60.0
29 20.0
918 9.0
804 69.0
648 65.0
783 79.0
685 56.0
932 63.0
671 48.0
148 36.0
761 98.0
844 72.0
145 67.0
379 22.0
78 55.0
983 18.0
916 8.0
672 29.0
89 62.0
117 71.0
13 48.0
391 66.0
346 50.0
51 9.0
777 67.0
37 10.0
57 46.0
572 11.0
655 88.0
673 84.0
648 6.0
1000 94.0
29 78.0
750 35.0
213 94.0
851 23.0
444 8.0
682 92.0
837 1.0
680 52.0
603 64.0
674 10.0
642 58.0
561 91.0
858 16.0
770 87.0
180 20.0
773 47.0
966 31.0
809 5.0
675 34.0
516 9.0
689 68.0
856 70.0
500 80.0
513 98.0
365 86.0
733 66.0
676 29.0
507 4.0
98 62.0
62 16.0
222 1.0
953 76.0
46 68.0
607 55.0
753 81.0
16 16.0
365 63.0
5 31.0
608 77.0
998 24.0
677 45.0
414 8.0
580 32.0
576 11.0
741 42.0
390 16.0
136 87.0
100 41.0
109 62.0
678 7.0
347 78.0
605 33.0
786 7.0
591 68.0
36 7.0
740 45.0
536 85.0
679 43.0
473 83.0
275 98.0
803 12.0
395 44.0
96 97.0
377 73.0
17 73.0
922 38.0
821 51.0
155 36.0
756 32.0
294 39.0
680 91.0
821 92.0
250 50.0
674 88.0
207 65.0
183 88.0
929 83.0
118 27.0
942 27.0
256 54.0
479 72.0
741 15.0
987 31.0
681 17.0
109 40.0
271 5.0
879 78.0
331 78.0
855 48.0
638 71.0
67 76.0
883 29.0
12 83.0
881 18.0
692 55.0
214 38.0
682 59.0
429 82.0
343 95.0
686 89.0
153 87.0
75 44.0
123 33.0
396 50.0
361 89.0
384 10.0
334 58.0
296 79.0
723 49.0
683 14.0
147 23.0
242 37.0
279 65.0
566 49.0
857 69.0
684 73.0
558 100.0
607 32.0
783 38.0
583 57.0
980 95.0
685 41.0
774 72.0
738 16.0
733 12.0
914 88.0
850 14.0
717 32.0
97 18.0
134 51.0
686 90.0
760 49.0
743 20.0
295 25.0
580 81.0
469 58.0
662 25.0
751 70.0
46 65.0
866 21.0
981 32.0
296 46.0
687 61.0
968 46.0
750 20.0
330 79.0
971 96.0
28 2.0
446 64.0
177 40.0
410 34.0
985 72.0
71 67.0
208 70.0
627 62.0
688 37.0
836 28.0
618 90.0
809 38.0
367 71.0
649 58.0
690 97.0
142 64.0
561 86.0
155 60.0
926 44.0
39 58.0
816 56.0
689 10.0
442 4.0
936 9.0
619 67.0
935 57.0
927 3.0
733 96.0
458 42.0
690 59.0
995 51.0
628 38.0
505 95.0
449 18.0
285 72.0
967 19.0
537 99.0
634 57.0
799 15.0
626 38.0
405 30.0
691 54.0
524 62.0
779 53.0
39 88.0
288 49.0
843 6.0
276 79.0
738 63.0
545 87.0
407 88.0
604 1.0
692 63.0
630 53.0
589 39.0
452 35.0
937 34.0
287 93.0
98 77.0
917 68.0
823 79.0
757 76.0
693 45.0
388 40.0
371 74.0
985 68.0
811 17.0
173 51.0
430 40.0
816 60.0
536 37.0
694 94.0
561 61.0
393 57.0
442 56.0
496 39.0
201 38.0
854 93.0
351 18.0
279 98.0
208 75.0
524 35.0
308 41.0
32 21.0
611 25.0
695 98.0
316 9.0
723 9.0
808 63.0
45 19.0
335 80.0
97 3.0
350 71.0
949 6.0
173 28.0
881 77.0
847 74.0
696 87.0
747 43.0
484 58.0
525 5.0
889 94.0
641 94.0
632 82.0
814 76.0
428 3.0
491 12.0
577 22.0
132 23.0
697 65.0
358 94.0
335 87.0
510 40.0
670 81.0
920 87.0
953 75.0
840 84.0
296 35.0
68 29.0
701 80.0
643 99.0
698 64.0
671 48.0
699 87.0
108 89.0
666 87.0
565 74.0
922 50.0
140 92.0
910 97.0
699 15.0
926 99.0
690 48.0
183 30.0
56 12.0
633 2.0
60 14.0
766 76.0
326 80.0
546 48.0
460 16.0
213 18.0
209 43.0
370 90.0
700 49.0
262 1.0
250 62.0
998 82.0
767 53.0
589 89.0
701 99.0
192 35.0
956 65.0
768 19.0
686 55.0
911 40.0
431 3.0
898 62.0
627 40.0
516 95.0
82 40.0
468 59.0
635 95.0
597 61.0
702 39.0
165 49.0
666 47.0
650 81.0
571 61.0
185 50.0
72 68.0
297 30.0
854 17.0
105 48.0
415 74.0
469 3.0
57 49.0
703 44.0
18 100.0
159 85.0
531 98.0
149 56.0
81 15.0
60 61.0
653 47.0
527 73.0
679 55.0
704 71.0
740 41.0
999 11.0
416 57.0
495 78.0
894 27.0
32 45.0
789 25.0
502 82.0
95 46.0
748 96.0
630 66.0
705 24.0
810 21.0
562 6.0
314 18.0
685 22.0
660 43.0
918 40.0
253 43.0
706 24.0
333 12.0
651 95.0
776 32.0
524 46.0
522 89.0
707 28.0
916 90.0
102 31.0
555 46.0
333 98.0
233 100.0
679 62.0
981 40.0
708 31.0
919 1.0
685 90.0
733 49.0
880 64.0
945 35.0
287 8.0
709 38.0
163 4.0
352 92.0
197 48.0
816 56.0
291 68.0
387 70.0
709 99.0
414 34.0
239 56.0
615 46.0
96 26.0
201 47.0
283 52.0
985 4.0
939 87.0
304 67.0
710 81.0
710 56.0
567 19.0
921 85.0
574 41.0
184 99.0
481 2.0
502 72.0
97 94.0
95 96.0
871 11.0
711 87.0
182 75.0
187 76.0
860 59.0
444 39.0
147 48.0
636 25.0
246 41.0
660 28.0
185 59.0
265 48.0
395 49.0
712 12.0
892 5.0
683 15.0
598 75.0
753 66.0
228 87.0
142 84.0
619 69.0
691 63.0
713 38.0
518 43.0
650 24.0
634 19.0
307 27.0
141 80.0
219 70.0
137 41.0
135 98.0
499 30.0
966 76.0
812 45.0
649 38.0
243 22.0
125 81.0
714 5.0
249 42.0
227 45.0
885 14.0
910 62.0
574 4.0
144 72.0
924 14.0
313 14.0
623 52.0
862 88.0
15 42.0
907 80.0
577 18.0
79 74.0
597 28.0
68 34.0
807 2.0
715 26.0
608 44.0
924 69.0
155 45.0
390 27.0
213 38.0
317 69.0
586 97.0
378 69.0
711 54.0
45 17.0
60 41.0
716 38.0
473 95.0
969 57.0
202 38.0
927 36.0
68 26.0
13 93.0
717 74.0
580 72.0
309 76.0
695 49.0
235 8.0
187 55.0
200 94.0
150 15.0
884 2.0
718 46.0
929 22.0
999 78.0
992 26.0
720 58.0
910 90.0
290 63.0
462 29.0
719 15.0
865 42.0
962 96.0
506 55.0
310 26.0
394 58.0
700 10.0
858 21.0
19 27.0
699 39.0
982 27.0
720 34.0
545 4.0
937 23.0
674 15.0
666 60.0
957 28.0
73 94.0
889 34.0
899 27.0
941 34.0
145 70.0
721 83.0
642 75.0
266 68.0
449 77.0
580 78.0
766 93.0
327 78.0
656 83.0
512 92.0
331 96.0
722 15.0
389 17.0
527 66.0
6 14.0
227 71.0
196 76.0
327 59.0
859 97.0
706 47.0
473 4.0
632 66.0
723 61.0
535 43.0
139 1.0
336 88.0
621 32.0
575 4.0
115 17.0
703 18.0
541 87.0
260 70.0
624 94.0
782 87.0
520 16.0
34 1.0
841 83.0
724 18.0
505 57.0
38 95.0
43 24.0
68 24.0
44 48.0
430 47.0
36 43.0
211 91.0
971 50.0
748 1.0
788 93.0
725 3.0
500 58.0
722 2.0
739 66.0
166 7.0
548 78.0
309 73.0
884 2.0
768 61.0
784 89.0
726 97.0
330 90.0
778 11.0
507 19.0
769 26.0
790 96.0
532 67.0
340 83.0
416 43.0
727 59.0
432 80.0
341 99.0
351 89.0
634 81.0
771 42.0
750 45.0
819 9.0
850 23.0
728 42.0
169 29.0
87 79.0
280 37.0
860 79.0
866 73.0
712 98.0
132 7.0
179 40.0
253 15.0
729 39.0
375 95.0
719 20.0
986 33.0
499 87.0
249 1.0
817 57.0
401 14.0
427 16.0
193 91.0
689 83.0
123 69.0
559 8.0
291 65.0
243 86.0
730 81.0
704 8.0
427 8.0
332 97.0
625 51.0
627 88.0
69 68.0
858 35.0
731 86.0
813 45.0
590 64.0
664 100.0
685 36.0
917 26.0
775 27.0
678 93.0
67 94.0
409 30.0
162 71.0
481 100.0
354 57.0
732 5.0
569 64.0
12 38.0
348 50.0
241 97.0
733 34.0
887 53.0
564 34.0
299 97.0
374 73.0
185 15.0
387 47.0
186 88.0
828 54.0
520 2.0
561 62.0
114 79.0
734 3.0
292 76.0
931 37.0
372 97.0
652 46.0
323 47.0
499 10.0
569 61.0
567 15.0
137 52.0
470 60.0
497 5.0
735 77.0
646 91.0
752 4.0
268 70.0
684 97.0
585 1.0
700 45.0
841 78.0
860 17.0
557 26.0
947 31.0
407 56.0
736 3.0
336 33.0
353 7.0
169 54.0
158 88.0
890 72.0
657 45.0
928 46.0
909 8.0
71 13.0
44 10.0
737 10.0
867 86.0
436 16.0
114 79.0
928 12.0
738 87.0
275 42.0
629 23.0
201 21.0
569 45.0
757 85.0
573 37.0
64 50.0
391 29.0
396 23.0
739 29.0
980 89.0
773 78.0
650 34.0
76 49.0
75 20.0
18 24.0
16 87.0
451 84.0
287 36.0
740 66.0
827 88.0
727 6.0
6 72.0
614 76.0
959 67.0
278 78.0
612 1.0
218 88.0
620 39.0
662 70.0
857 57.0
455 10.0
304 68.0
741 15.0
474 6.0
79 22.0
314 85.0
930 33.0
776 6.0
702 83.0
306 25.0
346 90.0
569 49.0
11 30.0
988 77.0
742 98.0
723 7.0
595 78.0
843 75.0
207 69.0
995 20.0
796 98.0
469 96.0
373 50.0
138 89.0
975 55.0
743 98.0
548 55.0
365 2.0
524 23.0
90 24.0
206 11.0
741 9.0
557 60.0
647 74.0
560 3.0
226 24.0
744 12.0
830 12.0
136 79.0
65 91.0
194 38.0
100 50.0
79 80.0
964 60.0
736 41.0
11 5.0
940 75.0
737 11.0
745 61.0
834 57.0
703 2.0
498 73.0
476 56.0
946 21.0
469 23.0
836 2.0
746 24.0
382 21.0
167 7.0
374 75.0
677 69.0
772 44.0
463 7.0
83 21.0
234 6.0
430 1.0
428 52.0
437 99.0
29 96.0
747 42.0
491 54.0
207 36.0
589 61.0
381 79.0
94 66.0
737 87.0
212 51.0
743 51.0
748 64.0
153 66.0
800 84.0
627 48.0
492 83.0
678 64.0
193 41.0
749 83.0
962 67.0
377 44.0
72 28.0
58 60.0
633 77.0
438 62.0
701 83.0
912 73.0
123 62.0
210 54.0
578 53.0
750 32.0
664 70.0
862 90.0
424 70.0
637 95.0
788 32.0
270 39.0
942 7.0
320 79.0
243 47.0
751 64.0
511 45.0
799 65.0
808 11.0
850 62.0
211 34.0
715 25.0
848 27.0
221 42.0
556 70.0
917 60.0
752 33.0
362 4.0
689 3.0
314 41.0
983 41.0
997 13.0
647 95.0
736 77.0
916 81.0
870 84.0
278 50.0
370 46.0
301 40.0
753 79.0
808 64.0
624 35.0
799 36.0
637 22.0
657 5.0
40 11.0
405 96.0
222 18.0
254 61.0
896 56.0
967 14.0
754 70.0
460 71.0
928 4.0
744 14.0
827 64.0
551 24.0
483 25.0
79 2.0
755 31.0
696 32.0
934 82.0
49 92.0
321 18.0
933 87.0
832 2.0
302 44.0
232 99.0
381 29.0
715 15.0
474 35.0
756 1.0
783 5.0
470 1.0
47 49.0
407 21.0
914 9.0
644 100.0
120 82.0
832 45.0
61 66.0
757 47.0
773 54.0
970 83.0
628 79.0
611 43.0
285 88.0
139 19.0
963 40.0
389 74.0
758 23.0
187 65.0
888 69.0
534 19.0
99 41.0
215 97.0
981 62.0
943 28.0
378 79.0
308 91.0
603 44.0
325 28.0
759 41.0
941 46.0
341 78.0
500 50.0
787 8.0
715 74.0
476 85.0
290 32.0
738 6.0
181 66.0
760 100.0
514 61.0
894 77.0
969 16.0
128 56.0
300 57.0
685 21.0
765 55.0
481 34.0
246 78.0
167 73.0
927 56.0
454 58.0
761 9.0
764 18.0
490 66.0
824 27.0
375 22.0
59 43.0
139 96.0
110 24.0
281 88.0
101 28.0
391 52.0
915 71.0
73 79.0
382 78.0
806 27.0
962 31.0
809 27.0
645 31.0
51 22.0
762 6.0
752 37.0
140 75.0
742 6.0
702 97.0
59 19.0
359 80.0
627 88.0
763 96.0
93 37.0
12 1.0
178 26.0
708 32.0
404 10.0
801 96.0
508 75.0
781 34.0
961 73.0
998 45.0
658 71.0
82 4.0
680 19.0
764 92.0
820 39.0
426 29.0
121 79.0
171 18.0
314 23.0
154 98.0
487 96.0
127 23.0
178 41.0
959 35.0
640 98.0
765 37.0
147 4.0
602 40.0
756 21.0
558 36.0
795 9.0
837 54.0
766 55.0
11 35.0
246 15.0
80 33.0
339 67.0
391 66.0
329 75.0
653 60.0
111 34.0
423 73.0
572 39.0
963 53.0
25 56.0
488 7.0
552 47.0
504 81.0
767 5.0
561 9.0
71 83.0
69 25.0
332 20.0
733 16.0
939 66.0
583 56.0
675 80.0
623 29.0
354 82.0
768 8.0
94 67.0
590 38.0
378 80.0
34 25.0
496 61.0
23 76.0
775 82.0
769 26.0
811 86.0
779 8.0
955 45.0
358 91.0
365 66.0
781 85.0
469 48.0
285 38.0
441 75.0
167 65.0
13 44.0
103 90.0
335 46.0
488 98.0
210 32.0
775 35.0
522 54.0
244 35.0
963 26.0
548 81.0
884 57.0
875 11.0
770 75.0
367 5.0
569 64.0
125 52.0
196 18.0
845 96.0
789 6.0
174 20.0
2 23.0
647 29.0
780 40.0
936 52.0
771 77.0
258 85.0
902 79.0
969 5.0
706 78.0
521 18.0
490 78.0
334 58.0
579 79.0
148 27.0
361 30.0
772 11.0
952 45.0
451 91.0
572 21.0
296 85.0
255 1.0
197 23.0
990 26.0
470 38.0
773 19.0
389 42.0
992 6.0
593 78.0
190 74.0
388 13.0
464 52.0
234 21.0
84 33.0
705 30.0
774 92.0
654 85.0
753 67.0
736 100.0
82 8.0
834 37.0
135 76.0
812 28.0
621 45.0
48 64.0
214 24.0
919 8.0
784 92.0
601 53.0
304 23.0
47 52.0
775 22.0
436 76.0
350 7.0
513 8.0
891 27.0
365 85.0
468 94.0
981 90.0
910 33.0
776 24.0
614 89.0
123 51.0
622 11.0
929 41.0
223 2.0
219 96.0
638 67.0
993 24.0
926 13.0
777 3.0
682 22.0
393 20.0
804 79.0
779 77.0
752 71.0
376 70.0
139 92.0
778 44.0
676 92.0
130 70.0
246 56.0
730 22.0
393 46.0
900 87.0
339 54.0
667 24.0
647 90.0
981 51.0
301 60.0
198 44.0
779 22.0
936 52.0
418 71.0
963 42.0
724 6.0
882 89.0
12 23.0
338 23.0
435 33.0
164 66.0
780 69.0
727 82.0
276 83.0
396 38.0
894 18.0
75 91.0
503 71.0
524 28.0
760 72.0
558 85.0
136 8.0
541 78.0
666 81.0
433 22.0
781 42.0
713 48.0
702 88.0
160 66.0
329 36.0
362 28.0
136 37.0
353 48.0
144 97.0
52 55.0
943 40.0
300 23.0
782 66.0
166 1.0
954 60.0
777 71.0
845 75.0
868 63.0
433 28.0
678 19.0
361 38.0
443 63.0
339 42.0
783 72.0
675 96.0
770 87.0
460 100.0
248 19.0
784 92.0
737 74.0
295 42.0
161 92.0
261 27.0
823 67.0
931 45.0
360 66.0
354 1.0
365 27.0
781 2.0
785 27.0
901 3.0
357 2.0
76 57.0
59 85.0
235 23.0
435 56.0
90 20.0
528 39.0
786 10.0
870 30.0
37 75.0
690 71.0
277 29.0
700 63.0
844 25.0
644 55.0
33 59.0
261 82.0
955 27.0
155 46.0
968 91.0
962 94.0
216 15.0
787 82.0
628 53.0
395 78.0
528 18.0
632 89.0
601 46.0
933 46.0
261 49.0
613 6.0
788 76.0
524 82.0
141 54.0
965 11.0
601 94.0
429 16.0
949 78.0
789 15.0
136 82.0
543 58.0
393 37.0
599 68.0
372 18.0
696 44.0
507 21.0
936 48.0
881 14.0
73 92.0
459 12.0
686 76.0
324 27.0
790 76.0
404 79.0
428 30.0
489 72.0
10 86.0
553 52.0
772 9.0
931 80.0
588 49.0
836 79.0
791 30.0
422 4.0
514 54.0
974 36.0
16 88.0
706 20.0
159 76.0
868 51.0
789 84.0
439 83.0
80 9.0
179 77.0
499 27.0
646 1.0
792 69.0
590 41.0
60 26.0
593 13.0
536 26.0
801 52.0
984 43.0
56 90.0
988 89.0
251 5.0
692 78.0
299 53.0
793 31.0
594 11.0
221 55.0
659 82.0
868 33.0
693 75.0
154 62.0
509 90.0
306 54.0
343 23.0
568 6.0
794 70.0
47 79.0
713 40.0
442 78.0
31 70.0
554 18.0
729 64.0
743 70.0
91 68.0
500 3.0
788 78.0
806 41.0
795 69.0
50 73.0
300 82.0
565 4.0
751 47.0
477 1.0
649 43.0
20 11.0
966 93.0
56 56.0
34 39.0
104 60.0
796 52.0
121 91.0
13 26.0
934 74.0
865 100.0
713 79.0
680 80.0
905 78.0
533 99.0
372 50.0
797 46.0
241 2.0
53 8.0
728 4.0
389 6.0
350 54.0
34 83.0
504 18.0
54 13.0
616 70.0
798 20.0
34 22.0
144 84.0
853 16.0
744 61.0
583 53.0
463 47.0
609 6.0
420 59.0
161 37.0
624 93.0
916 48.0
55 54.0
867 10.0
799 94.0
309 23.0
960 71.0
981 55.0
277 91.0
156 58.0
871 79.0
639 39.0
590 80.0
800 41.0
52 61.0
715 82.0
851 67.0
476 51.0
493 78.0
227 50.0
271 72.0
816 75.0
150 39.0
321 64.0
399 68.0
893 75.0
824 70.0
488 85.0
740 98.0
668 86.0
801 61.0
784 52.0
146 13.0
644 2.0
980 56.0
768 78.0
201 15.0
358 41.0
98 73.0
190 57.0
316 62.0
802 34.0
560 99.0
852 90.0
183 81.0
174 40.0
695 12.0
189 9.0
124 55.0
592 86.0
772 28.0
600 35.0
639 48.0
666 30.0
803 76.0
577 89.0
287 37.0
37 64.0
262 97.0
836 67.0
695 41.0
234 8.0
585 46.0
5 38.0
635 15.0
515 65.0
455 33.0
804 7.0
368 21.0
470 62.0
938 90.0
625 53.0
937 27.0
577 4.0
219 2.0
800 51.0
740 57.0
93 48.0
655 77.0
805 30.0
637 92.0
646 16.0
989 15.0
966 64.0
429 70.0
71 15.0
488 51.0
838 100.0
215 23.0
951 15.0
994 30.0
842 95.0
318 31.0
849 69.0
457 54.0
806 73.0
98 18.0
507 66.0
608 24.0
275 42.0
830 86.0
606 25.0
902 51.0
648 90.0
873 24.0
198 24.0
288 89.0
542 94.0
807 52.0
49 99.0
499 81.0
1 61.0
273 20.0
210 73.0
589 34.0
849 15.0
808 40.0
75 71.0
791 27.0
742 29.0
273 62.0
500 51.0
515 54.0
850 84.0
809 67.0
871 15.0
704 96.0
630 51.0
326 4.0
407 58.0
810 27.0
948 31.0
751 72.0
454 25.0
6 31.0
392 21.0
445 25.0
647 92.0
404 7.0
887 41.0
455 19.0
660 50.0
811 95.0
121 54.0
957 7.0
396 83.0
703 35.0
323 86.0
345 22.0
301 7.0
172 63.0
867 49.0
109 38.0
453 2.0
859 59.0
59 2.0
11 45.0
950 24.0
989 27.0
812 22.0
826 65.0
884 13.0
101 66.0
337 21.0
178 51.0
983 43.0
813 46.0
448 20.0
355 45.0
159 97.0
139 56.0
164 48.0
504 61.0
837 89.0
133 43.0
620 18.0
733 17.0
234 39.0
993 21.0
814 16.0
773 68.0
865 32.0
135 88.0
492 76.0
231 58.0
11 26.0
89 27.0
805 43.0
499 89.0
728 72.0
824 36.0
796 93.0
23 80.0
76 91.0
815 18.0
674 48.0
635 88.0
645 19.0
845 62.0
526 27.0
619 57.0
54 40.0
864 57.0
816 22.0
145 9.0
127 37.0
759 15.0
115 70.0
719 36.0
800 50.0
817 32.0
293 50.0
248 32.0
235 46.0
51 76.0
537 6.0
594 95.0
974 65.0
422 25.0
236 52.0
861 32.0
125 76.0
59 33.0
611 8.0
494 25.0
970 80.0
818 5.0
659 31.0
791 38.0
127 79.0
400 92.0
730 92.0
173 12.0
898 73.0
130 27.0
330 5.0
266 95.0
680 2.0
106 24.0
324 19.0
102 55.0
819 67.0
317 2.0
400 15.0
822 49.0
559 97.0
862 62.0
957 70.0
213 67.0
777 7.0
107 95.0
883 37.0
557 13.0
820 24.0
434 59.0
78 49.0
303 29.0
292 77.0
778 89.0
92 59.0
140 98.0
821 28.0
432 21.0
607 17.0
822 17.0
502 9.0
49 92.0
484 7.0
822 76.0
430 11.0
769 40.0
576 48.0
611 72.0
507 1.0
9 50.0
617 17.0
453 10.0
347 97.0
634 11.0
823 81.0
964 53.0
188 47.0
538 22.0
360 58.0
831 20.0
874 64.0
281 79.0
433 78.0
650 58.0
824 38.0
562 99.0
482 88.0
723 17.0
897 99.0
949 63.0
73 59.0
911 64.0
933 89.0
534 1.0
570 49.0
146 26.0
233 11.0
341 76.0
825 93.0
81 49.0
451 11.0
607 12.0
331 82.0
655 11.0
479 37.0
468 10.0
13 69.0
826 91.0
520 80.0
614 41.0
584 16.0
350 37.0
529 56.0
124 15.0
240 72.0
66 68.0
639 3.0
442 99.0
608 8.0
873 89.0
517 15.0
827 33.0
72 21.0
578 14.0
511 36.0
980 13.0
47 32.0
984 7.0
828 90.0
541 68.0
571 6.0
723 48.0
702 42.0
858 54.0
501 36.0
521 89.0
771 63.0
367 96.0
614 84.0
243 27.0
435 45.0
63 40.0
829 37.0
447 12.0
7 64.0
494 39.0
696 94.0
634 14.0
38 67.0
95 14.0
174 3.0
156 89.0
830 97.0
576 61.0
475 88.0
820 91.0
356 83.0
240 44.0
672 40.0
372 53.0
496 48.0
816 11.0
831 11.0
927 84.0
356 32.0
452 68.0
205 19.0
290 90.0
377 29.0
173 76.0
153 6.0
95 16.0
557 17.0
809 53.0
832 10.0
254 11.0
955 41.0
675 63.0
658 21.0
896 13.0
589 35.0
833 59.0
564 58.0
800 58.0
374 87.0
95 50.0
464 60.0
702 91.0
787 80.0
111 90.0
418 8.0
834 59.0
883 50.0
523 44.0
786 41.0
217 49.0
372 69.0
814 13.0
582 23.0
284 99.0
200 82.0
529 91.0
233 39.0
150 54.0
835 46.0
700 61.0
114 6.0
159 3.0
653 56.0
64 44.0
840 97.0
413 93.0
836 36.0
734 67.0
585 51.0
776 1.0
468 31.0
948 90.0
52 82.0
462 51.0
349 43.0
754 42.0
659 22.0
388 26.0
108 14.0
602 34.0
419 7.0
135 48.0
837 46.0
49 87.0
435 63.0
20 20.0
965 91.0
844 83.0
998 78.0
313 56.0
838 31.0
647 65.0
307 25.0
160 51.0
763 45.0
12 52.0
421 64.0
369 100.0
480 36.0
663 100.0
846 20.0
876 55.0
266 32.0
167 18.0
839 45.0
701 73.0
212 68.0
257 70.0
165 25.0
922 99.0
687 64.0
322 100.0
404 45.0
695 41.0
51 33.0
438 15.0
554 77.0
572 79.0
840 59.0
600 47.0
36 39.0
996 47.0
684 32.0
795 92.0
209 89.0
798 99.0
841 69.0
488 93.0
274 7.0
120 26.0
727 14.0
430 11.0
753 83.0
991 45.0
183 61.0
474 18.0
154 68.0
576 65.0
190 51.0
842 95.0
578 31.0
863 95.0
2 71.0
55 47.0
895 1.0
843 81.0
425 33.0
995 7.0
950 89.0
735 82.0
454 48.0
844 17.0
681 64.0
999 33.0
529 62.0
514 81.0
845 90.0
576 34.0
459 80.0
13 92.0
972 20.0
870 84.0
743 24.0
444 25.0
183 25.0
333 58.0
326 18.0
281 35.0
846 44.0
625 78.0
242 76.0
171 13.0
66 99.0
17 68.0
908 7.0
693 88.0
154 6.0
847 64.0
257 1.0
39 80.0
393 19.0
29 77.0
512 56.0
514 42.0
945 72.0
271 92.0
361 74.0
848 75.0
441 4.0
12 55.0
906 90.0
640 86.0
39 73.0
731 63.0
543 73.0
712 75.0
625 7.0
849 93.0
473 14.0
657 35.0
836 1.0
365 24.0
35 82.0
936 20.0
566 47.0
113 6.0
220 89.0
850 30.0
545 40.0
433 5.0
615 74.0
601 28.0
127 71.0
374 95.0
287 48.0
480 69.0
611 14.0
649 25.0
851 42.0
732 36.0
14 28.0
60 88.0
106 48.0
130 41.0
495 42.0
852 48.0
587 39.0
706 31.0
648 26.0
440 29.0
421 99.0
347 69.0
684 67.0
158 99.0
216 57.0
853 52.0
97 87.0
575 17.0
424 96.0
529 16.0
314 27.0
706 40.0
406 90.0
35 97.0
806 36.0
854 82.0
221 28.0
313 95.0
541 62.0
238 12.0
192 25.0
570 96.0
275 19.0
767 40.0
539 42.0
235 50.0
385 94.0
314 61.0
855 42.0
77 22.0
348 44.0
566 67.0
440 76.0
200 52.0
856 54.0
48 63.0
747 79.0
513 91.0
247 4.0
743 52.0
10 89.0
365 1.0
173 37.0
412 67.0
323 52.0
636 33.0
857 52.0
25 75.0
545 96.0
93 58.0
740 46.0
265 4.0
235 47.0
281 34.0
63 6.0
957 53.0
858 60.0
2 28.0
764 97.0
263 97.0
201 69.0
366 66.0
312 24.0
438 85.0
661 97.0
859 99.0
797 15.0
994 73.0
923 66.0
748 97.0
944 47.0
338 26.0
178 76.0
678 100.0
687 36.0
366 79.0
554 92.0
860 18.0
161 27.0
572 60.0
765 96.0
339 78.0
658 48.0
481 6.0
912 87.0
298 60.0
273 61.0
861 19.0
563 20.0
439 84.0
531 37.0
573 53.0
307 44.0
101 30.0
260 74.0
726 21.0
123 98.0
976 4.0
905 34.0
259 73.0
862 100.0
618 95.0
665 83.0
704 67.0
713 71.0
985 3.0
971 7.0
490 67.0
322 88.0
391 40.0
510 6.0
935 25.0
863 13.0
806 79.0
498 22.0
564 25.0
115 75.0
838 1.0
559 47.0
864 75.0
167 74.0
250 64.0
650 24.0
457 15.0
386 53.0
577 54.0
462 76.0
879 29.0
341 67.0
272 95.0
223 8.0
201 78.0
671 41.0
935 42.0
865 19.0
3 79.0
214 46.0
8 36.0
391 19.0
815 36.0
358 38.0
226 13.0
477 31.0
454 94.0
866 84.0
500 8.0
727 72.0
115 35.0
227 51.0
151 77.0
491 79.0
515 91.0
25 45.0
743 58.0
687 38.0
932 64.0
69 90.0
887 78.0
508 24.0
334 33.0
867 44.0
153 59.0
781 51.0
810 28.0
610 21.0
846 81.0
456 66.0
392 18.0
414 87.0
519 18.0
304 16.0
367 3.0
868 58.0
550 69.0
522 45.0
776 61.0
668 44.0
758 54.0
511 80.0
75 61.0
869 9.0
161 86.0
428 26.0
651 81.0
219 47.0
862 80.0
184 37.0
667 25.0
124 22.0
559 51.0
568 2.0
344 86.0
870 33.0
100 41.0
227 8.0
84 97.0
502 16.0
96 21.0
708 24.0
871 88.0
524 90.0
440 34.0
449 61.0
863 17.0
680 62.0
969 70.0
939 33.0
979 8.0
66 88.0
842 25.0
530 39.0
862 52.0
178 65.0
872 86.0
664 70.0
589 78.0
820 14.0
948 31.0
406 12.0
972 78.0
600 73.0
945 27.0
939 100.0
873 68.0
595 27.0
580 23.0
407 80.0
900 90.0
449 23.0
140 100.0
878 8.0
648 80.0
2 79.0
874 83.0
815 9.0
601 27.0
706 39.0
762 58.0
624 91.0
38 60.0
566 11.0
700 16.0
289 8.0
646 95.0
200 30.0
579 90.0
875 92.0
926 65.0
853 26.0
361 1.0
76 51.0
785 5.0
147 15.0
83 74.0
523 88.0
593 36.0
234 77.0
792 48.0
876 63.0
538 72.0
507 16.0
265 82.0
795 32.0
169 93.0
578 49.0
728 59.0
107 36.0
864 85.0
877 57.0
810 15.0
181 22.0
331 2.0
325 27.0
199 41.0
845 10.0
986 9.0
623 73.0
382 26.0
747 18.0
29 44.0
881 58.0
723 52.0
794 24.0
786 57.0
878 90.0
957 67.0
263 9.0
922 53.0
583 88.0
19 47.0
970 100.0
44 85.0
444 65.0
69 40.0
879 48.0
545 58.0
89 56.0
213 74.0
626 52.0
880 84.0
16 63.0
625 22.0
430 89.0
902 13.0
602 1.0
276 40.0
551 93.0
333 56.0
100 28.0
233 37.0
881 5.0
467 90.0
706 20.0
628 53.0
481 5.0
994 31.0
527 67.0
892 7.0
882 1.0
533 28.0
725 97.0
516 93.0
474 8.0
424 100.0
445 52.0
230 27.0
948 26.0
450 64.0
134 9.0
903 16.0
178 21.0
520 79.0
970 18.0
883 82.0
550 70.0
806 46.0
102 88.0
863 62.0
777 59.0
64 66.0
988 13.0
769 31.0
405 53.0
146 12.0
884 53.0
974 41.0
781 61.0
415 45.0
96 32.0
135 81.0
69 65.0
885 86.0
720 73.0
141 55.0
401 70.0
205 8.0
782 72.0
531 93.0
886 22.0
826 27.0
994 69.0
94 96.0
386 94.0
992 80.0
192 65.0
496 91.0
664 93.0
711 87.0
887 29.0
88 36.0
966 85.0
600 65.0
419 56.0
660 50.0
23 24.0
353 89.0
888 8.0
128 97.0
819 35.0
578 3.0
231 77.0
206 50.0
535 25.0
347 24.0
9 24.0
176 97.0
896 33.0
138 19.0
22 69.0
63 65.0
286 48.0
41 43.0
889 35.0
675 70.0
950 15.0
364 74.0
799 68.0
577 29.0
419 22.0
941 15.0
298 31.0
973 11.0
368 73.0
816 53.0
228 92.0
890 59.0
510 81.0
936 39.0
305 9.0
538 27.0
37 24.0
591 5.0
189 67.0
730 54.0
891 87.0
886 76.0
775 58.0
597 26.0
577 7.0
990 80.0
259 43.0
782 1.0
140 79.0
580 22.0
405 31.0
168 9.0
892 64.0
467 83.0
658 76.0
268 16.0
901 43.0
312 81.0
573 75.0
102 27.0
937 6.0
883 49.0
211 72.0
366 50.0
983 80.0
220 62.0
974 43.0
49 52.0
893 83.0
452 39.0
353 42.0
621 79.0
796 10.0
768 100.0
935 32.0
584 91.0
332 61.0
589 59.0
206 51.0
894 54.0
745 12.0
68 72.0
9 6.0
773 52.0
297 34.0
682 76.0
895 98.0
321 46.0
643 68.0
339 12.0
918 32.0
359 38.0
209 90.0
51 4.0
58 52.0
916 66.0
855 66.0
421 7.0
670 64.0
633 63.0
456 78.0
896 87.0
654 38.0
134 63.0
765 64.0
315 85.0
923 4.0
84 84.0
230 48.0
707 8.0
913 40.0
672 50.0
897 27.0
227 93.0
147 32.0
190 52.0
356 89.0
153 16.0
490 36.0
578 1.0
329 55.0
991 49.0
525 61.0
91 72.0
442 1.0
816 61.0
898 58.0
677 9.0
528 58.0
949 58.0
492 90.0
597 28.0
158 61.0
134 37.0
710 79.0
952 30.0
249 48.0
611 5.0
212 11.0
562 75.0
899 97.0
207 50.0
368 88.0
627 68.0
998 38.0
811 77.0
102 6.0
364 2.0
473 95.0
277 21.0
900 92.0
509 41.0
964 90.0
205 61.0
91 95.0
80 15.0
832 7.0
41 38.0
833 95.0
678 31.0
901 87.0
873 33.0
679 81.0
484 10.0
835 87.0
852 22.0
732 99.0
124 22.0
811 10.0
242 40.0
576 29.0
467 55.0
902 43.0
99 43.0
183 15.0
489 21.0
775 86.0
558 42.0
395 76.0
542 58.0
903 43.0
765 8.0
73 59.0
542 70.0
977 94.0
489 20.0
456 71.0
661 91.0
843 28.0
904 43.0
537 20.0
50 72.0
228 83.0
17 59.0
576 26.0
802 63.0
581 16.0
410 37.0
174 76.0
765 43.0
390 100.0
816 72.0
905 11.0
599 41.0
556 11.0
184 79.0
753 92.0
28 4.0
524 87.0
69 24.0
854 83.0
540 19.0
320 97.0
872 6.0
736 35.0
613 30.0
906 48.0
572 52.0
102 8.0
224 71.0
67 89.0
356 60.0
868 25.0
250 42.0
907 79.0
133 17.0
934 22.0
83 45.0
277 43.0
32 2.0
693 77.0
82 100.0
212 38.0
908 5.0
47 8.0
239 59.0
232 92.0
280 91.0
191 100.0
918 47.0
198 92.0
764 34.0
783 80.0
769 8.0
288 17.0
152 67.0
941 42.0
879 74.0
408 84.0
909 5.0
92 64.0
986 21.0
775 42.0
81 30.0
582 80.0
810 55.0
524 90.0
740 56.0
103 55.0
102 10.0
974 49.0
745 52.0
164 86.0
942 83.0
165 3.0
185 71.0
417 54.0
943 6.0
910 17.0
623 96.0
580 95.0
591 21.0
923 16.0
812 78.0
636 82.0
91 64.0
911 89.0
896 52.0
815 34.0
150 29.0
701 93.0
912 22.0
90 28.0
169 6.0
242 34.0
848 18.0
647 22.0
834 12.0
319 38.0
563 26.0
998 31.0
265 18.0
707 95.0
913 73.0
692 28.0
92 82.0
718 98.0
796 82.0
998 6.0
694 75.0
422 4.0
986 82.0
914 89.0
43 34.0
376 19.0
976 8.0
27 1.0
903 78.0
568 92.0
131 21.0
806 51.0
161 5.0
517 87.0
699 54.0
722 62.0
388 14.0
915 57.0
310 2.0
280 34.0
154 73.0
627 48.0
702 50.0
450 89.0
922 99.0
388 91.0
602 20.0
624 100.0
947 31.0
403 62.0
98 98.0
295 34.0
882 47.0
916 6.0
73 1.0
893 87.0
408 38.0
350 7.0
917 85.0
49 56.0
422 63.0
957 24.0
668 10.0
915 96.0
146 39.0
662 44.0
407 42.0
787 96.0
299 2.0
303 18.0
824 97.0
918 17.0
905 43.0
466 25.0
287 36.0
485 34.0
8 15.0
990 24.0
251 77.0
30 14.0
107 20.0
198 24.0
320 95.0
847 95.0
933 53.0
314 58.0
919 48.0
379 71.0
716 28.0
156 61.0
814 11.0
15 34.0
370 67.0
900 42.0
108 78.0
330 93.0
710 73.0
465 43.0
920 70.0
13 98.0
391 6.0
231 58.0
135 35.0
435 3.0
93 2.0
970 94.0
921 30.0
621 59.0
18 93.0
949 44.0
727 91.0
252 80.0
235 54.0
38 61.0
999 96.0
248 44.0
922 88.0
536 4.0
306 76.0
893 60.0
809 45.0
680 88.0
965 47.0
392 52.0
388 100.0
403 63.0
745 66.0
808 6.0
923 91.0
422 84.0
616 56.0
145 76.0
543 59.0
468 30.0
870 4.0
164 90.0
737 81.0
730 30.0
513 73.0
972 80.0
995 4.0
815 43.0
26 11.0
894 35.0
924 79.0
704 98.0
523 29.0
294 78.0
696 48.0
758 60.0
913 90.0
24 3.0
436 7.0
681 2.0
942 29.0
7 59.0
925 75.0
417 26.0
453 93.0
285 11.0
71 19.0
371 42.0
445 89.0
633 26.0
618 27.0
537 77.0
705 81.0
716 34.0
926 37.0
818 4.0
787 85.0
732 53.0
195 14.0
908 70.0
498 66.0
761 60.0
430 53.0
891 29.0
927 92.0
326 57.0
900 23.0
262 55.0
238 51.0
877 73.0
912 49.0
701 3.0
970 82.0
827 74.0
861 85.0
169 73.0
657 13.0
366 1.0
905 48.0
381 54.0
928 29.0
482 57.0
837 14.0
869 56.0
193 41.0
8 87.0
374 80.0
777 89.0
317 24.0
863 76.0
581 75.0
875 44.0
929 99.0
772 10.0
645 13.0
178 72.0
814 28.0
749 79.0
930 59.0
70 10.0
875 3.0
519 61.0
300 84.0
233 14.0
927 77.0
497 89.0
341 76.0
189 75.0
931 88.0
971 4.0
163 33.0
865 10.0
830 20.0
332 58.0
643 33.0
374 15.0
131 90.0
900 57.0
41 6.0
693 16.0
681 62.0
932 43.0
515 65.0
462 54.0
859 34.0
769 38.0
698 65.0
935 71.0
933 31.0
661 98.0
42 48.0
711 67.0
158 49.0
197 13.0
109 75.0
128 98.0
287 32.0
773 18.0
564 46.0
832 11.0
324 92.0
934 99.0
324 84.0
545 43.0
376 74.0
331 40.0
16 43.0
656 44.0
220 24.0
64 14.0
935 54.0
534 19.0
436 76.0
328 77.0
375 51.0
122 48.0
342 84.0
745 98.0
571 32.0
986 3.0
493 26.0
605 10.0
13 37.0
936 91.0
502 37.0
872 79.0
278 45.0
197 10.0
400 42.0
233 66.0
216 7.0
945 35.0
257 69.0
366 82.0
777 83.0
411 28.0
722 6.0
937 1.0
631 83.0
176 70.0
64 12.0
906 63.0
938 91.0
194 18.0
273 49.0
620 72.0
547 46.0
613 1.0
939 26.0
656 13.0
377 95.0
177 55.0
493 94.0
717 14.0
848 76.0
324 97.0
878 66.0
447 41.0
495 33.0
434 91.0
980 40.0
940 68.0
768 68.0
198 29.0
518 37.0
431 36.0
990 74.0
301 57.0
640 87.0
298 50.0
515 1.0
120 93.0
569 100.0
941 73.0
960 15.0
211 52.0
106 1.0
688 100.0
957 85.0
942 29.0
601 81.0
597 85.0
981 15.0
230 63.0
98 92.0
799 81.0
653 89.0
397 71.0
513 89.0
62 57.0
943 75.0
517 19.0
875 55.0
863 41.0
655 92.0
570 41.0
546 21.0
849 79.0
896 100.0
113 73.0
497 57.0
944 80.0
446 29.0
142 69.0
585 77.0
265 90.0
330 100.0
565 40.0
418 32.0
602 23.0
389 14.0
245 17.0
303 99.0
344 24.0
806 7.0
490 52.0
945 59.0
932 27.0
767 3.0
707 15.0
452 45.0
812 35.0
338 88.0
946 76.0
455 77.0
855 36.0
715 5.0
261 2.0
451 8.0
404 79.0
947 81.0
902 16.0
428 63.0
246 64.0
21 67.0
208 1.0
662 26.0
595 64.0
430 36.0
483 66.0
263 24.0
278 69.0
948 99.0
780 36.0
28 64.0
413 73.0
600 47.0
231 57.0
789 30.0
462 66.0
324 51.0
953 38.0
911 12.0
485 99.0
949 52.0
928 45.0
629 90.0
772 11.0
88 38.0
831 73.0
296 70.0
462 100.0
746 9.0
515 22.0
950 93.0
393 14.0
813 31.0
694 72.0
357 33.0
970 46.0
484 20.0
117 62.0
301 72.0
951 83.0
640 27.0
572 35.0
225 97.0
2 96.0
420 88.0
468 94.0
533 79.0
713 18.0
112 1.0
13 56.0
520 13.0
307 67.0
952 12.0
60 27.0
168 36.0
738 94.0
164 10.0
725 71.0
252 40.0
547 82.0
26 66.0
214 48.0
824 38.0
111 31.0
131 51.0
953 11.0
33 44.0
566 79.0
930 10.0
121 8.0
722 17.0
910 78.0
730 97.0
43 13.0
167 24.0
85 11.0
954 80.0
382 84.0
64 80.0
881 92.0
876 3.0
548 35.0
667 31.0
509 96.0
590 38.0
955 45.0
843 73.0
713 39.0
760 33.0
638 82.0
260 72.0
978 8.0
488 67.0
956 36.0
892 4.0
382 28.0
607 15.0
843 91.0
96 31.0
957 93.0
953 57.0
603 97.0
309 37.0
776 28.0
117 26.0
66 63.0
847 2.0
570 26.0
519 94.0
882 90.0
828 77.0
334 22.0
958 78.0
390 66.0
439 64.0
999 47.0
560 95.0
96 7.0
535 38.0
474 51.0
597 82.0
117 35.0
974 55.0
950 89.0
959 83.0
551 99.0
917 3.0
76 15.0
16 51.0
818 60.0
497 10.0
872 37.0
473 79.0
855 1.0
630 42.0
960 98.0
993 76.0
464 46.0
839 71.0
720 45.0
43 93.0
535 48.0
34 52.0
256 64.0
855 94.0
799 3.0
282 32.0
682 63.0
611 46.0
961 95.0
984 67.0
364 7.0
810 75.0
495 21.0
418 17.0
812 34.0
161 73.0
478 87.0
518 26.0
378 40.0
707 55.0
150 61.0
189 27.0
962 18.0
954 36.0
255 5.0
84 94.0
261 27.0
566 94.0
645 55.0
713 93.0
861 71.0
942 27.0
782 96.0
878 9.0
273 91.0
79 23.0
623 24.0
963 21.0
539 86.0
189 50.0
47 50.0
71 32.0
201 15.0
32 80.0
541 17.0
475 45.0
85 53.0
564 2.0
308 20.0
67 92.0
518 53.0
964 45.0
93 36.0
354 60.0
957 37.0
903 59.0
76 99.0
532 11.0
433 53.0
558 84.0
691 99.0
413 100.0
515 6.0
439 8.0
902 32.0
239 56.0
965 32.0
320 51.0
308 22.0
708 30.0
911 75.0
892 27.0
770 32.0
479 53.0
260 93.0
403 26.0
966 42.0
491 21.0
93 49.0
952 92.0
142 38.0
923 73.0
138 49.0
887 11.0
435 51.0
89 79.0
969 47.0
928 57.0
576 68.0
891 77.0
160 54.0
967 74.0
263 79.0
963 48.0
143 85.0
48 5.0
156 48.0
398 58.0
763 9.0
146 28.0
629 60.0
220 1.0
837 47.0
968 98.0
9 56.0
997 68.0
126 23.0
189 90.0
88 82.0
736 28.0
378 93.0
476 90.0
247 68.0
969 36.0
354 87.0
822 8.0
439 93.0
74 64.0
111 21.0
519 55.0
342 65.0
253 59.0
580 74.0
970 4.0
187 61.0
979 70.0
570 20.0
636 48.0
590 31.0
265 16.0
209 70.0
649 27.0
816 35.0
840 25.0
232 49.0
184 32.0
971 66.0
192 79.0
988 57.0
431 40.0
454 25.0
29 8.0
448 82.0
212 27.0
715 48.0
658 23.0
93 64.0
942 7.0
286 16.0
411 91.0
972 31.0
283 87.0
404 30.0
365 85.0
438 82.0
782 96.0
790 66.0
512 84.0
616 47.0
973 88.0
347 10.0
764 73.0
544 84.0
677 30.0
199 55.0
396 55.0
201 49.0
836 81.0
34 49.0
663 15.0
313 43.0
522 17.0
974 97.0
447 4.0
155 79.0
828 37.0
800 38.0
559 5.0
372 66.0
55 31.0
180 3.0
248 10.0
74 45.0
362 72.0
292 50.0
540 1.0
709 33.0
54 51.0
192 78.0
913 89.0
975 30.0
629 9.0
499 21.0
76 85.0
718 52.0
382 91.0
572 4.0
642 5.0
251 87.0
976 88.0
892 3.0
69 68.0
923 48.0
474 60.0
47 77.0
647 52.0
447 70.0
683 42.0
719 82.0
527 23.0
594 79.0
79 2.0
605 2.0
977 91.0
274 96.0
660 72.0
944 1.0
826 84.0
505 1.0
627 29.0
206 80.0
4 82.0
374 30.0
438 81.0
401 100.0
978 8.0
403 92.0
973 70.0
294 82.0
202 78.0
701 37.0
571 59.0
964 18.0
671 67.0
979 88.0
970 33.0
183 33.0
951 32.0
704 23.0
515 49.0
313 36.0
44 52.0
734 12.0
146 59.0
980 14.0
96 66.0
858 66.0
219 20.0
149 17.0
298 89.0
340 97.0
250 21.0
80 77.0
981 66.0
660 58.0
797 23.0
882 8.0
348 61.0
584 27.0
563 26.0
982 41.0
622 26.0
631 12.0
639 42.0
732 57.0
441 82.0
740 15.0
231 93.0
447 57.0
497 86.0
923 98.0
845 99.0
20 43.0
171 92.0
630 48.0
983 23.0
669 55.0
188 80.0
786 70.0
379 73.0
829 76.0
201 14.0
984 16.0
389 23.0
542 81.0
720 46.0
768 5.0
512 37.0
958 48.0
54 31.0
776 60.0
985 54.0
15 20.0
118 88.0
969 45.0
870 64.0
616 61.0
600 47.0
383 27.0
456 89.0
82 37.0
59 14.0
563 31.0
145 39.0
359 89.0
986 7.0
60 40.0
75 19.0
523 37.0
150 58.0
152 93.0
330 14.0
241 100.0
40 41.0
266 7.0
743 75.0
315 31.0
987 87.0
64 13.0
211 29.0
204 60.0
409 39.0
561 96.0
540 90.0
803 56.0
56 58.0
74 35.0
716 93.0
251 35.0
751 82.0
697 67.0
319 58.0
694 99.0
988 83.0
708 48.0
211 87.0
27 22.0
838 9.0
789 50.0
522 55.0
404 67.0
892 75.0
545 24.0
688 77.0
916 100.0
408 88.0
989 58.0
424 43.0
283 79.0
760 78.0
18 28.0
580 15.0
916 39.0
741 96.0
692 25.0
344 19.0
990 63.0
531 33.0
282 78.0
824 65.0
351 63.0
279 77.0
718 29.0
707 9.0
435 18.0
892 74.0
311 17.0
991 75.0
31 26.0
858 15.0
804 5.0
103 70.0
79 93.0
134 29.0
469 88.0
382 45.0
450 36.0
992 9.0
8 23.0
905 64.0
517 32.0
188 92.0
451 24.0
255 44.0
309 81.0
493 85.0
476 15.0
717 97.0
993 27.0
115 96.0
932 61.0
441 42.0
41 19.0
910 31.0
170 4.0
15 93.0
871 82.0
300 5.0
161 29.0
391 41.0
600 36.0
994 73.0
234 60.0
513 49.0
200 5.0
263 14.0
924 20.0
733 46.0
289 25.0
452 83.0
995 26.0
428 2.0
810 29.0
212 61.0
2 74.0
819 52.0
791 92.0
758 23.0
35 63.0
100 42.0
10 75.0
775 83.0
293 97.0
996 19.0
972 98.0
533 29.0
639 40.0
568 66.0
572 62.0
889 71.0
915 80.0
135 77.0
535 73.0
166 46.0
988 46.0
650 7.0
997 92.0
130 42.0
613 84.0
717 49.0
802 76.0
738 32.0
437 41.0
735 5.0
407 79.0
635 42.0
115 26.0
167 84.0
693 93.0
318 81.0
998 97.0
238 44.0
241 68.0
410 46.0
38 92.0
950 31.0
173 81.0
999 73.0
40 82.0
461 9.0
806 58.0
164 100.0
192 97.0
1000 91.0
705 36.0
130 25.0
687 1.0
775 16.0
743 59.0
153 85.0
267 71.0
163 8.0
665 10.0
713 28.0
390 28.0
117 95.0
704 71.0
967 95.0
630 40.0
161 1.0
421 2.0
527 51.0
737 59.0
261 11.0
208
786
1 208
1 209
1 786
