1000 10989 0  0 7
12
14
13
5
9
16
9
11
13
9
13
4
10
8
12
11
15
18
13
14
10
10
15
6
9
11
8
11
10
18
14
7
11
11
10
14
15
10
11
13
8
6
13
11
10
19
14
11
11
15
17
10
20
6
10
14
6
10
8
6
15
12
14
11
14
17
11
9
11
13
14
11
13
10
15
11
13
8
15
12
10
17
15
9
13
12
14
7
11
16
7
6
13
7
14
10
14
14
10
6
15
9
6
13
11
14
9
9
8
12
7
6
7
11
12
10
9
13
15
12
10
12
7
11
10
13
10
11
16
9
9
10
7
12
7
7
15
11
9
11
8
10
7
9
15
11
12
8
6
11
10
12
9
9
10
13
18
10
8
14
17
15
13
10
13
17
6
10
9
15
12
5
6
13
17
7
10
12
14
10
7
11
8
12
13
14
5
12
7
16
11
9
10
14
7
14
10
11
19
12
8
13
14
6
10
19
9
13
12
10
10
12
12
13
12
7
12
11
16
8
8
18
12
13
9
13
12
9
16
8
13
10
12
9
4
9
14
7
12
14
15
15
10
13
10
14
12
13
5
9
8
9
8
12
14
10
6
12
9
13
5
5
11
17
12
15
7
10
12
12
10
9
18
8
5
9
6
7
8
12
11
20
7
9
10
10
7
7
10
7
10
20
10
13
11
9
10
8
15
9
12
11
8
10
13
13
11
9
8
14
14
13
14
9
13
10
10
13
9
12
6
19
11
13
8
10
16
9
12
16
11
12
13
12
10
9
13
11
10
14
12
10
12
7
10
13
8
7
9
16
7
9
11
10
13
7
11
17
13
13
13
11
18
14
11
13
6
14
5
19
13
16
11
8
14
6
12
10
8
16
18
12
11
8
9
12
10
11
11
9
10
11
10
12
10
10
6
12
8
17
11
10
9
15
10
8
9
14
7
18
13
10
8
14
6
9
15
20
6
12
10
13
9
15
9
10
11
8
10
10
9
6
10
9
10
6
10
12
9
16
7
8
5
9
11
9
12
8
9
20
14
5
11
8
15
6
12
8
12
10
12
12
6
9
6
9
12
16
15
14
8
11
17
11
14
9
15
8
10
12
20
5
9
14
11
13
10
7
11
12
10
8
15
11
10
12
13
10
6
21
10
8
11
16
12
7
10
13
10
9
15
13
11
9
7
6
15
9
10
10
7
10
13
11
16
15
13
4
9
16
11
10
10
7
13
10
15
14
9
4
7
11
9
13
16
6
8
13
12
8
15
4
12
10
15
13
7
14
12
5
11
13
10
9
9
8
10
17
7
8
11
10
11
15
13
10
9
11
23
14
12
13
13
11
13
15
11
10
6
10
8
11
10
9
7
11
12
13
9
8
8
10
7
13
15
11
15
13
9
11
6
11
11
8
8
14
10
3
20
10
8
11
13
7
11
12
10
18
8
9
8
11
11
17
12
11
8
9
15
9
11
13
10
10
14
9
12
11
12
6
11
12
8
9
13
12
11
13
16
16
5
18
9
12
13
10
7
11
13
11
12
8
11
10
7
5
10
11
10
8
10
10
17
10
12
7
9
10
16
8
16
14
13
8
12
8
16
12
9
9
14
18
7
8
10
12
11
8
13
9
11
13
10
12
11
15
12
8
13
7
11
13
10
7
12
10
9
10
14
12
12
7
10
16
7
7
10
11
12
11
14
10
16
5
13
19
15
9
16
12
9
13
8
9
15
15
11
11
5
12
11
10
9
12
18
10
10
16
10
16
7
12
11
11
11
7
13
10
8
12
11
17
14
8
8
10
6
3
9
12
17
9
16
11
13
15
9
13
11
8
9
14
14
7
15
16
10
16
5
7
10
9
18
13
16
12
13
5
11
10
16
11
9
12
10
9
9
7
19
13
9
18
11
13
10
5
6
9
8
9
11
14
10
11
8
10
15
11
10
8
11
12
8
15
10
9
10
9
10
15
15
7
10
11
7
16
15
16
15
16
12
9
6
7
11
11
8
13
9
11
8
9
8
9
14
11
11
8
7
7
14
20
13
7
7
12
9
12
16
14
15
11
6
10
14
13
17
6
10
10
9
10
10
9
5
13
15
12
13
12
10
13
8
11
10
14
13
13
10
4
10
17
8
16
9
13
9
12
15
7
12
10
9
12
12
5
17
12
14
10
10
13
8
8
9
15
8
12
11
12
9
9
5
10
12
14
9
9
15
10
14
10
10
18
12
11
10
9
10
12
12
10
7
13
16
12
13
7
13
10
8
4
11
11
14
9
14
12
10
6
2 22.0
276 23.0
603 98.0
687 12.0
82 35.0
695 53.0
562 13.0
413 42.0
266 18.0
594 52.0
764 37.0
264 3.0
3 72.0
444 15.0
387 14.0
790 66.0
98 52.0
114 85.0
180 33.0
254 15.0
907 8.0
861 31.0
837 42.0
845 34.0
761 2.0
422 40.0
4 61.0
745 22.0
962 23.0
283 3.0
354 41.0
628 78.0
700 91.0
554 97.0
132 94.0
203 97.0
496 63.0
578 72.0
439 15.0
5 28.0
527 19.0
579 32.0
964 24.0
37 51.0
6 29.0
348 82.0
758 51.0
73 56.0
504 84.0
7 38.0
772 53.0
781 70.0
464 100.0
7 27.0
125 36.0
387 10.0
23 14.0
68 43.0
301 51.0
320 27.0
820 94.0
905 72.0
317 55.0
591 26.0
828 38.0
276 27.0
296 49.0
835 37.0
886 78.0
8 25.0
122 73.0
491 57.0
36 81.0
779 41.0
61 25.0
558 25.0
181 17.0
449 51.0
9 19.0
688 91.0
675 10.0
441 97.0
609 53.0
681 64.0
135 64.0
403 37.0
83 55.0
423 12.0
447 91.0
10 48.0
286 21.0
236 68.0
117 99.0
134 78.0
437 50.0
903 45.0
946 65.0
122 20.0
653 97.0
85 46.0
188 79.0
853 32.0
11 14.0
344 7.0
542 57.0
118 31.0
795 90.0
302 54.0
579 80.0
104 89.0
617 17.0
12 62.0
688 99.0
891 26.0
925 21.0
184 80.0
153 9.0
339 92.0
382 25.0
828 55.0
288 92.0
492 38.0
468 38.0
466 54.0
13 59.0
851 40.0
533 88.0
332 3.0
14 65.0
760 76.0
925 13.0
472 93.0
128 18.0
91 79.0
978 74.0
301 18.0
995 93.0
215 34.0
15 91.0
644 45.0
579 57.0
795 55.0
809 39.0
612 32.0
329 32.0
249 90.0
16 67.0
570 51.0
853 10.0
280 70.0
731 100.0
541 90.0
365 12.0
220 89.0
427 2.0
938 39.0
481 21.0
203 65.0
17 23.0
940 39.0
184 33.0
627 62.0
143 33.0
898 79.0
212 8.0
465 67.0
417 6.0
969 52.0
70 11.0
18 53.0
814 21.0
33 97.0
412 95.0
279 6.0
534 95.0
281 49.0
531 60.0
945 91.0
580 18.0
126 14.0
996 32.0
643 45.0
48 7.0
425 40.0
19 61.0
551 43.0
987 14.0
673 15.0
751 85.0
279 21.0
776 94.0
151 4.0
975 14.0
909 19.0
247 6.0
657 66.0
796 82.0
738 86.0
336 94.0
758 72.0
881 94.0
58 67.0
20 47.0
878 36.0
286 66.0
698 38.0
934 56.0
284 35.0
436 16.0
686 27.0
909 58.0
304 97.0
189 25.0
959 36.0
834 38.0
21 39.0
860 95.0
424 80.0
899 47.0
719 76.0
976 68.0
515 7.0
345 80.0
297 64.0
44 34.0
202 65.0
160 19.0
552 4.0
525 25.0
22 98.0
322 55.0
767 92.0
470 6.0
401 56.0
139 48.0
131 53.0
222 60.0
349 61.0
343 64.0
23 28.0
145 60.0
91 73.0
223 91.0
4 88.0
675 35.0
829 43.0
704 97.0
937 41.0
992 8.0
24 76.0
512 55.0
285 8.0
187 6.0
980 100000.0
608 88.0
19 22.0
826 98.0
658 14.0
449 68.0
536 77.0
854 16.0
868 13.0
457 17.0
924 42.0
25 87.0
547 20.0
138 63.0
99 22.0
406 20.0
175 19.0
26 6.0
855 19.0
884 60.0
697 53.0
67 24.0
960 79.0
972 62.0
793 100.0
936 46.0
27 56.0
196 50.0
617 37.0
126 29.0
567 40.0
729 35.0
399 37.0
224 59.0
311 95.0
577 24.0
672 23.0
28 5.0
691 56.0
502 1.0
527 61.0
322 83.0
719 21.0
268 76.0
278 86.0
29 22.0
736 19.0
413 11.0
295 78.0
476 38.0
94 27.0
583 78.0
879 8.0
253 95.0
855 10.0
386 57.0
30 45.0
121 89.0
150 84.0
848 87.0
976 14.0
257 20.0
892 43.0
502 87.0
128 31.0
169 21.0
31 43.0
388 39.0
709 64.0
441 44.0
19 96.0
472 44.0
146 92.0
284 99.0
632 63.0
907 83.0
678 55.0
887 21.0
447 47.0
133 86.0
867 58.0
778 96.0
340 16.0
721 42.0
32 10.0
612 6.0
166 58.0
984 16.0
108 94.0
363 68.0
508 79.0
905 34.0
902 22.0
721 51.0
872 16.0
813 79.0
33 41.0
544 51.0
33 47.0
153 90.0
901 44.0
845 89.0
997 33.0
819 41.0
333 91.0
34 48.0
781 18.0
492 86.0
729 90.0
311 93.0
758 94.0
971 99.0
485 38.0
212 13.0
239 16.0
509 13.0
35 59.0
833 74.0
631 17.0
403 19.0
491 23.0
714 96.0
350 12.0
125 17.0
768 3.0
781 50.0
6 94.0
36 58.0
826 46.0
385 53.0
106 49.0
27 10.0
18 94.0
244 2.0
564 75.0
219 70.0
25 9.0
37 66.0
379 85.0
528 15.0
895 34.0
271 43.0
216 52.0
617 14.0
428 82.0
486 34.0
828 21.0
153 23.0
3 64.0
169 8.0
171 44.0
38 43.0
282 71.0
474 84.0
483 9.0
3 63.0
421 35.0
297 14.0
681 4.0
453 49.0
136 83.0
519 41.0
938 38.0
344 99.0
11 83.0
355 26.0
39 39.0
438 32.0
123 54.0
216 86.0
826 66.0
565 19.0
422 52.0
852 92.0
645 27.0
607 78.0
40 36.0
941 6.0
872 55.0
594 36.0
402 74.0
295 67.0
491 16.0
931 24.0
880 22.0
850 62.0
35 68.0
41 56.0
797 78.0
272 95.0
412 59.0
256 59.0
399 54.0
278 85.0
405 26.0
602 46.0
476 9.0
560 14.0
289 24.0
317 51.0
42 17.0
898 42.0
37 83.0
900 33.0
863 29.0
306 65.0
189 8.0
138 31.0
43 46.0
61 84.0
15 76.0
184 70.0
69 3.0
656 11.0
44 9.0
66 86.0
704 73.0
811 25.0
925 54.0
564 28.0
887 56.0
672 95.0
420 62.0
883 97.0
78 22.0
581 39.0
836 44.0
45 70.0
755 2.0
349 4.0
278 80.0
731 21.0
1000 43.0
613 86.0
934 84.0
339 45.0
865 26.0
767 70.0
46 68.0
101 97.0
688 76.0
835 71.0
477 38.0
646 99.0
522 60.0
820 13.0
399 79.0
434 19.0
47 94.0
471 25.0
940 78.0
987 83.0
259 96.0
937 2.0
394 5.0
98 93.0
356 29.0
555 49.0
876 76.0
514 67.0
149 21.0
397 66.0
380 79.0
890 50.0
797 15.0
491 51.0
78 84.0
48 37.0
795 77.0
748 2.0
862 74.0
647 52.0
192 93.0
588 72.0
651 60.0
209 44.0
197 52.0
298 44.0
898 1.0
207 69.0
200 8.0
49 55.0
648 91.0
455 35.0
445 1.0
294 57.0
239 12.0
85 1.0
535 39.0
452 71.0
899 98.0
191 75.0
50 27.0
971 67.0
686 34.0
527 93.0
536 1.0
725 84.0
410 5.0
873 26.0
762 63.0
433 44.0
764 15.0
51 92.0
771 24.0
22 100.0
805 70.0
485 21.0
498 85.0
474 43.0
812 57.0
393 31.0
770 14.0
795 79.0
772 91.0
829 54.0
510 61.0
985 64.0
52 19.0
944 37.0
326 13.0
614 46.0
62 54.0
312 53.0
431 90.0
703 50.0
110 96.0
454 49.0
433 92.0
567 73.0
506 47.0
972 81.0
591 35.0
886 10.0
343 77.0
53 9.0
78 23.0
688 65.0
518 88.0
132 5.0
95 1.0
923 21.0
193 12.0
499 73.0
999 100.0
54 78.0
228 11.0
39 83.0
798 80.0
948 10.0
3 26.0
143 75.0
592 61.0
625 6.0
626 2.0
10 4.0
416 92.0
374 87.0
676 91.0
92 33.0
559 79.0
321 18.0
869 12.0
807 81.0
202 18.0
55 70.0
594 50.0
940 33.0
184 44.0
170 4.0
174 81.0
56 67.0
213 2.0
100 4.0
842 22.0
28 61.0
620 35.0
964 8.0
395 43.0
237 33.0
510 46.0
57 42.0
856 12.0
559 31.0
732 68.0
412 5.0
734 29.0
740 100.0
836 27.0
269 88.0
688 8.0
583 57.0
606 49.0
319 93.0
275 19.0
58 55.0
933 25.0
356 44.0
51 64.0
280 19.0
911 60.0
59 62.0
282 26.0
67 44.0
952 89.0
482 85.0
216 10.0
89 86.0
391 12.0
467 34.0
602 43.0
60 77.0
451 24.0
244 14.0
347 62.0
974 57.0
701 67.0
970 44.0
667 77.0
61 73.0
218 83.0
961 82.0
630 24.0
36 34.0
339 11.0
62 28.0
598 22.0
357 70.0
584 3.0
756 70.0
577 67.0
372 56.0
339 62.0
538 100.0
7 96.0
617 49.0
748 97.0
661 26.0
909 62.0
224 72.0
63 16.0
583 53.0
367 38.0
413 74.0
896 27.0
641 7.0
618 34.0
726 11.0
243 20.0
600 93.0
557 49.0
137 82.0
64 52.0
56 56.0
960 49.0
847 8.0
197 17.0
351 94.0
176 39.0
294 30.0
926 69.0
58 26.0
150 16.0
717 9.0
416 80.0
38 90.0
65 17.0
287 70.0
564 2.0
674 96.0
285 67.0
497 96.0
726 58.0
634 28.0
91 55.0
52 34.0
821 75.0
66 6.0
304 55.0
457 66.0
933 1.0
722 22.0
153 58.0
953 76.0
850 49.0
778 74.0
355 100.0
521 19.0
699 74.0
557 69.0
895 85.0
67 85.0
390 62.0
460 4.0
347 90.0
302 33.0
722 33.0
564 34.0
154 94.0
209 27.0
358 4.0
17 80.0
159 35.0
789 13.0
516 77.0
953 66.0
740 41.0
546 28.0
68 61.0
290 74.0
215 33.0
514 37.0
702 41.0
359 89.0
636 81.0
934 14.0
245 22.0
279 99.0
32 3.0
69 28.0
777 97.0
962 60.0
749 76.0
844 83.0
1000 10.0
100 47.0
680 64.0
144 33.0
70 19.0
632 90.0
465 51.0
525 23.0
49 78.0
76 17.0
548 59.0
604 42.0
429 80.0
882 34.0
896 91.0
71 95.0
143 70.0
958 88.0
223 35.0
265 95.0
527 67.0
159 39.0
994 20.0
880 14.0
185 44.0
804 79.0
766 91.0
393 29.0
72 22.0
151 100.0
495 7.0
585 45.0
802 11.0
189 35.0
124 8.0
310 49.0
159 8.0
294 61.0
918 65.0
964 14.0
224 30.0
993 58.0
73 71.0
940 51.0
20 36.0
170 29.0
225 95.0
833 88.0
819 96.0
37 63.0
730 40.0
86 44.0
344 55.0
74 34.0
21 51.0
26 18.0
814 26.0
162 92.0
379 6.0
970 100.0
766 54.0
393 29.0
506 78.0
753 70.0
167 61.0
138 28.0
75 77.0
720 57.0
289 35.0
993 62.0
341 50.0
792 40.0
961 64.0
27 87.0
227 54.0
781 23.0
76 10.0
786 39.0
151 7.0
978 71.0
404 15.0
316 48.0
888 78.0
825 16.0
314 100.0
923 82.0
204 11.0
357 61.0
123 64.0
56 40.0
490 94.0
77 54.0
39 30.0
145 49.0
110 53.0
395 7.0
619 57.0
209 46.0
627 37.0
326 73.0
689 61.0
348 67.0
78 91.0
839 92.0
284 83.0
463 84.0
235 95.0
577 61.0
696 31.0
94 21.0
953 71.0
808 17.0
176 20.0
268 54.0
416 94.0
79 53.0
563 73.0
635 46.0
759 23.0
340 39.0
634 18.0
643 41.0
842 52.0
80 6.0
586 29.0
462 47.0
822 49.0
109 4.0
310 75.0
399 5.0
868 96.0
575 79.0
105 22.0
648 69.0
9 59.0
401 53.0
65 36.0
144 62.0
81 26.0
451 14.0
534 61.0
69 84.0
472 40.0
491 32.0
651 9.0
579 92.0
743 32.0
698 90.0
470 80.0
730 97.0
82 96.0
514 77.0
941 29.0
401 70.0
624 80.0
859 8.0
945 32.0
984 39.0
714 68.0
467 65.0
83 27.0
185 37.0
272 98.0
514 95.0
27 93.0
315 57.0
546 5.0
529 28.0
972 15.0
435 100.0
465 89.0
74 14.0
809 93.0
973 33.0
397 63.0
332 21.0
621 85.0
84 26.0
82 44.0
500 81.0
213 66.0
45 65.0
311 48.0
810 66.0
950 62.0
276 74.0
163 84.0
464 39.0
48 38.0
904 86.0
626 95.0
641 63.0
85 39.0
819 48.0
86 19.0
800 43.0
593 48.0
941 46.0
939 49.0
157 31.0
602 64.0
86 6.0
991 88.0
276 29.0
913 73.0
852 77.0
637 63.0
206 10.0
631 92.0
340 32.0
164 5.0
398 14.0
514 37.0
215 36.0
87 81.0
670 71.0
699 59.0
614 92.0
345 8.0
172 48.0
269 57.0
431 49.0
909 82.0
928 46.0
394 3.0
140 78.0
88 57.0
951 71.0
284 47.0
420 55.0
52 47.0
524 61.0
42 87.0
787 2.0
651 13.0
509 95.0
898 18.0
437 91.0
670 71.0
508 72.0
89 50.0
476 28.0
325 11.0
849 37.0
975 3.0
16 1.0
371 37.0
90 91.0
24 35.0
852 50.0
196 60.0
240 24.0
187 56.0
892 86.0
277 99.0
518 21.0
300 50.0
157 17.0
91 54.0
63 45.0
894 4.0
470 2.0
53 96.0
339 25.0
442 80.0
717 57.0
630 9.0
160 60.0
384 84.0
786 69.0
773 24.0
748 79.0
888 35.0
882 84.0
92 72.0
241 33.0
574 99.0
63 89.0
540 89.0
125 97.0
981 36.0
93 47.0
652 67.0
595 28.0
527 11.0
143 99.0
418 57.0
94 96.0
301 14.0
793 79.0
227 40.0
590 100.0
696 77.0
524 64.0
976 30.0
74 19.0
415 71.0
807 49.0
373 21.0
507 26.0
95 32.0
720 96.0
743 21.0
774 22.0
359 42.0
842 98.0
543 85.0
96 58.0
278 42.0
695 31.0
389 14.0
923 45.0
965 1.0
474 14.0
667 10.0
706 27.0
817 85.0
495 35.0
453 11.0
659 89.0
783 69.0
97 47.0
208 14.0
209 91.0
941 14.0
397 67.0
346 12.0
434 42.0
479 54.0
92 94.0
534 61.0
98 91.0
110 99.0
271 99.0
754 62.0
241 67.0
493 35.0
355 47.0
818 92.0
244 99.0
152 12.0
729 95.0
581 80.0
164 10.0
776 76.0
99 49.0
66 52.0
164 81.0
313 4.0
959 100.0
734 50.0
824 17.0
149 83.0
19 74.0
58 23.0
831 50.0
308 6.0
379 64.0
563 28.0
100 5.0
80 72.0
868 83.0
542 61.0
912 52.0
764 3.0
961 46.0
419 57.0
237 13.0
668 6.0
101 14.0
183 13.0
513 90.0
40 41.0
258 77.0
47 99.0
102 2.0
453 39.0
263 63.0
260 46.0
744 24.0
852 52.0
256 77.0
15 97.0
316 31.0
320 20.0
238 66.0
594 34.0
545 45.0
933 33.0
669 81.0
103 16.0
563 61.0
484 12.0
814 51.0
532 61.0
654 42.0
674 10.0
708 40.0
775 87.0
104 66.0
855 18.0
463 23.0
325 14.0
757 24.0
101 15.0
105 19.0
214 18.0
265 48.0
385 63.0
699 82.0
139 61.0
830 26.0
480 13.0
327 91.0
572 2.0
872 100.0
696 57.0
234 10.0
106 74.0
399 1.0
754 60.0
64 48.0
981 38.0
764 65.0
332 83.0
736 34.0
183 62.0
244 6.0
691 96.0
107 36.0
104 61.0
149 29.0
214 42.0
252 28.0
786 73.0
488 47.0
191 56.0
862 21.0
99 93.0
644 94.0
521 43.0
894 95.0
364 79.0
108 71.0
449 16.0
803 63.0
289 98.0
813 83.0
96 35.0
640 55.0
662 21.0
434 46.0
109 54.0
891 34.0
822 57.0
586 68.0
870 39.0
911 81.0
877 83.0
757 20.0
737 47.0
110 95.0
130 34.0
252 63.0
841 66.0
138 78.0
456 63.0
650 33.0
57 2.0
111 56.0
34 7.0
549 58.0
693 43.0
740 55.0
266 16.0
308 6.0
963 52.0
9 45.0
867 32.0
967 92.0
499 93.0
112 47.0
295 89.0
504 65.0
822 64.0
522 44.0
648 42.0
141 74.0
113 98.0
756 83.0
61 87.0
310 98.0
117 82.0
589 91.0
114 27.0
320 79.0
338 94.0
806 89.0
593 17.0
729 16.0
481 55.0
115 61.0
715 44.0
161 66.0
178 27.0
101 59.0
606 94.0
625 13.0
304 79.0
96 24.0
767 81.0
755 76.0
116 46.0
792 83.0
460 59.0
593 70.0
395 96.0
457 2.0
945 13.0
56 3.0
67 7.0
777 19.0
441 61.0
146 88.0
117 50.0
925 7.0
178 41.0
407 66.0
561 39.0
49 59.0
551 40.0
803 15.0
283 56.0
756 67.0
118 89.0
287 93.0
237 50.0
546 9.0
475 93.0
25 85.0
551 61.0
337 39.0
502 50.0
119 57.0
885 75.0
552 39.0
196 1.0
509 46.0
296 85.0
972 18.0
937 94.0
252 37.0
250 14.0
114 36.0
232 82.0
229 35.0
120 38.0
919 90.0
233 1.0
752 40.0
787 34.0
617 61.0
703 17.0
899 39.0
220 13.0
796 100.0
704 99.0
731 82.0
481 64.0
181 30.0
20 43.0
121 83.0
27 23.0
465 61.0
228 13.0
601 72.0
157 64.0
59 49.0
302 40.0
682 57.0
632 90.0
294 52.0
119 12.0
122 33.0
14 46.0
767 48.0
190 14.0
399 27.0
246 89.0
782 26.0
386 67.0
187 68.0
198 23.0
123 31.0
245 97.0
515 91.0
34 84.0
830 56.0
247 61.0
685 5.0
966 37.0
682 92.0
124 69.0
405 77.0
404 77.0
124 28.0
495 34.0
64 18.0
32 63.0
523 18.0
573 70.0
75 99.0
125 14.0
336 32.0
204 22.0
407 83.0
159 33.0
128 97.0
319 19.0
862 20.0
812 99.0
912 23.0
565 3.0
126 92.0
385 57.0
807 3.0
204 6.0
157 90.0
117 57.0
588 65.0
855 33.0
375 74.0
942 51.0
127 9.0
543 77.0
190 16.0
326 16.0
335 54.0
506 51.0
94 53.0
580 16.0
446 81.0
96 60.0
956 60.0
492 84.0
819 46.0
128 77.0
572 87.0
513 9.0
512 42.0
893 17.0
141 8.0
854 36.0
984 39.0
510 6.0
288 78.0
129 100.0
36 84.0
675 61.0
343 44.0
958 83.0
838 91.0
98 27.0
709 17.0
111 87.0
959 16.0
438 66.0
130 30.0
88 46.0
923 74.0
543 35.0
347 64.0
126 26.0
891 86.0
618 13.0
278 74.0
582 97.0
672 26.0
318 57.0
279 68.0
650 87.0
361 35.0
376 22.0
131 81.0
782 74.0
688 15.0
53 24.0
289 4.0
401 38.0
467 23.0
829 27.0
458 82.0
132 26.0
387 15.0
205 86.0
109 40.0
950 68.0
375 26.0
726 7.0
21 17.0
666 98.0
133 66.0
970 88.0
277 52.0
975 28.0
464 56.0
882 2.0
505 31.0
817 10.0
442 79.0
570 9.0
134 95.0
238 100.0
423 97.0
432 94.0
142 83.0
718 27.0
920 40.0
135 37.0
264 56.0
989 1.0
689 23.0
752 39.0
274 26.0
701 99.0
295 8.0
982 97.0
761 28.0
214 20.0
850 86.0
136 63.0
889 62.0
366 52.0
187 94.0
368 4.0
599 32.0
894 49.0
137 58.0
115 70.0
769 47.0
539 58.0
656 57.0
135 98.0
813 7.0
138 65.0
996 10.0
559 97.0
30 89.0
732 70.0
995 34.0
40 51.0
299 36.0
805 81.0
712 97.0
888 23.0
335 62.0
740 90.0
271 38.0
140 88.0
139 30.0
215 64.0
509 72.0
615 27.0
859 58.0
265 94.0
832 84.0
747 54.0
96 70.0
936 38.0
532 78.0
140 87.0
953 93.0
274 51.0
374 70.0
344 13.0
266 50.0
78 36.0
845 67.0
829 36.0
141 66.0
983 53.0
276 59.0
506 70.0
666 88.0
536 94.0
940 21.0
83 24.0
180 40.0
540 90.0
499 38.0
142 73.0
129 61.0
291 18.0
690 3.0
145 33.0
157 52.0
706 76.0
581 32.0
143 73.0
591 42.0
976 72.0
918 29.0
361 30.0
398 68.0
597 97.0
611 28.0
395 99.0
354 36.0
144 25.0
248 55.0
313 63.0
57 10.0
62 11.0
862 51.0
748 6.0
145 29.0
194 83.0
276 2.0
166 67.0
294 88.0
889 85.0
552 6.0
203 27.0
690 12.0
146 90.0
844 44.0
650 38.0
575 31.0
309 40.0
321 21.0
200 19.0
699 57.0
830 57.0
823 85.0
453 77.0
227 47.0
279 2.0
61 45.0
402 86.0
147 75.0
496 82.0
516 6.0
810 79.0
353 1.0
296 37.0
586 68.0
191 41.0
999 97.0
51 99.0
446 14.0
148 44.0
691 14.0
318 100.0
468 15.0
946 60.0
407 61.0
931 83.0
943 42.0
833 30.0
485 39.0
352 58.0
801 28.0
149 62.0
835 81.0
870 75.0
52 83.0
139 33.0
341 93.0
810 49.0
167 59.0
150 68.0
946 51.0
431 58.0
652 98.0
561 31.0
100 41.0
151 51.0
265 97.0
558 44.0
634 62.0
503 34.0
339 92.0
195 71.0
477 92.0
164 74.0
740 5.0
312 42.0
152 85.0
990 31.0
674 96.0
942 29.0
122 15.0
312 15.0
48 46.0
651 69.0
110 54.0
266 36.0
153 43.0
711 75.0
889 57.0
52 76.0
937 66.0
464 41.0
926 20.0
332 71.0
207 46.0
994 48.0
953 14.0
117 69.0
154 16.0
519 76.0
47 75.0
200 3.0
963 93.0
854 49.0
884 48.0
846 46.0
297 57.0
155 7.0
204 71.0
424 30.0
594 31.0
236 82.0
793 60.0
827 38.0
454 15.0
162 48.0
156 52.0
534 74.0
614 52.0
622 68.0
165 32.0
312 4.0
661 54.0
565 70.0
465 12.0
857 54.0
157 74.0
178 10.0
970 90.0
284 27.0
349 48.0
951 61.0
44 46.0
447 55.0
92 88.0
424 51.0
187 23.0
425 80.0
528 73.0
158 13.0
311 21.0
99 1.0
880 63.0
1000 9.0
738 1.0
991 48.0
62 68.0
699 28.0
866 42.0
325 23.0
753 36.0
229 47.0
87 29.0
366 22.0
946 63.0
892 48.0
326 61.0
159 99.0
976 80.0
226 55.0
93 2.0
577 35.0
47 75.0
337 71.0
801 22.0
856 89.0
626 79.0
160 72.0
750 15.0
851 18.0
144 47.0
983 49.0
661 63.0
149 9.0
576 60.0
161 62.0
520 65.0
403 67.0
703 50.0
269 31.0
141 70.0
791 35.0
846 21.0
130 85.0
253 55.0
116 60.0
983 58.0
759 20.0
283 44.0
162 62.0
310 1.0
797 69.0
92 6.0
614 37.0
546 73.0
364 49.0
148 7.0
4 67.0
83 19.0
332 75.0
924 87.0
10 52.0
373 81.0
541 23.0
852 16.0
78 3.0
163 98.0
514 35.0
877 1.0
400 70.0
494 76.0
416 28.0
979 86.0
62 79.0
900 66.0
90 99.0
663 86.0
825 95.0
39 79.0
870 76.0
512 69.0
164 13.0
96 35.0
753 80.0
631 48.0
727 25.0
763 39.0
306 71.0
645 39.0
426 91.0
226 11.0
951 83.0
243 16.0
599 68.0
165 85.0
299 52.0
822 70.0
153 81.0
147 37.0
882 4.0
682 27.0
625 23.0
20 68.0
441 47.0
166 92.0
912 88.0
978 88.0
321 30.0
887 19.0
44 61.0
132 66.0
315 9.0
235 97.0
631 51.0
190 91.0
490 48.0
527 80.0
167 3.0
674 61.0
861 51.0
80 28.0
770 84.0
38 72.0
181 82.0
835 94.0
681 43.0
729 11.0
125 78.0
903 14.0
599 76.0
347 27.0
254 65.0
362 25.0
550 64.0
168 7.0
852 4.0
682 46.0
902 49.0
175 89.0
355 22.0
169 68.0
886 32.0
833 86.0
582 13.0
245 53.0
734 82.0
770 74.0
411 23.0
541 50.0
383 48.0
170 37.0
314 17.0
480 26.0
43 6.0
765 4.0
14 94.0
638 93.0
408 66.0
88 87.0
171 40.0
268 52.0
570 40.0
185 82.0
129 84.0
880 24.0
208 20.0
141 98.0
253 98.0
870 85.0
136 79.0
902 88.0
547 25.0
670 6.0
334 75.0
172 11.0
58 70.0
891 10.0
92 33.0
488 61.0
32 53.0
785 58.0
775 75.0
452 58.0
912 20.0
815 93.0
413 45.0
173 30.0
328 78.0
716 12.0
225 16.0
737 1.0
174 56.0
994 72.0
958 18.0
198 20.0
777 14.0
435 26.0
175 60.0
300 97.0
516 39.0
233 22.0
173 42.0
985 47.0
393 35.0
923 4.0
7 65.0
505 15.0
752 43.0
185 90.0
17 97.0
176 72.0
426 61.0
792 67.0
28 46.0
854 52.0
313 63.0
507 4.0
489 67.0
185 75.0
844 83.0
480 59.0
745 12.0
118 1.0
912 11.0
901 54.0
794 16.0
285 76.0
177 61.0
418 59.0
913 97.0
78 1.0
402 57.0
927 47.0
218 9.0
178 65.0
493 97.0
678 95.0
406 33.0
191 71.0
293 73.0
148 38.0
219 31.0
617 75.0
92 10.0
179 59.0
969 60.0
282 99.0
290 12.0
162 46.0
364 58.0
582 60.0
494 63.0
418 99.0
280 53.0
8 41.0
921 91.0
180 44.0
811 30.0
927 31.0
793 55.0
89 34.0
864 31.0
774 66.0
298 33.0
496 65.0
722 62.0
137 93.0
142 58.0
639 14.0
591 52.0
181 74.0
665 58.0
726 69.0
179 21.0
909 39.0
608 4.0
659 44.0
489 76.0
648 64.0
388 8.0
182 50.0
2 49.0
760 55.0
157 50.0
757 71.0
930 71.0
67 9.0
183 10.0
986 54.0
652 78.0
483 50.0
732 3.0
932 97.0
500 13.0
265 15.0
396 85.0
295 91.0
59 23.0
184 28.0
158 55.0
847 50.0
767 38.0
433 37.0
856 47.0
725 29.0
778 61.0
185 38.0
474 20.0
897 84.0
847 60.0
597 46.0
311 50.0
111 41.0
189 80.0
276 87.0
45 81.0
7 69.0
989 21.0
186 50.0
770 13.0
367 76.0
795 83.0
899 48.0
591 21.0
636 60.0
946 85.0
245 4.0
485 69.0
815 100.0
60 14.0
37 10.0
187 57.0
428 18.0
621 100.0
73 17.0
581 75.0
270 52.0
35 61.0
826 65.0
194 44.0
214 83.0
505 18.0
604 94.0
399 84.0
699 43.0
188 17.0
115 30.0
900 47.0
222 96.0
800 100.0
189 30.0
136 66.0
521 30.0
205 61.0
898 60.0
273 41.0
419 59.0
556 93.0
787 11.0
250 53.0
767 58.0
965 100.0
190 68.0
162 5.0
889 81.0
308 65.0
607 94.0
909 31.0
468 68.0
191 73.0
392 65.0
463 6.0
954 25.0
746 72.0
504 38.0
107 27.0
863 19.0
897 68.0
128 49.0
865 29.0
691 53.0
790 65.0
330 14.0
951 44.0
224 46.0
192 33.0
161 33.0
709 10.0
865 95.0
504 28.0
176 90.0
817 88.0
961 92.0
428 94.0
129 52.0
199 63.0
193 20.0
709 9.0
43 52.0
44 1.0
100 100.0
676 70.0
547 77.0
217 71.0
227 91.0
194 45.0
131 93.0
537 84.0
978 43.0
508 52.0
725 5.0
516 52.0
329 25.0
166 98.0
480 5.0
195 46.0
846 81.0
670 54.0
567 53.0
512 23.0
914 69.0
495 55.0
87 53.0
518 18.0
380 68.0
972 70.0
8 33.0
868 6.0
716 35.0
196 5.0
540 72.0
48 11.0
177 31.0
179 82.0
533 83.0
561 95.0
197 7.0
766 35.0
351 7.0
833 27.0
804 13.0
473 29.0
921 31.0
666 67.0
338 72.0
60 52.0
233 14.0
24 31.0
369 95.0
372 100.0
198 68.0
749 56.0
490 91.0
932 36.0
960 10.0
841 60.0
446 38.0
378 47.0
413 44.0
687 64.0
199 59.0
253 92.0
409 93.0
468 19.0
93 27.0
815 18.0
416 37.0
978 83.0
153 75.0
547 37.0
907 74.0
200 72.0
154 15.0
878 73.0
839 68.0
561 99.0
529 92.0
168 27.0
568 10.0
834 20.0
720 100.0
480 55.0
781 57.0
361 90.0
365 30.0
708 89.0
794 25.0
323 71.0
550 78.0
218 61.0
201 81.0
420 16.0
554 93.0
92 75.0
433 49.0
215 47.0
293 16.0
238 24.0
388 49.0
521 22.0
408 81.0
548 95.0
202 51.0
631 52.0
674 2.0
576 88.0
864 42.0
849 24.0
440 73.0
699 33.0
203 20.0
932 5.0
69 79.0
49 12.0
568 64.0
396 100.0
661 61.0
984 95.0
472 67.0
416 73.0
812 37.0
962 77.0
308 100.0
204 71.0
829 43.0
650 10.0
913 78.0
266 50.0
236 69.0
29 24.0
718 59.0
982 84.0
9 71.0
634 14.0
587 67.0
681 23.0
141 60.0
205 41.0
462 25.0
885 69.0
445 87.0
160 7.0
501 79.0
206 100.0
133 78.0
847 91.0
334 80.0
209 98.0
89 27.0
384 44.0
26 4.0
845 38.0
740 97.0
207 42.0
614 25.0
939 47.0
697 80.0
484 10.0
272 73.0
382 79.0
692 14.0
133 31.0
646 91.0
483 20.0
717 16.0
429 85.0
171 70.0
394 95.0
985 44.0
434 47.0
836 84.0
358 34.0
208 86.0
565 63.0
43 18.0
729 7.0
144 36.0
526 92.0
478 90.0
796 67.0
674 55.0
209 41.0
872 94.0
827 22.0
605 88.0
681 25.0
456 15.0
77 5.0
369 7.0
212 93.0
36 66.0
713 59.0
343 89.0
564 67.0
210 66.0
477 5.0
987 15.0
581 84.0
443 36.0
167 2.0
527 35.0
131 43.0
925 68.0
502 72.0
984 96.0
362 89.0
211 42.0
780 50.0
373 17.0
193 89.0
697 17.0
669 100.0
913 18.0
920 32.0
229 24.0
17 99.0
212 81.0
876 90.0
603 94.0
539 12.0
98 49.0
33 40.0
349 91.0
144 17.0
609 16.0
89 30.0
213 52.0
418 41.0
936 17.0
149 77.0
364 11.0
712 94.0
191 72.0
447 13.0
38 99.0
20 95.0
857 96.0
217 30.0
214 4.0
329 70.0
886 52.0
424 1.0
230 94.0
12 35.0
976 11.0
442 29.0
853 1.0
253 41.0
895 35.0
135 5.0
215 3.0
473 75.0
928 29.0
265 39.0
351 6.0
958 49.0
714 68.0
207 70.0
139 100.0
623 10.0
569 99.0
532 51.0
577 76.0
216 98.0
814 71.0
739 52.0
371 15.0
104 10.0
175 44.0
893 40.0
897 47.0
376 53.0
445 92.0
382 12.0
976 64.0
217 10.0
479 98.0
599 28.0
189 71.0
710 36.0
915 54.0
432 17.0
218 67.0
720 33.0
776 70.0
357 50.0
346 9.0
182 38.0
304 35.0
935 75.0
238 59.0
726 74.0
917 52.0
195 35.0
219 67.0
511 19.0
334 52.0
130 37.0
725 49.0
220 26.0
230 72.0
874 9.0
785 95.0
442 18.0
370 67.0
220 57.0
170 9.0
705 78.0
338 33.0
340 57.0
518 22.0
437 40.0
150 53.0
945 89.0
101 11.0
868 6.0
132 5.0
716 92.0
621 36.0
107 67.0
14 67.0
221 27.0
768 48.0
87 15.0
530 93.0
273 85.0
36 81.0
441 29.0
707 34.0
222 45.0
820 100.0
571 81.0
511 93.0
865 91.0
888 79.0
231 84.0
899 48.0
223 57.0
840 48.0
560 3.0
303 72.0
209 62.0
912 35.0
510 17.0
829 30.0
906 1.0
379 39.0
611 55.0
494 87.0
566 61.0
600 88.0
933 75.0
675 98.0
375 28.0
265 48.0
224 55.0
596 27.0
175 15.0
597 32.0
307 51.0
171 18.0
682 12.0
680 6.0
921 88.0
609 55.0
690 43.0
26 33.0
225 11.0
354 6.0
431 9.0
305 56.0
495 13.0
662 51.0
975 33.0
707 30.0
634 1.0
165 22.0
57 17.0
627 30.0
398 99.0
226 1.0
511 16.0
53 95.0
162 82.0
818 82.0
510 95.0
375 83.0
30 44.0
755 31.0
227 49.0
610 49.0
514 78.0
462 1.0
498 47.0
164 43.0
725 7.0
19 56.0
449 55.0
901 55.0
841 10.0
408 67.0
65 91.0
228 8.0
662 15.0
392 20.0
300 84.0
878 48.0
982 44.0
161 8.0
863 80.0
315 20.0
135 89.0
456 32.0
790 33.0
229 41.0
508 95.0
55 92.0
200 21.0
592 33.0
729 61.0
575 67.0
44 26.0
702 45.0
230 50.0
371 33.0
134 5.0
599 75.0
255 54.0
290 33.0
192 31.0
339 56.0
13 18.0
837 72.0
272 64.0
927 73.0
547 62.0
868 23.0
724 92.0
834 67.0
231 42.0
686 2.0
139 69.0
570 84.0
181 91.0
240 20.0
416 91.0
619 32.0
232 81.0
755 61.0
161 71.0
768 52.0
479 20.0
620 63.0
874 2.0
474 44.0
21 62.0
368 13.0
194 92.0
549 5.0
876 87.0
233 59.0
412 77.0
415 64.0
979 22.0
173 15.0
646 51.0
41 82.0
539 76.0
353 76.0
328 6.0
234 16.0
775 66.0
955 54.0
195 57.0
42 62.0
194 51.0
741 86.0
779 17.0
246 39.0
398 47.0
206 53.0
725 83.0
235 70.0
807 61.0
587 73.0
510 65.0
341 94.0
485 30.0
180 82.0
164 90.0
780 47.0
236 17.0
106 34.0
818 59.0
916 34.0
237 96.0
341 48.0
752 47.0
669 37.0
126 79.0
346 80.0
311 40.0
913 54.0
794 63.0
238 2.0
481 53.0
253 96.0
388 90.0
287 86.0
700 25.0
716 11.0
644 23.0
932 49.0
197 71.0
142 12.0
281 87.0
12 11.0
924 95.0
239 53.0
552 14.0
925 15.0
933 56.0
863 20.0
687 89.0
437 70.0
240 28.0
280 33.0
185 89.0
756 77.0
115 35.0
792 69.0
997 33.0
509 13.0
150 17.0
368 52.0
656 32.0
762 76.0
241 52.0
707 2.0
791 16.0
768 70.0
951 37.0
868 20.0
361 16.0
718 74.0
938 100.0
565 9.0
125 57.0
418 31.0
27 19.0
578 7.0
242 39.0
412 100.0
592 12.0
588 50.0
390 45.0
589 38.0
230 86.0
447 12.0
584 98.0
476 28.0
807 30.0
162 64.0
708 59.0
113 66.0
576 3.0
243 34.0
214 60.0
593 14.0
48 53.0
879 38.0
944 8.0
71 30.0
904 74.0
735 63.0
164 73.0
534 48.0
946 100.0
976 62.0
496 54.0
263 71.0
244 74.0
159 54.0
143 62.0
283 17.0
987 74.0
398 35.0
101 7.0
144 68.0
803 15.0
506 43.0
245 23.0
787 78.0
232 17.0
813 38.0
731 88.0
594 87.0
68 50.0
430 72.0
753 21.0
886 51.0
541 84.0
732 69.0
350 66.0
246 10.0
122 99.0
463 64.0
344 50.0
468 94.0
787 96.0
755 56.0
111 74.0
453 81.0
996 4.0
247 85.0
346 72.0
122 11.0
678 37.0
786 19.0
114 66.0
906 43.0
689 30.0
26 48.0
809 88.0
735 92.0
632 20.0
348 19.0
790 7.0
248 99.0
546 17.0
154 98.0
837 39.0
411 71.0
389 18.0
404 80.0
501 39.0
897 86.0
668 14.0
307 5.0
826 21.0
249 23.0
936 52.0
394 55.0
609 62.0
797 36.0
49 68.0
993 98.0
235 28.0
227 44.0
604 91.0
923 35.0
761 33.0
254 91.0
250 15.0
319 77.0
845 77.0
655 83.0
210 94.0
251 22.0
395 57.0
471 44.0
228 77.0
118 31.0
194 30.0
552 30.0
78 73.0
859 40.0
252 88.0
986 41.0
763 75.0
812 81.0
119 42.0
99 51.0
762 62.0
547 84.0
253 71.0
5 5.0
215 15.0
658 33.0
462 7.0
979 60.0
162 97.0
357 15.0
996 50.0
254 100.0
280 41.0
530 29.0
995 45.0
471 52.0
794 58.0
829 86.0
199 78.0
255 15.0
884 70.0
773 11.0
7 83.0
925 66.0
228 88.0
850 54.0
871 12.0
362 38.0
745 2.0
325 96.0
357 9.0
256 81.0
845 61.0
618 51.0
590 41.0
492 62.0
370 60.0
264 35.0
303 18.0
254 54.0
339 76.0
120 17.0
133 1.0
114 16.0
757 20.0
257 85.0
485 49.0
639 79.0
780 96.0
605 20.0
251 98.0
535 55.0
573 94.0
799 85.0
721 22.0
258 35.0
289 24.0
951 57.0
413 63.0
67 37.0
447 61.0
259 83.0
444 19.0
373 4.0
708 65.0
490 2.0
128 80.0
654 26.0
785 100.0
566 87.0
20 14.0
989 23.0
568 10.0
260 49.0
206 30.0
500 30.0
131 1.0
205 62.0
618 43.0
752 63.0
840 82.0
156 1.0
261 92.0
665 71.0
675 69.0
796 89.0
640 18.0
127 48.0
491 80.0
986 66.0
731 50.0
139 100.0
879 37.0
495 68.0
339 28.0
262 79.0
501 59.0
753 91.0
952 44.0
795 19.0
263 59.0
302 90.0
400 88.0
872 14.0
504 67.0
264 71.0
705 100.0
238 12.0
49 1.0
896 14.0
176 12.0
936 100.0
758 49.0
212 66.0
18 55.0
633 55.0
265 44.0
416 21.0
563 5.0
554 12.0
148 20.0
543 5.0
398 32.0
11 81.0
640 20.0
160 80.0
289 97.0
270 17.0
318 46.0
164 10.0
299 95.0
96 85.0
567 35.0
266 53.0
425 8.0
594 20.0
287 28.0
677 47.0
794 100.0
975 39.0
163 100.0
913 17.0
109 38.0
385 7.0
362 38.0
267 42.0
236 49.0
691 72.0
999 81.0
22 92.0
121 69.0
803 14.0
963 21.0
878 47.0
891 91.0
61 83.0
991 16.0
311 34.0
830 3.0
91 85.0
268 57.0
143 92.0
246 74.0
731 79.0
202 74.0
944 59.0
793 59.0
269 22.0
667 20.0
471 17.0
789 31.0
664 66.0
398 90.0
953 67.0
163 63.0
638 73.0
903 19.0
270 60.0
693 53.0
847 41.0
894 1.0
312 35.0
372 74.0
578 40.0
174 85.0
812 69.0
916 96.0
253 77.0
152 55.0
271 27.0
373 28.0
33 79.0
78 89.0
706 90.0
796 93.0
694 62.0
968 100.0
368 98.0
637 37.0
420 5.0
566 9.0
272 42.0
781 27.0
12 79.0
647 12.0
823 56.0
954 19.0
680 27.0
98 88.0
84 60.0
164 59.0
273 57.0
262 80.0
793 83.0
59 65.0
365 73.0
56 23.0
713 71.0
512 70.0
167 92.0
274 58.0
119 92.0
48 71.0
830 75.0
861 42.0
399 11.0
372 76.0
734 2.0
578 80.0
257 96.0
819 67.0
20 27.0
142 54.0
556 93.0
235 49.0
791 66.0
218 15.0
182 45.0
275 24.0
34 20.0
341 36.0
273 94.0
779 54.0
110 78.0
81 67.0
409 44.0
276 4.0
398 9.0
149 55.0
193 56.0
134 51.0
277 17.0
697 6.0
655 87.0
679 33.0
768 58.0
898 23.0
130 45.0
921 21.0
230 54.0
278 73.0
743 37.0
286 75.0
782 97.0
614 28.0
19 57.0
279 33.0
950 68.0
289 19.0
892 22.0
163 77.0
995 21.0
83 8.0
280 52.0
918 14.0
941 38.0
629 38.0
179 92.0
127 3.0
920 7.0
530 94.0
281 55.0
45 59.0
810 22.0
99 35.0
357 37.0
114 86.0
816 25.0
62 75.0
244 45.0
428 44.0
893 56.0
965 88.0
282 5.0
66 79.0
755 69.0
55 4.0
767 50.0
752 60.0
463 42.0
25 30.0
234 70.0
818 33.0
151 80.0
283 97.0
228 64.0
702 5.0
982 61.0
31 64.0
384 81.0
890 82.0
419 57.0
727 3.0
226 7.0
30 54.0
892 34.0
327 67.0
693 70.0
70 99.0
421 9.0
248 13.0
149 45.0
491 19.0
592 77.0
284 14.0
161 22.0
378 77.0
493 49.0
223 12.0
601 95.0
801 40.0
285 100.0
296 35.0
508 64.0
749 57.0
398 99.0
45 92.0
619 30.0
577 26.0
121 77.0
286 89.0
503 68.0
654 88.0
874 26.0
238 39.0
421 28.0
303 51.0
515 92.0
27 78.0
916 39.0
287 67.0
389 90.0
786 5.0
325 82.0
626 82.0
798 94.0
209 16.0
48 46.0
661 31.0
348 29.0
288 9.0
962 97.0
476 45.0
952 95.0
804 80.0
229 1.0
432 14.0
289 21.0
738 40.0
245 19.0
822 89.0
492 15.0
483 42.0
959 39.0
290 40.0
788 97.0
614 49.0
35 97.0
260 54.0
77 19.0
902 55.0
563 3.0
370 5.0
368 78.0
291 25.0
116 69.0
532 44.0
972 98.0
342 51.0
60 95.0
780 97.0
292 48.0
440 21.0
476 86.0
710 40.0
206 11.0
798 1.0
971 3.0
302 74.0
962 69.0
489 48.0
293 22.0
99 67.0
884 18.0
943 68.0
547 92.0
840 18.0
357 19.0
604 31.0
318 56.0
482 80.0
115 51.0
475 92.0
757 51.0
267 5.0
779 47.0
561 95.0
465 84.0
412 78.0
568 1.0
628 12.0
294 78.0
167 45.0
908 75.0
969 97.0
929 53.0
612 63.0
749 41.0
146 78.0
337 64.0
885 42.0
295 39.0
292 15.0
327 54.0
142 74.0
56 84.0
497 14.0
612 6.0
914 64.0
677 62.0
474 8.0
278 74.0
27 11.0
105 46.0
296 4.0
104 50.0
216 22.0
636 76.0
115 97.0
716 27.0
489 75.0
852 55.0
812 44.0
523 86.0
47 19.0
297 37.0
878 42.0
935 86.0
343 52.0
477 78.0
353 61.0
321 44.0
808 85.0
5 20.0
298 60.0
947 49.0
780 55.0
140 12.0
584 53.0
893 99.0
374 99.0
806 93.0
987 63.0
463 14.0
299 78.0
164 67.0
897 99.0
127 97.0
771 87.0
697 79.0
636 96.0
781 48.0
300 41.0
815 1.0
113 33.0
761 68.0
77 22.0
88 38.0
690 15.0
772 4.0
445 70.0
554 63.0
415 76.0
862 31.0
905 49.0
448 57.0
45 63.0
301 26.0
976 4.0
366 4.0
190 7.0
801 100.0
520 32.0
171 37.0
674 62.0
551 91.0
302 93.0
644 98.0
200 65.0
550 22.0
540 21.0
399 38.0
737 36.0
825 65.0
11 34.0
460 57.0
913 55.0
854 46.0
303 24.0
50 69.0
473 97.0
729 91.0
171 81.0
57 71.0
31 53.0
32 90.0
969 17.0
276 5.0
779 31.0
304 47.0
364 82.0
445 76.0
467 27.0
500 87.0
109 59.0
570 16.0
930 59.0
305 21.0
774 69.0
930 54.0
358 61.0
145 14.0
123 54.0
56 18.0
741 37.0
975 76.0
17 46.0
306 26.0
242 12.0
619 97.0
97 100.0
895 54.0
156 62.0
979 73.0
822 19.0
916 59.0
617 27.0
232 62.0
523 21.0
635 26.0
307 9.0
809 95.0
420 13.0
452 86.0
922 24.0
906 77.0
416 88.0
208 60.0
35 84.0
126 4.0
258 93.0
815 28.0
997 41.0
308 62.0
18 51.0
747 85.0
945 39.0
547 22.0
315 61.0
468 42.0
425 79.0
577 26.0
95 13.0
802 29.0
309 79.0
234 9.0
364 70.0
473 100.0
884 56.0
306 55.0
837 94.0
66 43.0
790 73.0
310 76.0
697 9.0
50 35.0
456 58.0
664 44.0
567 68.0
761 5.0
858 2.0
311 47.0
230 4.0
308 71.0
98 65.0
544 99.0
74 43.0
309 26.0
923 15.0
205 83.0
698 28.0
468 81.0
69 12.0
300 55.0
312 65.0
312 45.0
71 29.0
807 68.0
299 96.0
370 83.0
653 86.0
672 14.0
589 36.0
340 61.0
86 13.0
624 80.0
113 72.0
131 91.0
845 99.0
313 94.0
230 4.0
765 21.0
477 16.0
644 74.0
651 38.0
127 99.0
618 40.0
881 85.0
669 94.0
887 26.0
496 41.0
118 54.0
314 31.0
342 71.0
46 21.0
423 8.0
394 68.0
25 63.0
608 38.0
372 47.0
517 37.0
936 80.0
68 33.0
117 43.0
129 33.0
45 60.0
315 96.0
264 18.0
220 86.0
819 56.0
749 4.0
695 35.0
299 50.0
818 71.0
646 7.0
316 62.0
46 96.0
14 91.0
88 32.0
521 15.0
526 76.0
240 6.0
217 32.0
407 32.0
862 7.0
715 28.0
581 55.0
764 26.0
317 34.0
282 6.0
973 51.0
198 20.0
413 85.0
248 18.0
194 39.0
699 12.0
713 75.0
577 23.0
318 78.0
478 40.0
955 46.0
15 30.0
810 44.0
330 51.0
925 85.0
61 2.0
393 38.0
128 90.0
319 33.0
964 1.0
860 69.0
800 87.0
353 92.0
45 76.0
337 16.0
206 41.0
183 15.0
779 42.0
241 51.0
255 1.0
945 54.0
320 40.0
955 90.0
608 17.0
180 22.0
220 76.0
96 13.0
165 28.0
80 50.0
750 77.0
321 15.0
658 44.0
682 52.0
141 94.0
763 21.0
759 34.0
465 21.0
480 80.0
561 25.0
29 60.0
591 81.0
128 39.0
322 53.0
515 42.0
836 86.0
146 44.0
670 93.0
414 80.0
323 92.0
441 62.0
111 63.0
526 46.0
497 30.0
238 63.0
120 56.0
799 85.0
103 78.0
702 18.0
82 87.0
936 80.0
54 92.0
573 99.0
171 8.0
395 88.0
550 3.0
816 38.0
259 13.0
324 63.0
17 68.0
637 40.0
724 71.0
557 74.0
195 18.0
415 21.0
583 30.0
959 16.0
891 57.0
577 98.0
325 35.0
656 13.0
226 10.0
436 21.0
725 46.0
440 35.0
610 6.0
687 96.0
805 93.0
493 56.0
611 86.0
200 28.0
997 43.0
326 72.0
50 33.0
342 22.0
645 67.0
706 95.0
570 41.0
544 20.0
33 80.0
327 85.0
495 61.0
285 70.0
990 68.0
303 10.0
796 38.0
816 69.0
41 66.0
500 47.0
439 56.0
328 10.0
398 18.0
42 37.0
14 69.0
707 24.0
478 20.0
382 97.0
685 5.0
892 34.0
821 64.0
97 2.0
756 48.0
74 18.0
670 93.0
968 85.0
376 93.0
329 52.0
734 34.0
539 56.0
80 3.0
351 70.0
142 79.0
257 69.0
710 95.0
581 92.0
330 26.0
32 75.0
548 17.0
671 8.0
371 78.0
124 68.0
276 57.0
685 1.0
815 79.0
941 8.0
23 81.0
684 16.0
331 99.0
121 46.0
631 1.0
33 9.0
790 9.0
800 42.0
296 88.0
100 83.0
993 49.0
798 34.0
739 56.0
911 25.0
706 86.0
60 92.0
632 9.0
292 55.0
332 19.0
403 14.0
110 49.0
312 54.0
196 15.0
679 61.0
48 66.0
651 27.0
693 35.0
683 12.0
77 76.0
333 78.0
390 69.0
325 43.0
19 8.0
661 89.0
310 87.0
970 79.0
907 39.0
564 34.0
283 69.0
173 14.0
321 49.0
334 97.0
971 96.0
572 7.0
396 51.0
363 7.0
356 88.0
871 91.0
606 37.0
153 31.0
734 79.0
102 88.0
311 97.0
812 10.0
335 97.0
545 2.0
727 33.0
682 46.0
507 62.0
678 39.0
544 77.0
808 1.0
86 41.0
855 10.0
865 20.0
397 78.0
336 9.0
185 72.0
577 20.0
657 22.0
906 63.0
394 49.0
543 58.0
1000 19.0
972 95.0
968 79.0
337 73.0
928 68.0
815 90.0
71 55.0
57 24.0
771 73.0
251 71.0
909 98.0
964 40.0
338 43.0
30 97.0
580 67.0
305 86.0
465 92.0
632 60.0
598 85.0
900 44.0
925 75.0
39 34.0
897 70.0
313 55.0
988 52.0
339 47.0
608 78.0
394 38.0
596 43.0
588 50.0
669 44.0
862 93.0
210 9.0
881 49.0
630 87.0
80 26.0
340 60.0
10 80.0
914 2.0
613 31.0
57 60.0
852 58.0
438 96.0
702 5.0
136 35.0
282 2.0
341 46.0
638 3.0
20 86.0
490 80.0
129 99.0
443 82.0
903 35.0
944 8.0
863 32.0
821 19.0
828 32.0
928 75.0
778 28.0
633 100000.0
342 96.0
617 63.0
759 12.0
174 69.0
667 45.0
484 10.0
937 47.0
3 40.0
760 37.0
961 70.0
340 12.0
159 81.0
343 51.0
28 46.0
691 77.0
418 48.0
44 20.0
555 45.0
705 20.0
267 87.0
64 56.0
1 66.0
344 47.0
844 23.0
7 51.0
730 32.0
228 53.0
569 74.0
238 98.0
498 61.0
884 80.0
988 98.0
24 42.0
770 37.0
345 44.0
246 55.0
701 37.0
58 74.0
404 39.0
970 77.0
909 71.0
346 6.0
932 26.0
896 52.0
271 91.0
827 96.0
243 43.0
33 76.0
222 55.0
619 17.0
179 25.0
347 85.0
884 62.0
450 9.0
565 34.0
364 30.0
638 32.0
809 90.0
715 94.0
604 29.0
768 92.0
931 82.0
744 53.0
983 53.0
348 35.0
725 85.0
162 83.0
494 50.0
578 71.0
215 100.0
565 10.0
911 55.0
349 26.0
433 17.0
131 63.0
568 75.0
524 85.0
587 42.0
124 16.0
350 46.0
555 58.0
115 70.0
408 42.0
944 2.0
317 72.0
978 87.0
320 42.0
623 32.0
351 24.0
864 87.0
692 68.0
881 14.0
429 24.0
292 34.0
161 42.0
768 25.0
191 96.0
833 5.0
761 49.0
996 58.0
440 69.0
822 68.0
38 9.0
613 24.0
352 11.0
278 21.0
971 23.0
803 62.0
970 62.0
368 73.0
836 64.0
353 18.0
334 96.0
907 96.0
462 44.0
282 81.0
983 42.0
372 14.0
750 91.0
105 7.0
354 89.0
572 58.0
940 70.0
848 15.0
449 51.0
119 85.0
32 20.0
696 46.0
762 30.0
190 42.0
551 37.0
355 84.0
555 15.0
820 39.0
179 85.0
452 50.0
655 29.0
498 40.0
376 73.0
828 60.0
956 14.0
356 81.0
988 53.0
992 14.0
354 63.0
711 97.0
969 11.0
225 65.0
967 31.0
172 28.0
47 45.0
231 28.0
990 23.0
743 14.0
357 16.0
972 72.0
245 93.0
717 8.0
452 60.0
627 54.0
214 37.0
358 27.0
926 68.0
678 75.0
256 14.0
592 88.0
445 74.0
325 37.0
151 45.0
898 68.0
143 77.0
734 38.0
359 35.0
543 81.0
75 40.0
738 22.0
211 87.0
613 66.0
868 92.0
792 4.0
849 21.0
224 15.0
909 62.0
549 11.0
697 9.0
904 81.0
345 94.0
79 63.0
986 1.0
360 88.0
149 79.0
93 48.0
936 60.0
676 60.0
342 17.0
690 9.0
510 69.0
591 10.0
846 34.0
773 26.0
207 62.0
663 49.0
361 75.0
906 11.0
474 70.0
193 69.0
433 88.0
321 92.0
967 30.0
927 91.0
446 9.0
423 2.0
917 4.0
820 69.0
140 54.0
362 83.0
231 71.0
365 93.0
11 30.0
793 75.0
77 77.0
337 55.0
216 30.0
411 76.0
547 73.0
816 69.0
945 90.0
792 29.0
363 20.0
146 12.0
438 17.0
81 74.0
384 52.0
721 55.0
175 21.0
871 77.0
277 22.0
728 100.0
773 48.0
364 35.0
80 92.0
20 34.0
423 62.0
514 18.0
972 4.0
159 77.0
116 71.0
261 24.0
916 49.0
842 11.0
22 41.0
292 19.0
956 66.0
234 47.0
550 29.0
703 71.0
804 91.0
365 4.0
543 83.0
674 33.0
219 60.0
89 51.0
530 51.0
202 87.0
985 10.0
743 94.0
961 10.0
332 82.0
565 23.0
26 64.0
662 94.0
366 99.0
71 74.0
665 100.0
143 4.0
776 52.0
287 84.0
507 13.0
777 86.0
627 52.0
698 16.0
595 96.0
367 70.0
864 40.0
540 50.0
862 69.0
712 13.0
218 61.0
427 81.0
659 8.0
55 27.0
297 40.0
233 37.0
933 34.0
325 90.0
368 22.0
517 97.0
645 88.0
348 17.0
978 2.0
342 73.0
369 18.0
305 18.0
766 87.0
854 23.0
116 34.0
417 59.0
891 33.0
700 10.0
382 87.0
390 69.0
17 78.0
616 57.0
69 31.0
300 50.0
370 12.0
927 71.0
896 65.0
146 81.0
177 64.0
371 29.0
723 77.0
405 49.0
57 81.0
895 22.0
123 35.0
481 7.0
115 36.0
624 43.0
943 74.0
736 42.0
806 21.0
175 71.0
873 50.0
99 42.0
845 70.0
929 75.0
771 34.0
235 63.0
372 38.0
861 5.0
925 21.0
169 86.0
3 94.0
525 7.0
77 78.0
138 62.0
893 33.0
78 35.0
800 96.0
726 80.0
530 42.0
373 38.0
60 52.0
42 35.0
774 24.0
843 16.0
114 80.0
739 85.0
833 80.0
743 33.0
650 10.0
353 25.0
218 49.0
561 69.0
880 71.0
886 85.0
432 11.0
374 84.0
84 86.0
379 37.0
413 70.0
889 83.0
967 59.0
946 15.0
109 36.0
95 84.0
847 76.0
477 83.0
375 90.0
694 62.0
338 23.0
832 83.0
443 68.0
55 61.0
706 44.0
63 6.0
376 91.0
212 19.0
232 31.0
433 48.0
517 97.0
304 4.0
881 27.0
53 41.0
720 25.0
370 54.0
672 78.0
711 77.0
411 72.0
832 54.0
377 10.0
432 68.0
596 53.0
204 65.0
230 54.0
262 45.0
378 95.0
536 89.0
349 74.0
80 20.0
110 5.0
196 84.0
952 73.0
607 58.0
187 29.0
36 27.0
198 82.0
23 100000.0
379 26.0
10 3.0
876 91.0
869 68.0
964 63.0
563 18.0
479 46.0
564 75.0
434 68.0
916 94.0
380 13.0
338 18.0
806 69.0
811 34.0
100 99.0
24 58.0
824 29.0
755 40.0
381 44.0
14 32.0
976 2.0
28 93.0
264 48.0
875 66.0
761 11.0
59 53.0
87 23.0
786 78.0
651 94.0
253 22.0
325 48.0
140 94.0
940 85.0
730 37.0
382 61.0
234 29.0
267 72.0
894 41.0
329 91.0
540 80.0
219 1.0
659 85.0
282 63.0
605 47.0
564 75.0
910 44.0
641 74.0
175 9.0
363 42.0
299 7.0
327 20.0
696 54.0
383 77.0
17 96.0
67 3.0
638 78.0
986 1.0
179 47.0
42 98.0
951 63.0
577 61.0
741 85.0
930 65.0
371 62.0
384 73.0
725 69.0
306 58.0
455 64.0
70 53.0
470 67.0
409 28.0
881 61.0
396 56.0
23 27.0
19 49.0
385 9.0
370 6.0
3 58.0
648 100.0
52 25.0
668 52.0
630 99.0
868 24.0
386 68.0
901 30.0
735 55.0
804 28.0
729 68.0
727 59.0
473 91.0
404 78.0
896 66.0
387 93.0
542 3.0
322 36.0
882 61.0
159 31.0
582 9.0
524 94.0
954 47.0
702 83.0
778 24.0
841 85.0
969 48.0
388 33.0
806 19.0
863 71.0
583 45.0
766 75.0
701 73.0
306 75.0
739 40.0
405 62.0
830 17.0
389 23.0
555 24.0
665 73.0
898 58.0
548 31.0
816 17.0
729 12.0
891 30.0
529 2.0
679 54.0
132 10.0
390 27.0
884 77.0
797 90.0
365 11.0
578 83.0
247 89.0
366 80.0
609 9.0
539 41.0
859 12.0
22 38.0
391 87.0
232 82.0
964 8.0
882 22.0
22 57.0
48 22.0
5 7.0
755 89.0
801 58.0
392 21.0
431 90.0
317 71.0
593 75.0
734 23.0
197 96.0
979 81.0
252 10.0
340 95.0
591 82.0
393 19.0
221 37.0
562 59.0
926 44.0
630 19.0
287 47.0
617 87.0
990 39.0
312 30.0
209 23.0
426 12.0
394 43.0
648 58.0
1000 33.0
397 81.0
201 41.0
416 20.0
792 65.0
937 19.0
657 25.0
906 44.0
395 40.0
885 1.0
671 59.0
138 31.0
512 48.0
1000 98.0
62 61.0
619 37.0
76 35.0
35 82.0
262 25.0
689 10.0
396 1.0
495 17.0
154 56.0
366 52.0
875 95.0
894 50.0
282 85.0
792 76.0
697 74.0
86 50.0
397 52.0
414 5.0
872 62.0
490 8.0
371 11.0
263 24.0
230 7.0
29 70.0
684 62.0
703 95.0
398 58.0
221 13.0
829 28.0
343 87.0
777 47.0
537 74.0
399 41.0
924 89.0
454 55.0
482 53.0
218 8.0
722 7.0
478 98.0
571 75.0
234 80.0
898 43.0
59 67.0
402 57.0
400 75.0
813 69.0
221 23.0
239 43.0
506 91.0
687 96.0
560 45.0
123 62.0
401 9.0
664 1.0
791 20.0
789 55.0
117 22.0
221 74.0
206 35.0
942 77.0
644 66.0
215 54.0
97 46.0
844 86.0
545 18.0
860 5.0
787 79.0
325 8.0
180 44.0
402 46.0
986 40.0
915 60.0
634 92.0
593 79.0
313 44.0
289 55.0
664 50.0
135 56.0
731 97.0
541 56.0
403 56.0
965 70.0
941 39.0
875 31.0
449 82.0
669 13.0
773 12.0
827 4.0
102 48.0
188 24.0
404 65.0
983 49.0
331 29.0
699 29.0
563 31.0
492 72.0
999 28.0
98 27.0
440 34.0
405 30.0
895 42.0
396 86.0
311 26.0
902 55.0
193 61.0
889 5.0
784 42.0
204 15.0
764 53.0
107 37.0
486 48.0
576 49.0
163 58.0
1 72.0
406 61.0
411 43.0
877 1.0
645 40.0
626 3.0
447 55.0
828 33.0
561 23.0
102 75.0
568 81.0
407 78.0
631 54.0
289 39.0
490 61.0
376 53.0
736 99.0
932 87.0
426 52.0
408 39.0
905 86.0
268 30.0
39 93.0
828 7.0
736 65.0
588 21.0
568 69.0
394 50.0
409 52.0
19 72.0
4 58.0
747 72.0
685 58.0
599 80.0
958 74.0
177 78.0
275 49.0
79 81.0
645 59.0
695 83.0
970 53.0
455 56.0
410 85.0
777 41.0
500 96.0
231 34.0
174 57.0
545 93.0
58 33.0
411 76.0
176 95.0
142 27.0
301 87.0
293 37.0
581 79.0
210 3.0
167 47.0
147 67.0
674 73.0
859 21.0
697 9.0
308 95.0
46 70.0
138 19.0
660 60.0
586 7.0
704 20.0
412 81.0
313 24.0
425 3.0
727 77.0
124 59.0
670 67.0
282 4.0
777 54.0
28 100.0
892 66.0
607 75.0
155 8.0
310 4.0
413 14.0
749 40.0
110 56.0
464 70.0
24 65.0
158 62.0
978 90.0
592 79.0
908 12.0
495 61.0
414 98.0
550 96.0
79 78.0
195 19.0
628 39.0
932 14.0
80 58.0
679 86.0
415 99.0
737 4.0
901 98.0
194 53.0
829 67.0
927 14.0
157 21.0
490 58.0
475 43.0
618 89.0
512 82.0
43 5.0
792 81.0
250 71.0
416 59.0
525 78.0
580 15.0
920 35.0
267 61.0
310 42.0
417 50.0
78 24.0
553 53.0
748 26.0
139 87.0
77 66.0
804 72.0
450 53.0
895 60.0
418 61.0
669 44.0
696 81.0
419 11.0
848 36.0
45 35.0
973 52.0
827 84.0
887 44.0
281 78.0
886 33.0
954 60.0
975 87.0
80 93.0
381 17.0
419 61.0
282 20.0
147 65.0
26 13.0
633 27.0
914 82.0
962 45.0
778 29.0
986 90.0
671 45.0
11 3.0
413 84.0
998 3.0
614 77.0
599 57.0
15 3.0
698 59.0
921 45.0
934 85.0
403 13.0
420 82.0
4 8.0
918 78.0
612 83.0
510 17.0
199 11.0
421 25.0
67 21.0
100 75.0
988 12.0
354 80.0
997 92.0
75 43.0
409 87.0
148 64.0
219 2.0
448 33.0
978 66.0
422 43.0
99 67.0
657 14.0
491 79.0
129 38.0
737 14.0
538 91.0
867 13.0
364 65.0
179 55.0
423 4.0
681 4.0
767 16.0
688 96.0
125 20.0
378 2.0
83 74.0
975 23.0
69 100.0
512 51.0
425 77.0
12 24.0
827 53.0
424 17.0
366 5.0
954 48.0
790 84.0
697 63.0
618 24.0
666 33.0
65 82.0
35 40.0
425 80.0
846 59.0
520 91.0
562 3.0
746 31.0
635 63.0
332 11.0
29 6.0
189 16.0
23 51.0
394 13.0
367 17.0
33 89.0
677 25.0
652 87.0
426 56.0
752 87.0
50 85.0
306 24.0
203 70.0
516 83.0
119 57.0
412 12.0
943 40.0
427 35.0
591 80.0
722 53.0
524 91.0
345 88.0
536 52.0
529 95.0
700 23.0
669 66.0
811 48.0
428 53.0
940 70.0
921 48.0
496 40.0
908 59.0
519 37.0
395 100.0
80 32.0
246 10.0
769 66.0
311 40.0
429 12.0
771 30.0
665 86.0
183 82.0
625 69.0
559 38.0
580 20.0
846 14.0
430 23.0
416 35.0
843 61.0
709 91.0
366 91.0
577 97.0
810 93.0
615 8.0
919 44.0
880 3.0
431 45.0
652 57.0
87 88.0
112 68.0
347 83.0
825 88.0
590 36.0
622 93.0
94 42.0
925 16.0
432 66.0
126 8.0
556 67.0
549 56.0
173 62.0
809 41.0
256 50.0
516 37.0
692 80.0
433 4.0
915 34.0
781 98.0
429 61.0
878 24.0
522 78.0
434 5.0
820 98.0
362 26.0
798 90.0
441 6.0
567 4.0
411 2.0
639 14.0
536 33.0
806 16.0
435 26.0
846 44.0
47 73.0
968 74.0
15 66.0
156 78.0
29 92.0
829 72.0
248 70.0
436 43.0
166 11.0
4 33.0
648 85.0
483 87.0
399 98.0
994 19.0
742 35.0
510 23.0
995 13.0
437 75.0
1 81.0
501 66.0
234 6.0
316 48.0
871 84.0
438 1.0
141 71.0
117 71.0
218 59.0
483 57.0
183 98.0
404 97.0
435 87.0
150 17.0
535 95.0
439 78.0
168 65.0
441 100.0
780 39.0
847 76.0
174 22.0
209 93.0
582 19.0
901 40.0
371 36.0
768 17.0
148 37.0
440 62.0
339 58.0
804 85.0
588 49.0
407 60.0
279 23.0
835 95.0
805 41.0
517 92.0
441 22.0
942 30.0
384 14.0
108 60.0
708 22.0
255 32.0
592 15.0
476 7.0
836 45.0
779 1.0
185 62.0
895 53.0
363 76.0
444 2.0
707 24.0
119 63.0
442 86.0
235 30.0
139 83.0
994 28.0
90 90.0
357 67.0
478 21.0
443 91.0
47 48.0
609 39.0
749 80.0
587 61.0
475 77.0
871 98.0
140 37.0
444 56.0
858 59.0
873 69.0
661 94.0
514 61.0
445 8.0
986 94.0
912 87.0
333 33.0
594 8.0
865 4.0
590 50.0
769 40.0
431 30.0
446 84.0
352 100.0
29 97.0
207 3.0
152 18.0
453 4.0
792 37.0
878 44.0
170 65.0
187 44.0
70 50.0
447 4.0
137 39.0
93 100.0
420 6.0
780 39.0
210 95.0
724 52.0
515 23.0
662 41.0
448 3.0
225 26.0
512 9.0
347 39.0
108 45.0
391 19.0
979 47.0
970 1.0
514 68.0
24 28.0
172 73.0
956 15.0
449 16.0
259 51.0
285 91.0
307 10.0
36 97.0
612 7.0
13 12.0
98 39.0
450 29.0
678 55.0
830 7.0
541 83.0
168 29.0
880 57.0
180 56.0
689 100.0
460 27.0
451 40.0
385 35.0
780 11.0
948 29.0
330 89.0
596 38.0
718 94.0
987 40.0
321 59.0
950 49.0
16 86.0
68 7.0
777 77.0
592 73.0
763 45.0
361 88.0
554 89.0
71 24.0
648 23.0
547 19.0
452 91.0
581 5.0
154 91.0
443 38.0
431 97.0
870 65.0
19 91.0
365 44.0
744 47.0
609 61.0
544 83.0
128 57.0
351 63.0
982 22.0
453 18.0
875 58.0
860 62.0
614 8.0
853 50.0
454 95.0
992 30.0
689 8.0
553 70.0
841 40.0
641 76.0
91 17.0
174 36.0
708 22.0
915 72.0
775 38.0
455 60.0
240 66.0
837 42.0
944 52.0
316 11.0
746 88.0
620 24.0
778 93.0
456 28.0
717 96.0
252 3.0
578 6.0
95 49.0
131 2.0
912 7.0
616 75.0
122 83.0
474 9.0
813 85.0
501 61.0
535 35.0
891 37.0
996 53.0
457 61.0
991 69.0
749 72.0
531 68.0
934 5.0
438 18.0
458 60.0
870 70.0
163 37.0
284 14.0
545 5.0
139 85.0
799 25.0
299 91.0
740 88.0
811 96.0
843 98.0
301 7.0
459 47.0
787 74.0
721 29.0
248 73.0
832 94.0
737 11.0
90 92.0
149 78.0
460 35.0
439 76.0
104 14.0
178 36.0
598 58.0
318 98.0
986 58.0
671 12.0
206 78.0
788 83.0
97 2.0
241 82.0
461 97.0
145 53.0
277 29.0
772 96.0
620 11.0
64 94.0
781 50.0
947 13.0
197 37.0
798 13.0
462 76.0
36 74.0
372 49.0
184 53.0
176 98.0
706 92.0
767 65.0
166 31.0
244 25.0
124 67.0
119 76.0
42 59.0
463 88.0
409 58.0
106 55.0
520 95.0
989 77.0
904 32.0
129 5.0
161 52.0
736 6.0
668 65.0
363 57.0
426 39.0
464 19.0
748 72.0
586 74.0
3 76.0
475 31.0
203 25.0
465 87.0
576 91.0
935 32.0
750 95.0
58 26.0
193 99.0
459 17.0
6 58.0
261 33.0
466 49.0
543 89.0
704 39.0
911 54.0
718 82.0
925 36.0
467 12.0
59 7.0
883 86.0
126 35.0
333 22.0
207 41.0
185 79.0
321 18.0
470 75.0
468 29.0
808 76.0
871 66.0
417 65.0
56 80.0
392 27.0
502 37.0
412 29.0
1000 77.0
172 98.0
610 99.0
803 48.0
469 7.0
543 17.0
427 31.0
798 87.0
751 5.0
16 6.0
949 33.0
394 73.0
67 95.0
954 49.0
367 19.0
302 77.0
883 99.0
983 79.0
488 72.0
143 69.0
470 5.0
385 38.0
120 59.0
552 83.0
359 79.0
392 47.0
902 42.0
27 3.0
570 48.0
374 19.0
673 6.0
993 42.0
269 40.0
762 48.0
88 13.0
471 69.0
68 86.0
207 66.0
177 69.0
129 1.0
637 14.0
977 98.0
431 46.0
467 79.0
180 92.0
989 2.0
761 40.0
33 14.0
661 26.0
472 98.0
385 88.0
442 58.0
862 29.0
175 97.0
386 45.0
102 28.0
60 90.0
473 70.0
143 80.0
131 17.0
576 40.0
422 95.0
969 44.0
252 34.0
294 17.0
481 93.0
17 26.0
297 22.0
474 41.0
930 55.0
726 95.0
920 92.0
579 13.0
584 34.0
438 55.0
741 57.0
979 68.0
200 84.0
180 88.0
195 32.0
109 9.0
507 70.0
607 13.0
821 52.0
485 69.0
475 29.0
735 87.0
925 20.0
947 42.0
284 18.0
181 27.0
248 60.0
978 92.0
783 70.0
781 99.0
229 12.0
476 93.0
304 88.0
240 11.0
907 46.0
374 5.0
201 19.0
726 64.0
959 10.0
232 82.0
377 41.0
910 51.0
696 52.0
300 84.0
818 99.0
477 100.0
865 65.0
859 45.0
881 96.0
630 97.0
333 56.0
545 66.0
112 56.0
525 2.0
478 28.0
878 65.0
773 90.0
452 81.0
449 61.0
912 9.0
583 46.0
329 91.0
309 28.0
558 46.0
860 68.0
483 10.0
13 7.0
469 24.0
741 15.0
479 60.0
926 5.0
590 81.0
35 46.0
470 23.0
230 13.0
289 53.0
245 100.0
480 91.0
499 96.0
309 8.0
621 7.0
342 87.0
68 64.0
434 50.0
679 5.0
468 99.0
232 30.0
481 99.0
804 28.0
213 79.0
625 52.0
324 45.0
465 55.0
197 26.0
25 25.0
970 50.0
441 46.0
427 53.0
353 49.0
482 89.0
910 27.0
901 65.0
58 8.0
269 78.0
767 50.0
547 81.0
817 16.0
203 52.0
685 78.0
929 93.0
75 16.0
772 13.0
113 32.0
542 95.0
972 37.0
814 8.0
903 98.0
67 62.0
586 26.0
483 77.0
58 34.0
678 25.0
898 85.0
904 13.0
484 94.0
992 69.0
737 77.0
978 78.0
369 1.0
973 30.0
399 26.0
523 73.0
323 29.0
485 21.0
799 31.0
906 27.0
171 57.0
187 67.0
686 38.0
925 75.0
257 78.0
571 84.0
463 17.0
100 50.0
473 75.0
192 47.0
850 43.0
486 49.0
311 23.0
772 82.0
120 76.0
554 100.0
187 40.0
209 69.0
534 87.0
842 57.0
379 57.0
801 68.0
487 13.0
425 56.0
499 19.0
199 13.0
342 96.0
430 50.0
404 87.0
771 84.0
921 10.0
663 1.0
360 28.0
617 50.0
500 59.0
488 16.0
123 64.0
226 68.0
66 92.0
303 58.0
878 64.0
660 42.0
262 44.0
410 55.0
205 67.0
489 31.0
991 8.0
696 42.0
341 50.0
730 44.0
248 99.0
227 11.0
490 32.0
963 89.0
664 27.0
12 48.0
205 18.0
976 100.0
569 61.0
23 57.0
522 59.0
873 96.0
834 28.0
491 23.0
440 68.0
914 71.0
347 37.0
151 45.0
856 69.0
717 80.0
949 44.0
798 13.0
421 51.0
498 72.0
716 19.0
492 88.0
164 11.0
147 65.0
631 45.0
2 63.0
808 78.0
212 66.0
205 50.0
298 4.0
356 91.0
493 56.0
24 52.0
48 31.0
43 47.0
130 25.0
711 44.0
298 3.0
243 1.0
494 57.0
366 39.0
305 53.0
771 96.0
451 2.0
130 14.0
660 72.0
342 98.0
746 48.0
188 21.0
954 32.0
666 57.0
48 87.0
935 9.0
208 9.0
495 72.0
296 70.0
199 42.0
185 16.0
927 64.0
217 95.0
260 80.0
535 63.0
84 96.0
378 92.0
316 54.0
496 6.0
186 64.0
685 54.0
240 4.0
739 100.0
926 53.0
58 64.0
465 61.0
988 96.0
1000 39.0
497 84.0
965 8.0
629 15.0
585 23.0
833 68.0
170 34.0
301 96.0
470 11.0
845 40.0
70 27.0
663 35.0
457 52.0
498 13.0
542 92.0
643 61.0
965 75.0
230 22.0
731 94.0
264 74.0
839 59.0
436 35.0
554 67.0
458 66.0
586 80.0
693 67.0
499 32.0
252 73.0
599 61.0
808 52.0
333 7.0
115 95.0
34 64.0
926 65.0
85 55.0
471 71.0
500 94.0
820 66.0
522 78.0
252 64.0
830 84.0
874 39.0
501 10.0
318 3.0
33 66.0
378 87.0
421 51.0
258 1.0
368 79.0
254 52.0
902 7.0
151 72.0
932 22.0
540 5.0
132 5.0
504 25.0
507 24.0
350 52.0
530 64.0
544 44.0
429 16.0
349 41.0
959 95.0
502 88.0
203 70.0
355 64.0
808 61.0
153 67.0
450 7.0
881 77.0
475 6.0
674 70.0
689 49.0
503 37.0
28 21.0
50 89.0
276 16.0
977 94.0
705 51.0
438 58.0
330 22.0
504 56.0
816 21.0
677 54.0
118 61.0
656 71.0
765 67.0
480 48.0
390 90.0
294 23.0
962 32.0
871 11.0
505 19.0
265 10.0
937 9.0
500 78.0
613 74.0
314 11.0
925 9.0
768 16.0
899 55.0
984 82.0
315 76.0
73 45.0
424 42.0
163 29.0
436 35.0
948 49.0
506 22.0
405 98.0
130 29.0
816 83.0
891 5.0
41 81.0
256 68.0
580 56.0
744 94.0
257 89.0
900 5.0
252 16.0
507 96.0
189 46.0
361 53.0
479 64.0
689 94.0
533 66.0
766 82.0
508 6.0
497 14.0
288 1.0
878 37.0
930 13.0
171 82.0
555 11.0
953 4.0
957 81.0
235 88.0
509 86.0
402 52.0
41 86.0
873 82.0
725 8.0
433 71.0
944 43.0
263 52.0
730 76.0
323 46.0
845 67.0
739 66.0
470 35.0
510 6.0
900 58.0
171 24.0
618 31.0
303 48.0
856 61.0
393 4.0
488 79.0
19 36.0
537 91.0
511 80.0
397 70.0
330 33.0
94 21.0
376 14.0
212 54.0
317 80.0
755 8.0
415 93.0
512 58.0
972 65.0
156 8.0
18 18.0
97 65.0
257 40.0
991 29.0
338 14.0
246 82.0
505 7.0
296 90.0
820 37.0
361 87.0
385 34.0
538 96.0
513 15.0
359 100.0
760 48.0
920 23.0
881 68.0
539 87.0
45 89.0
352 28.0
575 22.0
905 63.0
509 84.0
68 43.0
163 74.0
514 4.0
170 10.0
235 58.0
433 87.0
332 40.0
125 37.0
278 60.0
714 12.0
951 30.0
671 84.0
187 20.0
515 95.0
830 2.0
511 24.0
636 40.0
801 96.0
663 67.0
189 15.0
285 42.0
527 30.0
516 52.0
102 9.0
809 80.0
865 81.0
649 83.0
123 77.0
42 33.0
517 59.0
791 62.0
982 80.0
990 12.0
490 44.0
504 56.0
518 14.0
686 72.0
67 74.0
26 32.0
964 97.0
589 8.0
888 16.0
595 27.0
135 53.0
389 72.0
857 61.0
368 64.0
715 13.0
702 9.0
157 6.0
519 82.0
242 28.0
114 8.0
988 6.0
917 20.0
772 59.0
416 6.0
415 98.0
600 65.0
520 54.0
142 73.0
115 13.0
170 69.0
351 18.0
507 68.0
542 45.0
52 26.0
31 37.0
850 78.0
521 65.0
270 62.0
661 99.0
164 74.0
774 44.0
906 75.0
253 28.0
706 14.0
124 72.0
278 96.0
522 10.0
617 46.0
222 35.0
851 45.0
534 54.0
951 17.0
857 50.0
523 77.0
850 96.0
320 46.0
508 77.0
976 96.0
480 84.0
637 34.0
342 76.0
353 94.0
502 22.0
524 79.0
949 99.0
149 63.0
104 31.0
960 74.0
479 84.0
264 89.0
574 75.0
544 46.0
325 28.0
339 15.0
174 68.0
127 48.0
525 65.0
9 48.0
364 57.0
281 69.0
352 69.0
100 36.0
310 12.0
779 57.0
7 69.0
216 95.0
375 100.0
526 40.0
981 2.0
935 100.0
73 19.0
817 11.0
582 50.0
619 23.0
888 67.0
933 80.0
615 47.0
121 72.0
653 65.0
581 9.0
66 26.0
284 56.0
757 31.0
527 65.0
400 85.0
371 26.0
178 53.0
688 33.0
966 16.0
459 38.0
207 50.0
695 27.0
139 31.0
41 76.0
508 19.0
476 96.0
791 86.0
514 17.0
528 71.0
924 99.0
904 44.0
873 46.0
319 34.0
868 85.0
351 2.0
414 79.0
893 81.0
741 9.0
427 87.0
590 24.0
619 42.0
529 59.0
91 61.0
617 41.0
791 46.0
530 100.0
47 32.0
696 1.0
45 4.0
233 10.0
708 42.0
443 73.0
275 35.0
18 50.0
531 7.0
675 88.0
41 40.0
366 62.0
692 23.0
181 83.0
518 75.0
733 42.0
371 42.0
404 91.0
987 49.0
38 44.0
701 30.0
451 76.0
433 64.0
74 21.0
532 43.0
623 3.0
63 23.0
748 40.0
644 4.0
330 35.0
229 43.0
922 1.0
646 19.0
216 56.0
703 37.0
533 47.0
50 72.0
421 83.0
511 68.0
586 57.0
862 72.0
799 93.0
296 63.0
917 61.0
324 59.0
534 6.0
847 29.0
798 9.0
607 21.0
962 55.0
996 48.0
538 52.0
681 73.0
447 39.0
637 61.0
535 97.0
386 23.0
449 54.0
488 48.0
291 91.0
886 17.0
40 45.0
536 58.0
233 100.0
760 65.0
943 27.0
930 99.0
447 53.0
809 91.0
312 34.0
111 48.0
303 76.0
429 62.0
234 60.0
742 79.0
537 42.0
855 10.0
106 81.0
410 20.0
628 88.0
810 50.0
600 36.0
264 82.0
895 57.0
85 28.0
538 81.0
773 18.0
55 67.0
83 72.0
903 45.0
979 52.0
451 47.0
90 26.0
61 7.0
353 91.0
295 99.0
14 17.0
750 83.0
981 86.0
671 94.0
539 80.0
350 30.0
736 70.0
896 11.0
99 72.0
40 90.0
992 93.0
356 1.0
188 91.0
307 74.0
925 64.0
30 88.0
374 31.0
407 65.0
540 56.0
536 81.0
59 68.0
994 88.0
606 98.0
665 99.0
571 72.0
741 42.0
851 28.0
541 21.0
443 73.0
774 34.0
163 81.0
542 78.0
738 56.0
691 12.0
319 27.0
252 18.0
625 100.0
563 34.0
543 24.0
707 27.0
580 58.0
861 34.0
771 48.0
573 28.0
288 38.0
844 74.0
870 44.0
183 58.0
808 79.0
544 17.0
13 46.0
372 13.0
185 1.0
956 83.0
365 47.0
601 72.0
674 17.0
42 51.0
545 42.0
611 19.0
86 39.0
867 69.0
159 79.0
196 89.0
954 56.0
514 94.0
669 59.0
180 14.0
286 66.0
960 43.0
43 98.0
546 95.0
126 97.0
988 31.0
646 97.0
30 82.0
789 4.0
728 42.0
935 6.0
812 90.0
207 43.0
402 97.0
385 70.0
995 73.0
389 11.0
528 31.0
236 55.0
547 84.0
767 57.0
830 98.0
297 45.0
529 42.0
789 23.0
548 17.0
355 100.0
369 72.0
650 59.0
65 60.0
507 40.0
662 73.0
724 80.0
549 96.0
464 11.0
477 91.0
141 24.0
145 53.0
310 73.0
495 99.0
355 42.0
60 92.0
499 58.0
269 28.0
244 49.0
461 19.0
550 61.0
762 38.0
61 87.0
97 20.0
842 2.0
953 7.0
755 38.0
361 69.0
341 85.0
127 20.0
327 73.0
65 88.0
551 98.0
425 89.0
623 13.0
919 60.0
603 73.0
725 86.0
495 66.0
462 90.0
552 47.0
593 93.0
250 77.0
841 90.0
969 70.0
280 43.0
677 34.0
404 99.0
483 97.0
278 99.0
275 24.0
562 4.0
68 97.0
465 24.0
810 48.0
553 89.0
422 42.0
800 55.0
554 19.0
554 17.0
620 10.0
177 47.0
584 24.0
841 61.0
471 68.0
517 49.0
238 56.0
452 21.0
897 75.0
275 77.0
125 69.0
555 25.0
509 46.0
626 7.0
947 85.0
607 85.0
696 34.0
266 100.0
837 94.0
361 20.0
516 29.0
556 96.0
106 67.0
550 49.0
277 87.0
716 55.0
482 64.0
460 95.0
999 73.0
578 65.0
805 50.0
135 20.0
536 61.0
218 62.0
795 7.0
901 89.0
557 74.0
593 39.0
127 19.0
839 57.0
889 76.0
641 49.0
916 68.0
137 3.0
514 29.0
974 7.0
452 5.0
247 26.0
135 73.0
558 47.0
529 67.0
442 79.0
443 16.0
341 11.0
773 76.0
174 31.0
559 29.0
220 15.0
739 83.0
1 38.0
330 95.0
181 44.0
447 31.0
541 85.0
809 88.0
120 68.0
236 47.0
846 45.0
911 88.0
38 89.0
560 79.0
66 79.0
668 42.0
116 64.0
380 44.0
863 64.0
318 82.0
474 12.0
10 57.0
370 95.0
230 48.0
267 38.0
561 61.0
146 93.0
92 1.0
623 20.0
314 14.0
562 41.0
751 1.0
473 63.0
240 49.0
791 83.0
466 43.0
1000 73.0
468 24.0
708 89.0
595 6.0
131 40.0
563 79.0
727 35.0
876 66.0
676 67.0
272 66.0
109 46.0
967 74.0
755 76.0
722 85.0
413 29.0
258 60.0
170 92.0
979 54.0
564 25.0
252 12.0
160 9.0
223 27.0
484 62.0
230 39.0
2 69.0
407 97.0
21 43.0
778 15.0
565 4.0
438 73.0
863 33.0
721 88.0
287 4.0
261 18.0
24 30.0
785 45.0
148 56.0
566 93.0
81 44.0
145 52.0
281 94.0
785 53.0
111 71.0
309 94.0
288 78.0
875 32.0
567 49.0
535 2.0
723 33.0
940 36.0
635 64.0
151 94.0
424 7.0
368 46.0
568 23.0
745 17.0
455 30.0
785 24.0
746 95.0
49 68.0
723 4.0
750 29.0
346 45.0
884 61.0
569 13.0
956 64.0
185 38.0
810 74.0
149 18.0
204 44.0
312 84.0
819 59.0
457 89.0
497 91.0
850 11.0
590 100.0
73 20.0
336 36.0
364 16.0
790 3.0
906 5.0
570 28.0
77 86.0
185 16.0
906 79.0
956 62.0
530 69.0
539 3.0
571 15.0
896 26.0
13 96.0
753 26.0
165 70.0
70 76.0
300 14.0
569 61.0
572 74.0
201 48.0
539 38.0
306 53.0
706 83.0
647 43.0
140 55.0
649 57.0
922 98.0
448 3.0
238 41.0
573 39.0
825 71.0
876 14.0
390 75.0
574 12.0
3 93.0
191 58.0
881 13.0
10 39.0
680 76.0
574 9.0
469 8.0
839 76.0
739 37.0
93 75.0
852 74.0
960 18.0
729 25.0
956 41.0
803 57.0
671 17.0
575 59.0
99 63.0
997 83.0
158 97.0
72 50.0
806 58.0
611 35.0
532 44.0
481 4.0
614 44.0
746 4.0
584 58.0
542 26.0
400 51.0
336 44.0
576 11.0
87 23.0
477 64.0
561 50.0
807 65.0
899 73.0
895 90.0
933 58.0
235 20.0
139 9.0
154 64.0
453 9.0
301 24.0
577 41.0
956 22.0
488 10.0
244 3.0
500 100.0
597 25.0
6 32.0
932 67.0
146 52.0
220 95.0
578 26.0
854 32.0
624 25.0
938 81.0
785 96.0
478 79.0
882 28.0
765 92.0
182 100.0
579 99.0
48 43.0
287 26.0
506 13.0
863 61.0
167 7.0
162 36.0
370 58.0
784 96.0
583 9.0
198 26.0
580 45.0
325 88.0
478 69.0
296 92.0
230 53.0
804 14.0
298 82.0
6 39.0
860 62.0
574 51.0
988 17.0
937 77.0
781 5.0
238 31.0
152 87.0
533 90.0
585 47.0
757 58.0
506 76.0
56 74.0
271 2.0
876 2.0
526 11.0
581 78.0
589 3.0
696 26.0
23 57.0
143 10.0
838 65.0
676 35.0
34 82.0
387 30.0
532 36.0
345 46.0
229 89.0
811 25.0
836 3.0
582 19.0
577 64.0
837 88.0
671 80.0
133 67.0
232 12.0
202 62.0
948 71.0
788 82.0
903 48.0
189 70.0
819 94.0
583 98.0
230 10.0
863 6.0
88 94.0
129 84.0
31 31.0
684 17.0
145 24.0
633 74.0
317 5.0
895 36.0
806 45.0
883 54.0
584 85.0
167 72.0
56 24.0
425 47.0
844 81.0
973 81.0
613 31.0
638 20.0
715 8.0
306 74.0
441 87.0
79 91.0
828 44.0
585 78.0
753 96.0
638 34.0
312 85.0
950 57.0
91 18.0
2 8.0
941 74.0
273 44.0
445 97.0
946 49.0
586 91.0
729 90.0
550 47.0
722 91.0
415 82.0
223 68.0
877 26.0
982 94.0
916 59.0
187 6.0
27 23.0
105 74.0
807 90.0
587 15.0
146 62.0
271 77.0
704 29.0
390 57.0
82 64.0
896 97.0
776 35.0
743 52.0
359 88.0
267 97.0
55 96.0
396 93.0
636 48.0
837 10.0
588 14.0
499 74.0
798 6.0
12 85.0
185 22.0
461 47.0
891 68.0
581 67.0
410 39.0
643 44.0
111 31.0
589 42.0
341 64.0
490 23.0
170 60.0
741 46.0
737 12.0
363 45.0
678 84.0
594 46.0
743 79.0
590 58.0
992 31.0
879 97.0
394 47.0
295 69.0
755 95.0
591 39.0
564 38.0
787 100.0
691 7.0
102 6.0
586 43.0
361 83.0
77 21.0
33 62.0
790 51.0
592 38.0
559 30.0
794 21.0
947 98.0
565 69.0
26 81.0
965 8.0
173 5.0
593 52.0
87 66.0
724 76.0
375 33.0
564 25.0
479 87.0
519 42.0
391 6.0
44 56.0
247 20.0
664 74.0
594 2.0
777 90.0
753 66.0
156 99.0
673 92.0
203 28.0
660 43.0
60 24.0
196 55.0
185 27.0
595 81.0
989 42.0
872 80.0
252 87.0
221 7.0
159 70.0
753 5.0
709 40.0
877 81.0
596 31.0
901 54.0
538 50.0
93 85.0
471 23.0
337 75.0
101 2.0
597 65.0
544 76.0
38 51.0
738 72.0
95 68.0
930 100.0
57 62.0
782 10.0
870 61.0
729 24.0
910 99.0
598 82.0
56 84.0
867 30.0
817 80.0
21 82.0
984 18.0
977 44.0
410 62.0
828 33.0
646 23.0
805 93.0
976 85.0
599 13.0
492 47.0
151 8.0
386 57.0
485 16.0
12 95.0
564 12.0
136 2.0
379 33.0
688 97.0
843 15.0
846 62.0
794 38.0
600 77.0
8 92.0
148 3.0
608 52.0
308 71.0
144 26.0
634 74.0
325 11.0
730 3.0
601 13.0
494 75.0
182 74.0
329 15.0
437 19.0
47 67.0
316 72.0
136 81.0
602 21.0
248 86.0
527 90.0
787 32.0
458 13.0
528 60.0
296 73.0
448 25.0
603 63.0
781 30.0
506 29.0
235 37.0
486 2.0
26 84.0
316 3.0
708 72.0
559 28.0
522 79.0
604 21.0
348 37.0
710 82.0
353 47.0
928 78.0
812 71.0
430 39.0
605 83.0
423 14.0
392 70.0
92 63.0
291 5.0
126 87.0
502 55.0
22 10.0
869 9.0
248 25.0
847 44.0
237 32.0
904 49.0
606 73.0
120 19.0
487 92.0
117 46.0
121 62.0
360 90.0
417 16.0
516 7.0
662 87.0
105 98.0
102 91.0
589 30.0
581 48.0
73 19.0
353 84.0
607 1.0
305 98.0
750 56.0
561 92.0
822 57.0
86 78.0
256 35.0
811 82.0
187 92.0
388 50.0
396 42.0
608 96.0
199 3.0
792 85.0
871 22.0
100 33.0
641 59.0
753 92.0
617 27.0
469 87.0
802 11.0
92 46.0
481 96.0
616 37.0
76 64.0
54 1.0
609 72.0
454 2.0
597 94.0
835 24.0
618 100.0
848 75.0
178 13.0
303 96.0
309 33.0
850 41.0
162 95.0
842 15.0
930 40.0
610 89.0
453 57.0
407 69.0
259 58.0
526 38.0
365 76.0
102 25.0
170 40.0
824 37.0
611 82.0
643 22.0
597 58.0
596 69.0
366 93.0
212 39.0
465 79.0
872 11.0
683 42.0
956 28.0
333 95.0
612 90.0
727 82.0
943 38.0
716 22.0
78 92.0
285 56.0
613 94.0
822 25.0
128 33.0
930 18.0
659 55.0
87 9.0
275 7.0
868 71.0
385 9.0
234 28.0
781 30.0
614 58.0
78 76.0
67 51.0
280 82.0
715 16.0
932 53.0
116 89.0
572 81.0
592 3.0
62 87.0
3 53.0
615 72.0
907 76.0
221 37.0
361 88.0
825 37.0
453 84.0
501 48.0
169 19.0
616 9.0
470 77.0
434 94.0
931 44.0
233 83.0
484 69.0
84 25.0
248 51.0
617 1.0
996 42.0
136 9.0
2 93.0
71 26.0
425 17.0
931 95.0
337 37.0
990 42.0
770 45.0
779 80.0
332 80.0
74 46.0
838 76.0
618 30.0
106 69.0
179 31.0
536 40.0
158 74.0
871 95.0
139 32.0
929 40.0
168 32.0
20 15.0
619 81.0
886 77.0
432 76.0
620 79.0
446 98.0
831 47.0
235 71.0
976 70.0
548 34.0
482 86.0
691 55.0
388 74.0
365 76.0
98 39.0
878 56.0
541 27.0
111 41.0
780 56.0
885 69.0
247 64.0
323 86.0
476 54.0
882 14.0
621 78.0
373 7.0
249 21.0
203 58.0
465 67.0
403 15.0
601 42.0
243 52.0
657 65.0
8 20.0
622 75.0
831 40.0
489 98.0
916 21.0
27 94.0
939 13.0
669 26.0
119 27.0
623 77.0
620 35.0
222 40.0
371 11.0
745 98.0
471 41.0
930 80.0
238 17.0
989 33.0
114 90.0
698 8.0
624 89.0
688 52.0
79 30.0
128 2.0
773 69.0
898 75.0
286 13.0
555 42.0
808 80.0
464 96.0
58 53.0
129 94.0
457 31.0
625 91.0
659 91.0
540 40.0
68 2.0
663 43.0
815 17.0
977 18.0
626 80.0
514 25.0
195 65.0
20 36.0
425 2.0
599 56.0
169 31.0
292 26.0
356 70.0
81 90.0
105 84.0
627 65.0
681 61.0
123 68.0
124 38.0
805 20.0
519 80.0
77 96.0
453 2.0
588 47.0
583 17.0
927 82.0
72 44.0
628 69.0
106 8.0
495 27.0
389 59.0
989 13.0
17 63.0
334 29.0
532 39.0
254 40.0
90 44.0
629 8.0
181 52.0
163 65.0
186 66.0
362 42.0
851 29.0
164 32.0
120 42.0
641 4.0
971 96.0
291 79.0
914 100.0
100 36.0
990 61.0
644 48.0
339 11.0
306 84.0
44 74.0
630 83.0
878 19.0
121 46.0
623 49.0
378 23.0
642 13.0
781 14.0
250 2.0
631 77.0
744 32.0
106 43.0
528 92.0
444 99.0
554 24.0
405 29.0
336 4.0
234 84.0
632 36.0
557 35.0
493 89.0
738 24.0
57 40.0
719 84.0
131 55.0
584 51.0
633 69.0
435 18.0
378 64.0
661 55.0
77 54.0
514 18.0
621 59.0
647 99.0
585 80.0
767 71.0
741 20.0
634 58.0
702 44.0
815 100000.0
792 31.0
49 47.0
63 6.0
707 98.0
507 100.0
672 68.0
526 70.0
281 47.0
635 66.0
376 68.0
200 96.0
551 41.0
468 81.0
843 79.0
936 50.0
969 100.0
313 71.0
921 33.0
870 9.0
985 85.0
874 65.0
216 27.0
462 1.0
583 72.0
472 69.0
636 11.0
961 49.0
721 31.0
596 71.0
789 34.0
254 93.0
400 55.0
407 4.0
32 86.0
396 72.0
920 71.0
369 22.0
637 15.0
218 56.0
715 90.0
946 72.0
227 41.0
280 54.0
903 91.0
575 10.0
638 71.0
490 62.0
276 70.0
638 97.0
964 46.0
336 73.0
35 97.0
488 75.0
629 30.0
207 87.0
692 70.0
639 20.0
438 67.0
190 20.0
726 21.0
474 24.0
934 14.0
713 2.0
918 65.0
336 70.0
640 46.0
192 43.0
927 31.0
801 56.0
157 90.0
523 15.0
841 95.0
771 84.0
200 42.0
511 75.0
754 21.0
402 40.0
156 32.0
554 10.0
847 11.0
641 22.0
674 96.0
791 69.0
838 68.0
853 17.0
410 38.0
583 22.0
884 59.0
898 48.0
642 46.0
916 78.0
661 62.0
929 23.0
978 39.0
536 19.0
910 22.0
543 7.0
332 89.0
574 52.0
842 28.0
643 17.0
28 21.0
338 80.0
668 65.0
943 61.0
908 21.0
324 58.0
453 22.0
52 3.0
126 54.0
130 14.0
885 11.0
808 10.0
644 65.0
768 55.0
219 68.0
794 45.0
458 3.0
996 53.0
393 1.0
97 24.0
294 18.0
29 98.0
645 8.0
402 76.0
897 79.0
822 37.0
483 9.0
630 92.0
787 72.0
448 31.0
849 79.0
582 4.0
646 1.0
665 3.0
90 29.0
325 88.0
817 48.0
614 55.0
760 74.0
998 100.0
620 6.0
156 92.0
912 98.0
548 25.0
993 34.0
752 18.0
647 31.0
464 3.0
529 2.0
362 81.0
924 44.0
756 96.0
409 35.0
308 95.0
59 5.0
648 6.0
870 58.0
757 70.0
44 63.0
713 16.0
706 49.0
241 32.0
60 38.0
891 42.0
915 25.0
909 98.0
100 2.0
649 1.0
253 8.0
597 84.0
275 7.0
423 27.0
647 2.0
19 81.0
585 15.0
791 96.0
650 12.0
86 65.0
650 92.0
272 94.0
246 47.0
662 7.0
565 69.0
256 98.0
687 28.0
157 77.0
739 61.0
526 35.0
359 94.0
665 77.0
651 56.0
508 14.0
627 55.0
56 36.0
545 83.0
961 19.0
652 27.0
700 57.0
603 51.0
111 89.0
992 78.0
299 29.0
114 14.0
140 95.0
838 79.0
643 53.0
61 19.0
653 50.0
138 82.0
609 25.0
337 21.0
674 69.0
678 1.0
249 52.0
587 6.0
342 47.0
607 16.0
596 88.0
746 5.0
654 54.0
803 95.0
80 58.0
625 71.0
120 6.0
157 70.0
989 89.0
835 54.0
655 61.0
679 100.0
217 1.0
66 39.0
750 65.0
297 63.0
487 82.0
104 78.0
357 53.0
656 44.0
905 32.0
794 74.0
323 35.0
835 15.0
25 71.0
326 60.0
688 42.0
987 46.0
74 29.0
988 72.0
844 12.0
865 20.0
657 81.0
818 70.0
831 2.0
903 39.0
34 33.0
910 96.0
531 25.0
481 87.0
768 12.0
673 18.0
543 76.0
588 85.0
658 3.0
809 8.0
13 69.0
679 9.0
371 3.0
410 29.0
774 83.0
20 60.0
873 99.0
886 77.0
14 6.0
659 12.0
873 82.0
655 95.0
773 87.0
868 53.0
498 47.0
961 61.0
775 80.0
898 84.0
732 58.0
491 12.0
180 41.0
258 22.0
660 48.0
79 32.0
730 58.0
627 73.0
971 26.0
89 29.0
640 10.0
508 20.0
270 22.0
663 70.0
248 65.0
731 41.0
282 76.0
880 17.0
272 16.0
867 10.0
661 73.0
677 50.0
48 30.0
753 69.0
833 2.0
630 16.0
197 92.0
537 25.0
494 99.0
228 72.0
852 45.0
132 23.0
824 41.0
374 81.0
877 53.0
699 44.0
662 76.0
296 14.0
316 69.0
773 49.0
6 44.0
663 55.0
554 75.0
174 72.0
553 70.0
300 30.0
367 14.0
50 81.0
530 1.0
99 72.0
139 41.0
306 47.0
184 100.0
941 25.0
160 1.0
872 10.0
878 25.0
73 45.0
881 14.0
664 96.0
624 88.0
458 41.0
762 69.0
918 31.0
140 90.0
800 47.0
333 58.0
38 54.0
665 82.0
890 21.0
777 47.0
64 80.0
191 32.0
104 65.0
227 78.0
366 37.0
499 13.0
828 58.0
47 57.0
716 73.0
666 2.0
907 78.0
51 21.0
273 34.0
680 68.0
753 40.0
182 81.0
7 33.0
169 26.0
652 59.0
925 23.0
636 95.0
78 54.0
667 80.0
102 6.0
407 84.0
650 31.0
875 42.0
837 100.0
979 21.0
995 4.0
524 41.0
65 69.0
668 1.0
981 88.0
949 6.0
834 83.0
862 69.0
93 85.0
978 64.0
669 32.0
82 23.0
203 89.0
227 11.0
184 78.0
65 23.0
617 12.0
64 9.0
670 37.0
844 43.0
1000 52.0
670 41.0
747 98.0
69 6.0
383 3.0
37 73.0
758 23.0
337 13.0
422 56.0
729 77.0
431 83.0
548 56.0
972 96.0
657 26.0
671 60.0
989 82.0
704 66.0
547 48.0
9 41.0
498 96.0
160 62.0
506 19.0
940 86.0
230 18.0
885 79.0
672 80.0
161 42.0
680 93.0
793 72.0
54 12.0
305 90.0
617 10.0
426 50.0
726 18.0
840 22.0
623 30.0
498 40.0
673 79.0
408 31.0
443 39.0
360 81.0
760 46.0
505 78.0
376 12.0
761 67.0
674 79.0
679 25.0
504 59.0
976 44.0
129 94.0
889 35.0
753 20.0
360 75.0
202 59.0
32 94.0
715 67.0
675 70.0
516 47.0
190 24.0
117 79.0
999 35.0
438 46.0
828 64.0
454 23.0
50 49.0
873 39.0
676 28.0
997 25.0
290 6.0
490 89.0
264 35.0
712 2.0
839 22.0
677 78.0
872 36.0
316 49.0
919 30.0
358 32.0
678 5.0
579 70.0
718 25.0
413 53.0
417 64.0
952 18.0
854 8.0
835 47.0
968 93.0
670 11.0
679 14.0
603 71.0
555 62.0
783 42.0
689 32.0
384 6.0
665 69.0
643 23.0
827 62.0
807 30.0
367 30.0
680 60.0
4 8.0
504 92.0
962 87.0
179 40.0
289 64.0
815 31.0
317 60.0
797 64.0
659 37.0
681 88.0
505 93.0
977 95.0
344 97.0
380 93.0
918 4.0
489 97.0
392 36.0
682 30.0
586 51.0
172 84.0
33 64.0
249 65.0
418 57.0
63 77.0
565 92.0
207 27.0
693 70.0
683 54.0
171 18.0
699 6.0
952 20.0
917 48.0
209 49.0
703 10.0
444 24.0
316 27.0
463 91.0
684 75.0
328 84.0
967 32.0
206 67.0
310 60.0
361 60.0
611 74.0
873 23.0
336 89.0
779 41.0
996 77.0
667 28.0
39 4.0
231 66.0
66 52.0
13 6.0
192 88.0
685 40.0
557 94.0
812 36.0
831 5.0
755 56.0
326 79.0
388 50.0
68 21.0
722 33.0
360 87.0
686 58.0
74 75.0
182 20.0
469 83.0
416 80.0
358 50.0
500 86.0
599 87.0
347 63.0
948 27.0
912 56.0
650 72.0
687 43.0
853 38.0
77 57.0
309 20.0
386 4.0
297 57.0
951 53.0
688 87.0
664 45.0
235 10.0
819 88.0
316 64.0
423 6.0
59 98.0
484 29.0
919 11.0
689 98.0
777 27.0
512 83.0
555 23.0
287 43.0
636 69.0
536 78.0
958 52.0
770 86.0
992 39.0
690 33.0
563 11.0
525 29.0
583 3.0
305 48.0
496 69.0
598 31.0
910 39.0
973 91.0
494 43.0
713 38.0
449 4.0
783 45.0
738 92.0
789 71.0
347 72.0
691 7.0
952 38.0
275 5.0
868 100.0
569 100.0
420 29.0
786 59.0
137 47.0
692 32.0
266 89.0
807 83.0
282 21.0
152 44.0
930 85.0
272 94.0
309 27.0
803 4.0
307 77.0
597 61.0
158 47.0
403 87.0
154 44.0
990 41.0
124 43.0
693 43.0
389 95.0
1000 94.0
370 11.0
47 53.0
957 3.0
548 100.0
555 83.0
681 68.0
230 15.0
542 90.0
986 37.0
432 56.0
418 10.0
694 25.0
778 69.0
159 2.0
911 30.0
787 61.0
367 8.0
736 99.0
700 52.0
992 35.0
327 29.0
473 34.0
465 33.0
594 54.0
695 92.0
676 72.0
378 9.0
843 50.0
815 48.0
828 5.0
124 70.0
916 86.0
696 64.0
620 51.0
370 23.0
294 1.0
139 37.0
925 14.0
907 9.0
669 73.0
354 92.0
116 66.0
415 47.0
770 72.0
697 77.0
990 47.0
784 80.0
277 18.0
828 1.0
139 16.0
572 8.0
511 18.0
698 78.0
896 41.0
797 73.0
497 70.0
50 32.0
918 22.0
940 13.0
436 80.0
741 96.0
567 67.0
21 92.0
343 60.0
613 35.0
748 74.0
871 9.0
529 8.0
699 84.0
762 100.0
695 85.0
169 61.0
558 59.0
871 89.0
880 47.0
387 50.0
615 46.0
531 59.0
481 49.0
839 78.0
700 11.0
270 43.0
971 3.0
211 63.0
155 54.0
652 39.0
501 85.0
599 97.0
743 55.0
701 46.0
996 98.0
806 78.0
928 91.0
609 64.0
195 87.0
681 18.0
490 90.0
482 25.0
702 62.0
768 32.0
236 99.0
398 90.0
7 88.0
238 57.0
998 57.0
415 1.0
492 77.0
278 57.0
773 24.0
587 46.0
158 14.0
293 60.0
703 62.0
537 91.0
621 60.0
968 37.0
834 39.0
269 100.0
988 14.0
421 11.0
856 78.0
647 10.0
917 97.0
572 13.0
156 39.0
224 15.0
947 12.0
504 62.0
869 14.0
936 5.0
704 24.0
745 22.0
561 83.0
228 67.0
410 3.0
361 12.0
104 56.0
705 75.0
873 14.0
993 62.0
268 45.0
659 38.0
914 33.0
64 18.0
794 92.0
706 37.0
994 55.0
539 92.0
725 66.0
149 68.0
1000 8.0
734 81.0
197 16.0
518 65.0
452 32.0
707 18.0
697 58.0
201 31.0
647 25.0
338 47.0
769 100.0
972 5.0
271 2.0
308 63.0
431 47.0
452 29.0
958 7.0
708 66.0
97 69.0
773 84.0
803 32.0
994 44.0
458 93.0
593 5.0
821 82.0
739 41.0
330 57.0
989 3.0
709 57.0
349 88.0
352 82.0
173 73.0
590 46.0
32 91.0
999 57.0
461 4.0
710 82.0
428 82.0
917 37.0
681 26.0
980 83.0
958 73.0
550 27.0
884 45.0
660 1.0
432 54.0
400 41.0
696 75.0
148 42.0
711 15.0
220 75.0
577 41.0
560 100.0
609 85.0
196 69.0
108 60.0
715 66.0
372 80.0
712 84.0
722 59.0
158 74.0
351 24.0
453 65.0
599 23.0
31 69.0
471 19.0
985 46.0
246 78.0
747 84.0
713 46.0
789 46.0
205 20.0
931 46.0
298 78.0
167 36.0
454 14.0
267 50.0
772 81.0
261 68.0
509 31.0
958 100.0
273 80.0
714 76.0
192 99.0
359 70.0
703 94.0
784 95.0
593 21.0
287 6.0
952 72.0
196 85.0
504 39.0
715 43.0
528 14.0
605 42.0
678 18.0
507 38.0
58 86.0
724 15.0
980 47.0
882 95.0
340 58.0
975 66.0
880 79.0
716 27.0
748 12.0
255 46.0
105 9.0
290 55.0
383 50.0
808 96.0
979 39.0
162 47.0
622 30.0
592 46.0
717 68.0
172 97.0
425 82.0
626 66.0
184 80.0
946 90.0
51 64.0
805 63.0
539 51.0
589 75.0
965 75.0
682 50.0
633 90.0
900 75.0
733 31.0
718 40.0
576 18.0
274 30.0
739 61.0
334 72.0
615 79.0
954 57.0
239 48.0
300 6.0
75 42.0
785 24.0
136 94.0
719 57.0
574 19.0
809 19.0
272 94.0
117 89.0
344 14.0
448 8.0
884 3.0
720 38.0
285 56.0
620 95.0
645 72.0
841 16.0
77 19.0
28 68.0
164 79.0
357 1.0
464 90.0
981 9.0
757 37.0
725 26.0
721 97.0
732 27.0
111 53.0
940 42.0
312 15.0
368 13.0
589 25.0
722 66.0
89 91.0
107 51.0
338 24.0
976 79.0
426 94.0
828 22.0
307 55.0
553 35.0
347 8.0
303 71.0
723 25.0
393 61.0
440 16.0
71 13.0
260 18.0
81 70.0
249 97.0
111 99.0
523 83.0
855 15.0
826 78.0
482 94.0
517 7.0
724 54.0
871 6.0
261 68.0
364 71.0
187 86.0
28 26.0
674 88.0
895 74.0
314 72.0
935 71.0
725 59.0
199 49.0
929 46.0
734 77.0
901 61.0
461 9.0
846 4.0
726 80.0
328 12.0
160 48.0
135 49.0
249 51.0
238 23.0
183 84.0
977 49.0
501 89.0
91 20.0
445 87.0
359 19.0
727 5.0
761 16.0
159 96.0
404 95.0
416 77.0
379 3.0
239 43.0
475 42.0
837 1.0
762 66.0
728 85.0
629 66.0
808 95.0
26 95.0
588 9.0
495 73.0
231 69.0
718 8.0
764 26.0
729 74.0
454 86.0
218 29.0
70 52.0
356 12.0
917 97.0
511 29.0
855 20.0
870 98.0
93 13.0
730 2.0
378 36.0
518 43.0
554 73.0
850 23.0
184 38.0
722 88.0
224 88.0
929 83.0
572 35.0
195 3.0
271 84.0
304 78.0
592 83.0
731 87.0
158 70.0
623 39.0
77 90.0
379 45.0
262 29.0
500 88.0
450 81.0
591 82.0
572 80.0
60 72.0
286 3.0
732 56.0
595 59.0
236 22.0
886 98.0
822 16.0
939 30.0
338 69.0
711 49.0
963 10.0
412 45.0
220 30.0
633 86.0
733 25.0
404 69.0
904 94.0
742 74.0
322 2.0
95 8.0
61 49.0
734 19.0
34 7.0
729 26.0
171 52.0
88 53.0
309 37.0
620 83.0
440 2.0
621 88.0
74 3.0
735 54.0
363 11.0
177 60.0
433 36.0
982 28.0
819 84.0
335 59.0
761 43.0
990 62.0
841 95.0
972 49.0
354 67.0
626 50.0
1 2.0
631 19.0
191 22.0
736 38.0
419 29.0
213 35.0
707 68.0
557 35.0
441 100.0
173 77.0
737 69.0
722 4.0
454 90.0
103 49.0
345 79.0
336 34.0
33 2.0
738 22.0
839 8.0
255 10.0
288 52.0
756 55.0
318 91.0
567 44.0
175 13.0
57 15.0
486 99.0
739 37.0
714 88.0
501 78.0
891 13.0
505 76.0
424 3.0
742 18.0
151 17.0
817 30.0
644 40.0
282 90.0
740 48.0
746 32.0
383 28.0
281 50.0
237 38.0
757 38.0
235 66.0
682 92.0
490 82.0
832 82.0
636 49.0
151 94.0
741 98.0
560 1.0
887 85.0
181 21.0
240 60.0
83 71.0
598 52.0
57 94.0
788 7.0
126 2.0
9 25.0
742 6.0
514 74.0
131 77.0
526 83.0
890 89.0
886 96.0
766 49.0
550 11.0
494 59.0
18 52.0
725 36.0
50 16.0
661 47.0
587 18.0
743 88.0
416 83.0
598 56.0
977 22.0
892 45.0
978 37.0
523 50.0
433 94.0
99 47.0
472 98.0
744 82.0
641 16.0
643 46.0
546 40.0
777 91.0
680 60.0
286 6.0
721 95.0
732 77.0
191 10.0
335 90.0
87 10.0
796 41.0
499 74.0
145 60.0
204 93.0
745 2.0
813 37.0
191 38.0
823 12.0
169 69.0
746 24.0
335 66.0
293 52.0
75 67.0
813 69.0
730 49.0
918 77.0
76 74.0
677 32.0
925 50.0
761 55.0
58 29.0
852 38.0
747 87.0
198 13.0
885 88.0
549 87.0
485 77.0
387 75.0
913 65.0
460 54.0
126 12.0
776 16.0
619 7.0
166 81.0
287 50.0
416 87.0
740 78.0
258 14.0
663 36.0
25 81.0
12 71.0
748 96.0
643 41.0
323 94.0
208 33.0
253 99.0
618 92.0
718 68.0
967 29.0
741 36.0
395 74.0
275 11.0
634 39.0
16 33.0
657 55.0
751 23.0
749 19.0
154 87.0
735 66.0
356 14.0
249 36.0
627 15.0
907 10.0
939 84.0
210 65.0
750 72.0
831 42.0
142 54.0
698 79.0
358 42.0
90 51.0
27 42.0
369 49.0
817 13.0
356 91.0
644 40.0
550 50.0
860 21.0
739 78.0
961 45.0
825 79.0
751 58.0
293 42.0
210 81.0
265 34.0
818 31.0
740 16.0
376 44.0
412 31.0
660 17.0
974 97.0
269 99.0
712 51.0
752 43.0
18 18.0
891 89.0
947 86.0
228 31.0
671 99.0
799 9.0
238 3.0
572 52.0
753 37.0
265 91.0
847 74.0
996 34.0
879 84.0
938 43.0
76 49.0
711 6.0
445 51.0
699 65.0
333 88.0
620 62.0
791 37.0
754 99.0
683 100.0
294 39.0
899 85.0
309 82.0
787 18.0
614 97.0
909 30.0
755 4.0
851 9.0
879 91.0
407 93.0
804 50.0
358 95.0
303 55.0
263 62.0
298 87.0
756 93.0
660 7.0
667 20.0
740 90.0
50 38.0
562 43.0
519 18.0
941 59.0
309 99.0
65 55.0
5 54.0
839 39.0
960 77.0
767 5.0
33 54.0
757 12.0
34 74.0
952 45.0
888 89.0
376 16.0
290 15.0
729 83.0
690 99.0
68 9.0
104 11.0
339 32.0
25 61.0
349 47.0
375 23.0
131 85.0
758 94.0
256 76.0
121 10.0
169 85.0
493 96.0
849 64.0
899 50.0
852 45.0
49 71.0
537 58.0
888 96.0
759 2.0
354 57.0
657 18.0
715 50.0
726 24.0
494 77.0
823 6.0
276 5.0
710 81.0
234 18.0
806 6.0
760 94.0
835 92.0
549 27.0
187 24.0
153 94.0
761 36.0
380 60.0
841 47.0
179 82.0
54 34.0
367 36.0
823 42.0
454 27.0
166 11.0
923 30.0
713 16.0
100 74.0
762 89.0
271 43.0
208 96.0
697 41.0
672 94.0
377 11.0
4 80.0
452 21.0
424 26.0
300 96.0
539 73.0
763 36.0
524 58.0
297 16.0
950 23.0
455 51.0
922 24.0
804 46.0
431 77.0
72 87.0
41 15.0
764 1.0
9 97.0
95 50.0
167 19.0
35 11.0
137 28.0
984 58.0
546 76.0
465 13.0
765 73.0
960 21.0
928 17.0
178 96.0
389 16.0
359 15.0
921 70.0
988 38.0
523 48.0
142 90.0
670 66.0
901 45.0
766 77.0
982 85.0
27 56.0
430 18.0
398 78.0
147 91.0
866 65.0
631 66.0
21 15.0
695 57.0
780 66.0
594 71.0
728 67.0
185 56.0
199 12.0
864 10.0
986 70.0
868 66.0
767 32.0
755 80.0
516 81.0
741 8.0
663 16.0
396 42.0
424 44.0
564 32.0
218 56.0
918 87.0
768 77.0
443 47.0
197 78.0
781 76.0
784 92.0
735 79.0
907 6.0
678 36.0
599 50.0
116 67.0
769 19.0
334 35.0
829 25.0
96 21.0
838 86.0
524 14.0
998 10.0
126 19.0
739 15.0
202 25.0
131 27.0
988 57.0
508 50.0
355 44.0
350 12.0
147 95.0
770 42.0
557 28.0
874 3.0
7 53.0
346 68.0
318 97.0
954 82.0
325 55.0
619 21.0
464 11.0
771 64.0
982 60.0
410 74.0
76 39.0
760 75.0
303 49.0
167 44.0
798 14.0
275 79.0
994 11.0
647 33.0
639 35.0
961 24.0
375 53.0
448 19.0
264 62.0
772 79.0
94 28.0
268 29.0
555 82.0
692 12.0
148 99.0
415 2.0
773 70.0
622 75.0
504 15.0
620 88.0
185 79.0
191 21.0
1 51.0
465 78.0
569 78.0
484 33.0
132 18.0
216 53.0
774 91.0
410 63.0
766 29.0
453 92.0
606 1.0
378 53.0
684 24.0
925 75.0
831 93.0
47 90.0
812 26.0
775 44.0
424 25.0
16 80.0
526 67.0
116 40.0
498 17.0
176 3.0
38 33.0
861 41.0
955 36.0
600 44.0
776 65.0
601 77.0
984 16.0
521 42.0
697 91.0
407 10.0
198 73.0
171 82.0
10 29.0
1000 99.0
377 85.0
777 54.0
560 40.0
711 90.0
866 50.0
546 68.0
97 95.0
114 39.0
778 28.0
423 76.0
71 3.0
545 1.0
590 93.0
242 84.0
3 99.0
765 51.0
130 55.0
811 32.0
576 87.0
146 47.0
693 81.0
779 9.0
670 31.0
803 14.0
469 27.0
714 84.0
650 32.0
642 60.0
578 19.0
171 73.0
311 9.0
780 82.0
894 61.0
458 48.0
348 82.0
994 59.0
392 95.0
457 72.0
922 91.0
781 42.0
198 15.0
673 11.0
820 99.0
234 12.0
103 91.0
998 64.0
834 21.0
632 44.0
943 50.0
575 51.0
171 73.0
782 59.0
293 96.0
357 38.0
545 4.0
709 72.0
901 89.0
704 49.0
58 46.0
750 96.0
996 9.0
74 73.0
783 28.0
455 20.0
666 87.0
349 7.0
181 71.0
105 30.0
159 9.0
288 59.0
518 91.0
398 49.0
41 84.0
502 88.0
205 90.0
168 84.0
392 79.0
953 86.0
638 50.0
784 31.0
854 92.0
909 45.0
731 98.0
886 53.0
453 75.0
940 81.0
321 45.0
350 91.0
226 37.0
790 76.0
651 92.0
290 84.0
953 9.0
785 41.0
749 61.0
795 21.0
399 98.0
901 10.0
525 74.0
687 63.0
938 48.0
786 35.0
945 15.0
207 33.0
469 38.0
983 64.0
285 85.0
811 80.0
858 90.0
787 25.0
937 52.0
607 9.0
398 28.0
791 59.0
630 73.0
682 99.0
975 42.0
158 12.0
86 10.0
788 72.0
749 63.0
89 67.0
138 74.0
249 55.0
836 87.0
789 21.0
524 67.0
572 4.0
790 23.0
135 14.0
535 80.0
605 59.0
787 28.0
781 50.0
164 77.0
386 64.0
334 43.0
791 100.0
403 50.0
955 60.0
325 61.0
872 22.0
648 15.0
632 52.0
228 42.0
685 98.0
299 85.0
285 70.0
468 19.0
792 89.0
643 62.0
657 17.0
707 70.0
253 47.0
438 5.0
889 36.0
116 13.0
112 10.0
774 86.0
63 57.0
59 48.0
677 27.0
839 57.0
730 52.0
300 60.0
83 57.0
793 37.0
42 89.0
652 53.0
80 98.0
23 43.0
835 6.0
369 74.0
171 4.0
12 58.0
794 51.0
50 19.0
627 96.0
205 58.0
365 8.0
378 72.0
140 26.0
178 51.0
566 7.0
168 31.0
824 68.0
66 45.0
57 80.0
73 5.0
883 15.0
752 87.0
795 34.0
594 19.0
229 37.0
694 94.0
597 72.0
215 61.0
679 22.0
175 11.0
849 19.0
183 40.0
223 66.0
796 45.0
227 29.0
878 66.0
334 59.0
235 64.0
940 52.0
762 90.0
850 94.0
346 49.0
315 56.0
383 36.0
894 82.0
411 63.0
797 31.0
326 93.0
681 83.0
997 97.0
686 83.0
605 16.0
559 99.0
782 2.0
875 20.0
449 36.0
403 15.0
450 40.0
356 20.0
212 15.0
829 10.0
798 9.0
544 22.0
421 98.0
350 85.0
325 25.0
160 55.0
805 58.0
55 8.0
951 79.0
799 35.0
344 47.0
835 87.0
960 63.0
434 67.0
724 6.0
234 6.0
868 48.0
409 44.0
830 81.0
655 61.0
686 1.0
751 55.0
800 46.0
612 90.0
519 69.0
693 46.0
711 9.0
861 34.0
784 51.0
704 1.0
476 49.0
281 67.0
673 57.0
801 97.0
912 3.0
139 95.0
70 98.0
494 63.0
130 93.0
499 22.0
786 22.0
802 42.0
856 16.0
572 23.0
874 6.0
963 54.0
166 6.0
567 41.0
472 97.0
484 65.0
803 60.0
294 61.0
710 44.0
123 75.0
162 31.0
896 65.0
72 81.0
63 19.0
489 28.0
113 40.0
506 53.0
765 5.0
806 96.0
574 73.0
804 20.0
363 42.0
40 77.0
552 60.0
813 81.0
161 53.0
318 18.0
890 42.0
448 33.0
768 50.0
463 67.0
366 20.0
829 72.0
876 12.0
805 42.0
312 29.0
850 65.0
338 9.0
615 8.0
191 60.0
59 36.0
806 30.0
80 55.0
796 15.0
586 2.0
524 34.0
898 91.0
523 42.0
273 81.0
220 16.0
575 73.0
544 98.0
262 62.0
812 24.0
564 23.0
64 23.0
807 3.0
558 71.0
834 41.0
927 66.0
698 36.0
983 43.0
76 42.0
415 75.0
632 85.0
10 77.0
159 6.0
307 82.0
746 54.0
736 92.0
813 37.0
965 96.0
808 47.0
305 61.0
131 85.0
382 4.0
29 39.0
744 12.0
463 54.0
989 80.0
721 44.0
674 27.0
809 45.0
407 24.0
562 70.0
997 91.0
705 89.0
798 50.0
160 64.0
327 21.0
753 51.0
732 55.0
203 72.0
112 86.0
781 10.0
310 65.0
690 24.0
306 32.0
810 78.0
483 11.0
104 16.0
502 55.0
471 11.0
811 87.0
425 24.0
961 90.0
503 22.0
221 28.0
767 44.0
905 52.0
812 93.0
552 5.0
318 51.0
870 77.0
111 36.0
701 16.0
355 86.0
868 78.0
717 94.0
349 50.0
813 46.0
398 21.0
180 42.0
686 28.0
219 3.0
32 70.0
480 65.0
89 99.0
677 43.0
814 100.0
557 66.0
495 48.0
485 51.0
339 31.0
957 76.0
871 19.0
764 80.0
992 10.0
404 20.0
67 77.0
498 68.0
87 80.0
75 87.0
564 87.0
124 40.0
410 45.0
829 57.0
815 39.0
298 6.0
139 52.0
733 91.0
305 14.0
515 15.0
109 53.0
392 16.0
388 61.0
237 2.0
475 61.0
176 10.0
129 35.0
816 4.0
116 40.0
26 23.0
648 22.0
548 50.0
343 95.0
176 60.0
423 57.0
249 99.0
377 100000.0
108 65.0
980 47.0
296 1.0
195 48.0
779 41.0
782 20.0
817 23.0
970 32.0
708 51.0
187 80.0
454 30.0
836 6.0
256 82.0
870 64.0
962 13.0
926 96.0
637 96.0
480 27.0
818 72.0
184 47.0
203 31.0
906 93.0
699 24.0
288 71.0
928 69.0
255 24.0
379 11.0
292 5.0
917 22.0
30 77.0
456 94.0
819 82.0
703 4.0
584 18.0
534 97.0
164 41.0
820 59.0
296 6.0
129 17.0
354 66.0
360 51.0
573 39.0
114 8.0
832 27.0
451 75.0
899 82.0
702 57.0
821 67.0
150 14.0
172 40.0
421 11.0
141 78.0
451 35.0
937 15.0
896 76.0
760 17.0
419 24.0
822 40.0
309 51.0
533 35.0
957 74.0
640 85.0
53 11.0
132 70.0
6 27.0
365 50.0
116 83.0
11 17.0
41 32.0
972 9.0
91 31.0
729 5.0
925 40.0
823 60.0
263 43.0
208 68.0
831 87.0
852 72.0
197 44.0
240 34.0
39 11.0
540 97.0
785 62.0
449 43.0
824 32.0
949 3.0
730 27.0
981 61.0
369 32.0
582 14.0
719 91.0
35 88.0
655 88.0
825 71.0
141 20.0
506 77.0
129 86.0
98 61.0
377 11.0
893 79.0
493 60.0
473 59.0
547 96.0
232 87.0
276 24.0
826 84.0
663 40.0
236 41.0
23 39.0
950 68.0
87 68.0
665 90.0
426 23.0
116 13.0
184 92.0
827 56.0
847 31.0
135 4.0
284 75.0
995 53.0
789 99.0
873 24.0
768 13.0
970 61.0
828 29.0
466 86.0
223 69.0
440 99.0
375 55.0
628 56.0
677 93.0
602 10.0
803 97.0
829 82.0
475 75.0
625 91.0
464 36.0
195 94.0
579 84.0
385 69.0
830 56.0
617 47.0
128 93.0
134 65.0
250 7.0
499 78.0
991 81.0
593 14.0
71 68.0
730 6.0
538 83.0
473 63.0
121 3.0
675 49.0
201 40.0
478 72.0
668 56.0
551 34.0
650 97.0
831 20.0
172 78.0
194 31.0
113 85.0
682 62.0
911 96.0
858 66.0
685 48.0
110 52.0
952 85.0
361 52.0
899 86.0
297 22.0
832 56.0
949 31.0
792 65.0
498 60.0
548 96.0
602 57.0
684 50.0
708 77.0
283 15.0
833 10.0
687 13.0
333 18.0
487 88.0
727 47.0
586 81.0
977 57.0
720 24.0
382 3.0
583 38.0
974 45.0
523 5.0
764 17.0
681 35.0
155 10.0
157 30.0
297 74.0
271 61.0
834 62.0
929 47.0
442 68.0
865 63.0
456 82.0
437 14.0
962 11.0
862 44.0
645 7.0
77 14.0
772 52.0
835 10.0
179 76.0
13 87.0
582 89.0
716 14.0
583 1.0
653 47.0
416 79.0
578 35.0
817 7.0
814 92.0
884 82.0
58 62.0
836 46.0
643 57.0
980 77.0
195 64.0
313 95.0
373 55.0
940 92.0
762 29.0
369 88.0
558 39.0
837 24.0
401 21.0
362 36.0
3 17.0
575 18.0
838 68.0
752 83.0
470 100.0
567 83.0
265 35.0
736 29.0
839 94.0
351 30.0
54 77.0
683 19.0
906 26.0
102 56.0
792 65.0
598 62.0
914 70.0
840 32.0
527 91.0
914 4.0
942 66.0
599 40.0
427 40.0
793 43.0
920 94.0
841 42.0
90 90.0
414 21.0
15 12.0
821 14.0
149 39.0
495 77.0
248 46.0
660 36.0
842 43.0
125 60.0
48 71.0
673 96.0
608 99.0
3 40.0
992 68.0
658 11.0
132 74.0
472 94.0
379 51.0
843 86.0
942 40.0
830 95.0
206 88.0
466 16.0
130 81.0
655 77.0
426 41.0
624 41.0
287 35.0
269 8.0
420 39.0
388 25.0
553 58.0
844 38.0
148 76.0
921 24.0
500 89.0
92 30.0
890 69.0
853 26.0
425 68.0
214 4.0
892 98.0
845 46.0
638 64.0
376 20.0
249 27.0
78 1.0
684 48.0
186 55.0
738 94.0
709 44.0
256 26.0
814 5.0
846 76.0
349 98.0
952 55.0
192 9.0
576 10.0
390 99.0
617 33.0
885 2.0
847 97.0
961 90.0
758 58.0
656 94.0
926 43.0
480 88.0
47 4.0
530 75.0
123 38.0
744 99.0
848 7.0
215 70.0
394 23.0
174 99.0
566 61.0
887 45.0
276 55.0
469 74.0
977 47.0
759 23.0
454 56.0
560 19.0
18 63.0
607 13.0
938 31.0
849 70.0
564 90.0
7 5.0
283 60.0
373 47.0
993 87.0
479 74.0
463 92.0
78 59.0
642 31.0
84 33.0
850 43.0
271 9.0
92 64.0
43 92.0
12 63.0
663 84.0
532 18.0
368 64.0
492 98.0
662 70.0
851 14.0
845 61.0
395 87.0
959 64.0
17 41.0
543 10.0
657 9.0
930 81.0
852 68.0
401 67.0
494 36.0
65 41.0
765 17.0
843 37.0
335 73.0
70 11.0
147 24.0
823 77.0
867 19.0
853 10.0
251 21.0
309 23.0
791 99.0
635 91.0
204 97.0
470 31.0
584 39.0
159 24.0
996 61.0
835 33.0
961 69.0
854 98.0
834 47.0
822 64.0
295 31.0
431 86.0
118 78.0
983 37.0
616 90.0
855 11.0
372 34.0
534 29.0
220 69.0
904 24.0
457 100.0
245 41.0
519 39.0
572 97.0
692 87.0
262 10.0
919 60.0
637 61.0
581 19.0
1 31.0
856 30.0
398 27.0
188 84.0
822 82.0
963 51.0
68 1.0
239 51.0
696 99.0
53 81.0
686 43.0
857 33.0
293 35.0
489 39.0
280 55.0
991 48.0
677 80.0
425 82.0
935 2.0
197 34.0
858 77.0
884 7.0
290 24.0
673 66.0
605 87.0
951 45.0
104 43.0
997 4.0
259 35.0
445 99.0
859 40.0
464 49.0
611 24.0
248 74.0
741 17.0
80 52.0
560 86.0
951 61.0
723 82.0
860 34.0
405 64.0
821 87.0
164 94.0
832 20.0
728 4.0
60 82.0
519 40.0
243 45.0
364 69.0
861 71.0
922 89.0
741 12.0
200 45.0
529 51.0
839 31.0
769 42.0
570 54.0
10 85.0
947 94.0
537 2.0
604 95.0
281 70.0
717 77.0
221 22.0
862 49.0
306 37.0
689 64.0
52 21.0
227 56.0
411 64.0
566 37.0
577 9.0
356 83.0
379 44.0
163 59.0
768 63.0
253 80.0
537 5.0
475 65.0
863 65.0
930 72.0
247 61.0
542 24.0
868 53.0
415 67.0
347 52.0
864 96.0
690 70.0
637 13.0
664 72.0
41 84.0
356 57.0
438 47.0
816 54.0
125 99.0
525 72.0
865 6.0
670 81.0
196 15.0
977 79.0
831 45.0
419 42.0
170 67.0
308 7.0
954 15.0
133 52.0
509 66.0
866 31.0
228 64.0
554 3.0
183 72.0
579 93.0
926 43.0
345 83.0
867 40.0
991 29.0
896 40.0
479 27.0
880 92.0
394 74.0
556 4.0
758 100.0
412 42.0
162 83.0
448 69.0
167 14.0
53 100.0
401 100.0
818 84.0
31 57.0
868 68.0
728 37.0
855 82.0
181 82.0
219 73.0
726 40.0
276 91.0
154 25.0
560 22.0
458 9.0
269 30.0
511 80.0
7 51.0
952 59.0
719 74.0
869 86.0
947 26.0
296 25.0
708 40.0
892 56.0
991 97.0
276 65.0
942 79.0
684 80.0
183 72.0
178 56.0
640 5.0
323 96.0
390 74.0
103 6.0
204 74.0
870 16.0
854 61.0
919 92.0
879 67.0
331 75.0
531 14.0
788 78.0
369 100.0
89 61.0
803 63.0
706 53.0
701 9.0
59 65.0
496 41.0
106 15.0
871 45.0
234 57.0
88 10.0
89 70.0
277 40.0
77 34.0
904 86.0
383 2.0
909 9.0
262 84.0
694 12.0
200 6.0
169 45.0
241 29.0
865 34.0
759 76.0
872 76.0
896 64.0
138 83.0
522 30.0
39 28.0
644 11.0
341 15.0
501 65.0
731 72.0
34 88.0
564 85.0
429 89.0
873 11.0
489 4.0
897 90.0
193 42.0
176 38.0
933 42.0
950 8.0
792 4.0
994 51.0
874 36.0
497 67.0
779 1.0
39 20.0
914 47.0
704 84.0
875 42.0
509 27.0
108 22.0
714 41.0
190 99.0
77 27.0
216 97.0
876 60.0
242 25.0
215 18.0
317 87.0
364 34.0
345 20.0
313 27.0
137 86.0
584 41.0
362 19.0
190 76.0
877 82.0
974 16.0
388 1.0
84 88.0
163 75.0
157 76.0
482 94.0
194 6.0
119 74.0
534 43.0
858 46.0
878 24.0
691 68.0
502 56.0
967 94.0
5 73.0
879 57.0
550 96.0
664 2.0
879 98.0
732 42.0
937 95.0
444 35.0
766 79.0
945 35.0
953 87.0
506 50.0
457 95.0
228 88.0
622 94.0
634 28.0
523 48.0
880 54.0
588 96.0
812 95.0
952 2.0
770 52.0
846 39.0
217 33.0
417 5.0
511 24.0
881 37.0
844 49.0
557 58.0
644 38.0
496 5.0
899 6.0
576 45.0
713 44.0
760 40.0
271 19.0
336 61.0
882 49.0
783 86.0
911 89.0
500 96.0
664 3.0
280 17.0
187 67.0
833 17.0
883 45.0
374 64.0
597 36.0
846 50.0
272 89.0
271 27.0
880 11.0
133 51.0
24 63.0
884 58.0
434 66.0
954 47.0
949 5.0
181 34.0
41 84.0
655 34.0
944 72.0
885 21.0
196 25.0
244 16.0
290 13.0
171 14.0
172 92.0
356 51.0
94 94.0
490 14.0
886 73.0
839 81.0
986 54.0
870 66.0
534 57.0
154 87.0
850 60.0
940 40.0
304 70.0
517 35.0
53 74.0
472 9.0
120 51.0
434 20.0
887 6.0
441 37.0
465 66.0
94 62.0
299 100.0
295 27.0
137 85.0
508 90.0
986 51.0
952 17.0
703 22.0
888 21.0
10 93.0
864 94.0
616 31.0
476 54.0
169 6.0
213 21.0
289 66.0
536 64.0
287 25.0
736 35.0
889 57.0
852 71.0
148 47.0
52 47.0
692 40.0
875 9.0
371 74.0
176 100.0
890 74.0
646 4.0
866 12.0
865 97.0
300 84.0
660 90.0
699 74.0
891 62.0
892 36.0
354 15.0
758 15.0
607 77.0
812 19.0
245 5.0
892 87.0
932 13.0
199 1.0
940 84.0
458 50.0
611 63.0
109 18.0
994 69.0
499 53.0
81 9.0
572 41.0
653 89.0
194 50.0
926 42.0
893 89.0
501 81.0
691 17.0
711 66.0
22 33.0
584 76.0
186 83.0
111 64.0
781 16.0
743 71.0
622 22.0
369 55.0
794 38.0
983 75.0
770 36.0
907 57.0
980 26.0
930 35.0
240 77.0
575 51.0
894 53.0
459 45.0
264 14.0
103 59.0
603 75.0
248 77.0
268 12.0
14 48.0
252 51.0
395 55.0
596 10.0
545 39.0
910 31.0
895 66.0
459 44.0
500 70.0
700 21.0
899 58.0
507 79.0
630 67.0
896 32.0
339 64.0
840 56.0
671 89.0
871 38.0
258 59.0
902 81.0
897 21.0
616 31.0
438 60.0
480 61.0
274 73.0
10 11.0
530 59.0
162 28.0
424 21.0
279 82.0
457 34.0
856 49.0
898 36.0
458 10.0
695 10.0
510 31.0
624 99.0
540 33.0
361 40.0
276 84.0
812 100.0
899 42.0
237 44.0
566 82.0
105 50.0
660 64.0
526 13.0
877 21.0
467 12.0
612 21.0
988 22.0
246 43.0
661 92.0
900 4.0
589 39.0
343 53.0
712 77.0
980 29.0
156 87.0
879 35.0
703 62.0
311 82.0
174 19.0
401 22.0
158 45.0
954 43.0
577 86.0
974 35.0
167 65.0
901 69.0
663 88.0
749 76.0
788 89.0
507 56.0
801 79.0
812 69.0
796 10.0
838 51.0
863 58.0
428 99.0
201 97.0
710 49.0
524 57.0
902 55.0
658 32.0
273 48.0
331 45.0
869 32.0
280 51.0
286 11.0
968 76.0
799 90.0
320 95.0
74 23.0
34 28.0
741 19.0
228 35.0
500 51.0
903 76.0
127 1.0
33 47.0
549 74.0
948 62.0
640 45.0
200 15.0
139 34.0
272 7.0
720 10.0
248 66.0
904 67.0
339 67.0
914 67.0
334 98.0
577 21.0
609 51.0
905 70.0
524 5.0
849 12.0
134 68.0
380 26.0
507 18.0
295 89.0
336 91.0
641 41.0
87 93.0
906 51.0
172 52.0
268 13.0
939 2.0
576 65.0
519 89.0
331 92.0
341 78.0
192 21.0
50 6.0
145 24.0
852 39.0
847 73.0
159 54.0
907 67.0
514 38.0
534 61.0
15 17.0
651 70.0
784 2.0
520 26.0
141 88.0
919 44.0
366 29.0
213 83.0
158 69.0
556 97.0
908 7.0
590 99.0
563 92.0
970 29.0
126 50.0
738 50.0
809 69.0
668 27.0
806 75.0
207 100.0
944 68.0
275 59.0
210 83.0
106 88.0
585 53.0
795 47.0
525 100.0
909 89.0
450 65.0
172 61.0
263 15.0
668 56.0
301 82.0
910 92.0
464 37.0
983 64.0
627 90.0
401 75.0
290 79.0
4 71.0
632 86.0
197 92.0
414 57.0
911 59.0
917 17.0
955 74.0
567 100.0
861 30.0
240 49.0
411 21.0
547 95.0
612 88.0
577 84.0
912 67.0
895 5.0
836 70.0
18 25.0
27 32.0
807 60.0
76 13.0
811 14.0
170 40.0
913 58.0
515 2.0
510 50.0
425 12.0
800 86.0
917 78.0
626 36.0
10 50.0
413 29.0
858 4.0
914 85.0
680 50.0
238 25.0
620 99.0
300 59.0
117 9.0
577 44.0
650 65.0
195 77.0
324 32.0
915 28.0
473 64.0
257 38.0
613 82.0
753 20.0
464 52.0
373 86.0
680 42.0
69 75.0
916 26.0
972 59.0
414 43.0
559 74.0
7 100.0
917 66.0
132 82.0
758 46.0
83 8.0
621 92.0
696 99.0
204 42.0
810 84.0
81 83.0
334 34.0
279 73.0
923 84.0
839 73.0
918 71.0
640 97.0
469 84.0
477 85.0
666 11.0
426 46.0
564 89.0
682 97.0
479 27.0
869 84.0
250 60.0
285 1.0
263 56.0
286 72.0
388 8.0
919 69.0
675 10.0
818 82.0
667 36.0
258 27.0
603 61.0
845 49.0
817 21.0
365 73.0
863 46.0
969 14.0
403 58.0
920 35.0
567 53.0
667 50.0
882 100.0
983 27.0
369 9.0
155 94.0
202 79.0
593 89.0
195 90.0
731 94.0
561 33.0
625 6.0
921 87.0
482 61.0
675 32.0
885 74.0
859 53.0
57 63.0
97 95.0
289 36.0
493 61.0
84 26.0
76 53.0
210 47.0
922 86.0
853 8.0
428 59.0
647 31.0
36 4.0
883 36.0
108 65.0
253 17.0
419 51.0
996 4.0
923 1.0
370 46.0
915 76.0
898 82.0
554 30.0
242 39.0
366 75.0
247 37.0
525 58.0
324 60.0
561 86.0
385 57.0
448 80.0
924 76.0
691 44.0
186 55.0
52 51.0
302 71.0
882 73.0
124 79.0
152 30.0
925 100.0
212 23.0
923 92.0
84 32.0
334 92.0
464 9.0
111 31.0
199 48.0
638 39.0
677 77.0
379 6.0
926 60.0
228 88.0
838 10.0
523 83.0
603 81.0
793 36.0
570 2.0
859 65.0
826 60.0
807 55.0
927 61.0
744 13.0
925 89.0
73 65.0
192 87.0
227 19.0
277 18.0
93 15.0
290 33.0
640 21.0
272 57.0
554 3.0
597 72.0
24 58.0
928 10.0
222 23.0
635 45.0
981 5.0
295 24.0
159 72.0
735 37.0
585 34.0
730 16.0
631 70.0
27 24.0
783 88.0
255 44.0
929 95.0
365 36.0
714 21.0
638 23.0
489 89.0
949 16.0
306 87.0
672 63.0
879 42.0
649 94.0
32 89.0
873 51.0
208 77.0
930 27.0
84 46.0
199 29.0
933 79.0
541 13.0
515 39.0
160 97.0
213 95.0
101 57.0
363 15.0
931 61.0
22 69.0
125 10.0
360 4.0
932 25.0
609 90.0
763 71.0
986 28.0
704 99.0
415 54.0
968 71.0
715 28.0
258 38.0
677 41.0
933 44.0
728 67.0
12 87.0
941 10.0
355 23.0
60 83.0
792 66.0
645 80.0
739 31.0
207 26.0
489 37.0
287 79.0
689 26.0
319 67.0
205 38.0
480 89.0
380 35.0
934 65.0
782 7.0
398 44.0
661 55.0
444 82.0
504 67.0
378 74.0
553 99.0
935 35.0
430 42.0
578 37.0
783 8.0
337 12.0
676 55.0
535 59.0
593 33.0
498 24.0
447 1.0
669 17.0
211 70.0
457 51.0
644 86.0
193 41.0
203 73.0
936 70.0
575 59.0
528 14.0
823 37.0
341 1.0
131 98.0
658 26.0
764 32.0
204 71.0
937 60.0
549 52.0
439 25.0
27 98.0
982 92.0
337 42.0
657 53.0
693 64.0
726 41.0
41 55.0
870 34.0
126 96.0
467 11.0
938 52.0
728 63.0
625 17.0
688 91.0
536 92.0
222 14.0
196 91.0
423 13.0
84 44.0
939 66.0
68 88.0
696 46.0
978 56.0
612 75.0
268 32.0
230 9.0
986 67.0
406 34.0
410 83.0
102 37.0
804 71.0
940 97.0
545 34.0
59 14.0
142 77.0
997 50.0
222 99.0
261 69.0
317 3.0
837 55.0
998 85.0
532 92.0
364 39.0
140 87.0
637 60.0
601 15.0
941 13.0
475 88.0
458 11.0
923 15.0
51 39.0
247 93.0
290 65.0
942 11.0
259 59.0
845 11.0
926 69.0
552 23.0
575 60.0
163 36.0
429 36.0
147 24.0
603 82.0
248 33.0
324 37.0
943 17.0
873 74.0
519 23.0
162 1.0
419 73.0
821 3.0
481 62.0
333 82.0
590 96.0
475 76.0
944 34.0
296 27.0
893 72.0
942 21.0
442 79.0
71 25.0
498 73.0
75 94.0
64 85.0
945 95.0
81 84.0
577 81.0
409 48.0
517 54.0
737 78.0
494 99.0
472 97.0
244 72.0
392 13.0
911 3.0
451 28.0
946 47.0
147 96.0
769 90.0
937 52.0
656 25.0
610 21.0
75 33.0
452 68.0
472 50.0
710 97.0
351 88.0
568 31.0
947 55.0
757 20.0
389 91.0
385 63.0
337 90.0
948 23.0
392 36.0
723 98.0
210 25.0
575 46.0
99 60.0
583 7.0
358 88.0
671 27.0
408 28.0
839 98.0
614 16.0
840 55.0
997 2.0
141 9.0
176 36.0
297 15.0
949 96.0
521 56.0
235 90.0
637 50.0
762 26.0
471 40.0
507 30.0
457 30.0
906 27.0
239 35.0
725 42.0
325 24.0
950 73.0
95 83.0
776 26.0
793 60.0
258 22.0
432 79.0
287 63.0
415 33.0
185 48.0
8 5.0
473 31.0
598 64.0
456 34.0
952 31.0
951 4.0
609 30.0
744 38.0
564 94.0
694 13.0
191 93.0
292 55.0
127 38.0
697 36.0
892 28.0
952 87.0
596 61.0
759 26.0
232 93.0
288 23.0
163 31.0
310 18.0
487 75.0
572 92.0
225 80.0
953 35.0
198 78.0
724 5.0
115 53.0
478 19.0
147 69.0
16 36.0
726 57.0
152 32.0
57 21.0
239 66.0
53 18.0
151 34.0
954 90.0
849 77.0
955 34.0
659 47.0
947 33.0
1 36.0
766 39.0
886 57.0
955 73.0
398 74.0
339 14.0
375 38.0
230 53.0
400 16.0
349 66.0
609 27.0
956 37.0
919 59.0
466 93.0
729 16.0
306 37.0
890 55.0
86 51.0
823 15.0
742 98.0
957 2.0
100 13.0
738 46.0
259 90.0
110 81.0
948 67.0
671 54.0
525 59.0
258 82.0
546 46.0
633 34.0
521 15.0
711 40.0
107 19.0
497 12.0
958 89.0
655 52.0
614 9.0
712 21.0
431 35.0
841 17.0
846 97.0
390 59.0
959 61.0
975 24.0
378 9.0
24 46.0
845 32.0
13 94.0
393 26.0
674 12.0
480 54.0
61 50.0
221 15.0
86 21.0
960 31.0
210 70.0
908 32.0
394 68.0
235 63.0
594 31.0
156 37.0
745 61.0
200 21.0
430 63.0
42 84.0
961 59.0
777 11.0
189 25.0
650 17.0
827 31.0
906 32.0
282 8.0
707 12.0
756 79.0
232 70.0
421 94.0
73 58.0
962 7.0
577 29.0
216 84.0
878 94.0
966 99.0
795 51.0
334 96.0
32 21.0
782 71.0
963 21.0
92 45.0
457 17.0
663 82.0
154 21.0
358 38.0
379 58.0
562 65.0
950 2.0
964 80.0
439 68.0
259 44.0
828 9.0
548 100.0
965 45.0
837 14.0
350 83.0
896 59.0
346 44.0
831 32.0
859 19.0
718 46.0
457 14.0
947 18.0
966 76.0
630 43.0
144 33.0
974 72.0
177 4.0
496 95.0
243 89.0
234 86.0
914 96.0
264 98.0
753 88.0
106 77.0
967 28.0
237 98.0
643 18.0
162 4.0
575 82.0
968 70.0
823 16.0
473 96.0
241 74.0
408 80.0
573 3.0
699 53.0
193 30.0
344 73.0
968 66.0
687 7.0
384 87.0
248 87.0
835 12.0
707 45.0
93 87.0
597 82.0
377 75.0
969 39.0
781 20.0
262 90.0
876 81.0
585 29.0
342 48.0
283 66.0
848 71.0
587 91.0
970 77.0
90 24.0
216 4.0
963 29.0
354 11.0
57 87.0
791 46.0
474 38.0
400 43.0
869 57.0
53 57.0
189 46.0
574 73.0
902 21.0
849 59.0
971 20.0
190 81.0
840 39.0
452 6.0
666 89.0
766 70.0
663 4.0
559 70.0
196 68.0
637 42.0
972 37.0
631 66.0
536 30.0
843 75.0
90 79.0
355 16.0
146 74.0
789 78.0
858 92.0
309 58.0
326 3.0
671 2.0
679 13.0
12 69.0
973 96.0
166 5.0
836 89.0
53 2.0
962 37.0
454 99.0
673 93.0
718 69.0
21 78.0
266 73.0
974 50.0
489 21.0
545 65.0
978 82.0
656 73.0
534 23.0
439 69.0
627 70.0
756 35.0
134 20.0
975 62.0
541 90.0
751 43.0
276 28.0
655 33.0
639 49.0
247 85.0
284 57.0
88 44.0
335 88.0
979 91.0
105 86.0
390 86.0
384 27.0
145 34.0
884 15.0
548 46.0
30 56.0
976 62.0
549 60.0
813 82.0
584 6.0
139 66.0
317 96.0
812 65.0
313 95.0
843 35.0
370 86.0
387 24.0
848 44.0
977 66.0
739 82.0
370 22.0
725 75.0
700 37.0
352 11.0
753 1.0
914 31.0
981 18.0
720 47.0
756 62.0
978 38.0
31 9.0
680 47.0
19 7.0
290 44.0
212 20.0
44 80.0
988 90.0
749 40.0
724 48.0
979 54.0
120 13.0
38 53.0
167 78.0
625 97.0
43 29.0
47 88.0
179 51.0
927 44.0
980 65.0
450 52.0
742 78.0
426 30.0
932 6.0
439 62.0
177 34.0
425 17.0
904 56.0
847 9.0
981 58.0
17 95.0
714 39.0
933 91.0
897 69.0
346 12.0
250 91.0
941 5.0
903 100000.0
825 58.0
269 71.0
729 18.0
982 59.0
119 45.0
487 39.0
558 13.0
230 10.0
15 41.0
211 21.0
776 30.0
605 19.0
404 72.0
154 11.0
249 99.0
983 33.0
889 9.0
862 75.0
434 37.0
410 64.0
220 60.0
940 43.0
103 77.0
586 98.0
451 49.0
984 73.0
50 76.0
104 93.0
105 83.0
760 44.0
393 85.0
944 59.0
985 94.0
44 19.0
997 42.0
772 67.0
192 60.0
786 11.0
766 27.0
331 36.0
39 77.0
996 22.0
857 47.0
734 79.0
645 22.0
986 39.0
956 62.0
896 79.0
748 68.0
452 73.0
305 50.0
348 72.0
10 67.0
226 95.0
15 81.0
207 49.0
548 43.0
644 34.0
186 40.0
171 83.0
409 10.0
987 53.0
777 63.0
303 62.0
493 74.0
516 16.0
239 64.0
126 18.0
364 84.0
459 97.0
151 51.0
90 94.0
757 67.0
988 58.0
639 86.0
21 3.0
784 34.0
904 3.0
629 86.0
8 38.0
333 13.0
503 83.0
662 83.0
625 69.0
697 35.0
840 33.0
989 89.0
483 84.0
697 16.0
892 25.0
985 6.0
928 69.0
558 38.0
990 88.0
224 90.0
18 95.0
6 15.0
34 39.0
944 41.0
422 26.0
671 19.0
296 35.0
273 69.0
166 28.0
431 7.0
957 56.0
991 37.0
968 97.0
422 68.0
532 85.0
692 91.0
64 70.0
982 79.0
907 25.0
638 14.0
645 26.0
992 42.0
328 40.0
799 81.0
962 89.0
203 22.0
914 83.0
932 60.0
400 52.0
993 93.0
117 17.0
449 89.0
792 52.0
994 97.0
907 77.0
78 76.0
576 40.0
691 50.0
860 5.0
7 86.0
387 53.0
821 6.0
95 37.0
632 58.0
995 64.0
366 78.0
1 50.0
763 25.0
12 89.0
277 55.0
477 80.0
713 74.0
837 82.0
654 3.0
873 67.0
996 2.0
554 56.0
655 81.0
26 91.0
243 30.0
78 54.0
991 97.0
57 32.0
215 30.0
170 81.0
632 80.0
147 1.0
876 29.0
218 29.0
997 56.0
238 65.0
100 44.0
681 8.0
935 89.0
47 1.0
420 100.0
258 22.0
143 73.0
998 90.0
859 82.0
589 42.0
339 80.0
462 29.0
965 40.0
19 54.0
248 10.0
35 43.0
621 55.0
52 93.0
320 1.0
521 56.0
761 83.0
999 10.0
979 81.0
870 67.0
10 57.0
269 11.0
350 14.0
314 73.0
305 34.0
993 87.0
169 43.0
440 99.0
386 91.0
1000 32.0
283 61.0
177 16.0
425 27.0
692 31.0
324 46.0
127 62.0
69 15.0
145 19.0
175 7.0
882 11.0
344 31.0
205 33.0
695 87.0
164 19.0
32 67.0
340
903
1 340
1 633
1 815
1 377
1 23
1 980
1 903
