1000 10989 0  0 22
10
9
14
12
14
12
9
5
15
11
11
9
16
9
12
11
19
17
14
12
9
10
13
15
13
9
8
12
11
12
12
12
10
15
9
14
19
14
11
10
10
10
15
10
7
11
7
10
10
7
14
11
14
9
8
9
15
13
10
10
12
13
12
7
10
2
7
8
7
12
14
7
8
14
8
9
14
13
16
15
10
9
12
16
11
12
7
5
10
14
12
7
12
17
7
16
16
12
7
7
11
15
4
18
7
13
11
10
13
11
13
19
15
16
16
13
14
5
13
14
8
12
13
12
9
8
11
18
16
15
16
9
10
10
12
9
21
10
8
13
13
11
12
6
4
20
13
13
10
6
12
10
7
8
10
10
13
10
16
16
16
3
11
9
10
17
12
12
11
9
15
11
4
9
11
14
12
13
6
15
14
7
9
8
16
15
14
12
15
9
10
14
11
7
7
13
11
10
12
11
11
13
12
16
12
18
10
10
11
8
14
5
13
7
17
12
13
14
7
17
9
14
12
8
8
13
12
13
12
13
11
14
4
9
7
5
11
11
9
13
7
14
14
11
8
14
10
14
8
13
12
10
12
7
9
9
12
8
10
7
9
16
14
15
10
10
7
10
16
9
11
6
9
10
7
16
14
14
8
14
16
10
6
10
15
14
10
11
7
11
11
13
5
13
6
11
12
8
10
12
15
12
13
19
9
10
12
18
18
15
12
7
16
15
11
13
14
13
15
9
12
11
11
10
15
15
12
13
18
10
11
10
7
11
15
9
8
14
14
13
7
10
12
13
10
6
7
14
8
10
10
10
14
8
12
13
12
12
18
15
11
9
7
9
11
11
11
18
10
13
8
9
14
8
7
8
11
16
16
13
12
5
8
6
15
12
8
6
13
13
8
12
14
15
11
12
13
7
7
12
9
11
10
9
10
9
13
9
14
8
9
7
9
5
12
14
10
9
7
15
7
13
7
9
9
11
16
9
13
18
11
12
9
10
14
10
11
3
15
15
8
12
5
9
8
16
10
10
15
14
10
11
10
12
4
11
13
12
13
8
16
12
8
8
12
6
10
11
15
6
11
7
10
7
12
8
11
13
12
9
16
8
12
8
14
8
13
10
8
15
10
11
6
9
15
8
17
12
16
9
12
5
11
12
13
10
10
12
15
12
10
10
15
9
9
8
14
15
12
6
11
12
5
16
8
10
10
14
9
13
8
11
14
16
13
7
10
16
18
13
12
11
12
6
14
14
13
14
7
10
12
12
8
15
13
9
7
11
9
7
14
12
9
11
9
7
14
15
11
11
16
11
7
13
10
4
7
10
11
9
7
8
10
14
8
6
11
14
11
17
12
11
6
14
4
10
15
14
11
8
9
10
12
18
11
11
7
11
9
8
4
12
14
8
16
14
10
13
16
10
16
15
14
5
9
8
6
9
13
13
12
10
13
12
12
10
11
11
14
8
8
15
10
11
12
14
10
11
10
13
15
2
11
7
12
5
9
13
7
8
13
12
11
9
9
9
12
13
6
12
7
18
10
8
13
12
9
9
12
11
13
13
8
9
10
12
12
13
11
6
11
13
13
7
9
4
8
13
9
15
12
12
10
7
8
10
7
7
11
8
13
12
15
10
9
12
14
13
7
14
8
8
11
12
9
7
18
17
10
11
11
17
12
9
14
13
16
11
11
11
9
14
9
12
7
14
14
8
15
9
11
8
9
12
13
11
9
13
11
21
8
13
9
15
11
11
10
8
14
9
15
10
9
7
17
10
11
15
9
8
12
6
15
13
6
13
10
20
15
14
15
9
7
9
9
9
11
15
12
15
12
9
10
11
13
15
13
9
5
14
10
13
8
9
14
11
11
7
8
11
17
8
10
12
5
7
8
10
4
17
11
7
10
9
17
7
9
10
9
7
11
7
13
10
10
9
9
9
9
7
10
10
11
10
3
8
12
9
17
8
12
7
8
9
11
15
10
20
13
3
13
9
9
16
14
16
7
10
14
10
10
11
9
12
6
16
11
11
6
8
14
8
13
15
11
11
13
6
7
10
10
7
11
15
13
10
11
7
5
14
12
9
12
19
14
21
13
13
9
11
4
16
8
12
11
13
16
12
9
14
16
15
11
6
8
9
5
8
8
6
13
7
5
8
8
9
14
9
14
10
10
4
17
12
14
10
8
10
18
11
15
10
10
9
11
9
13
8
9
12
6
10
6
13
5
11
19
7
11
11
13
4
12
10
10
11
7
20
9
9
15
14
10
12
14
11
12
12
12
6
2 86.0
734 68.0
665 32.0
208 59.0
155 16.0
893 92.0
555 48.0
574 43.0
85 79.0
963 34.0
3 62.0
988 54.0
230 91.0
147 16.0
818 51.0
836 70.0
59 48.0
666 91.0
728 97.0
4 74.0
820 36.0
834 97.0
773 23.0
851 25.0
261 76.0
701 44.0
724 6.0
198 9.0
590 20.0
322 57.0
451 15.0
165 6.0
488 89.0
5 8.0
740 8.0
512 36.0
302 58.0
411 63.0
895 28.0
871 92.0
915 80.0
872 91.0
143 56.0
220 19.0
403 98.0
6 67.0
283 69.0
845 47.0
774 53.0
872 15.0
165 97.0
578 72.0
163 93.0
231 30.0
991 59.0
352 55.0
662 11.0
910 92.0
535 21.0
7 39.0
60 56.0
151 25.0
381 11.0
636 49.0
72 96.0
804 36.0
973 83.0
358 74.0
277 76.0
793 24.0
453 20.0
8 45.0
836 55.0
807 29.0
882 13.0
26 18.0
383 68.0
514 52.0
903 41.0
285 40.0
9 88.0
504 5.0
769 22.0
912 9.0
836 83.0
10 93.0
116 84.0
23 4.0
910 90.0
87 23.0
989 24.0
808 87.0
45 17.0
505 99.0
540 83.0
943 100000.0
949 66.0
698 34.0
478 5.0
114 59.0
11 99.0
719 55.0
859 92.0
772 96.0
100 49.0
103 43.0
983 24.0
430 46.0
738 35.0
241 86.0
106 36.0
12 87.0
577 6.0
630 82.0
753 68.0
146 61.0
510 84.0
161 67.0
164 94.0
268 78.0
329 4.0
708 92.0
13 4.0
575 52.0
114 66.0
709 39.0
569 71.0
278 74.0
830 45.0
915 47.0
741 51.0
14 91.0
787 12.0
556 99.0
880 45.0
86 51.0
670 43.0
117 84.0
790 4.0
66 71.0
232 58.0
667 72.0
225 16.0
243 21.0
532 83.0
73 22.0
579 82.0
15 57.0
313 53.0
345 39.0
551 69.0
131 62.0
688 98.0
804 47.0
539 51.0
729 64.0
16 1.0
30 19.0
77 70.0
128 5.0
791 53.0
867 56.0
603 84.0
537 6.0
813 35.0
953 59.0
159 1.0
445 25.0
17 39.0
351 58.0
189 45.0
301 12.0
212 73.0
188 37.0
266 10.0
78 19.0
414 2.0
561 100.0
555 30.0
18 77.0
985 66.0
262 61.0
212 45.0
544 43.0
317 85.0
1 16.0
378 38.0
473 50.0
505 78.0
518 61.0
936 50.0
569 68.0
266 56.0
440 95.0
647 20.0
6 20.0
847 50.0
993 23.0
19 11.0
620 29.0
419 48.0
200 4.0
999 90.0
406 14.0
844 48.0
302 56.0
685 45.0
665 83.0
241 82.0
297 72.0
629 53.0
142 55.0
1000 100.0
728 58.0
42 50.0
20 66.0
364 55.0
436 87.0
963 94.0
574 96.0
197 23.0
144 60.0
365 17.0
496 29.0
580 43.0
233 65.0
409 13.0
345 27.0
212 21.0
21 81.0
264 81.0
314 29.0
439 99.0
74 93.0
340 3.0
88 20.0
708 22.0
864 6.0
749 1.0
110 57.0
743 1.0
22 54.0
151 100.0
65 32.0
286 22.0
603 98.0
269 23.0
290 99.0
743 59.0
586 51.0
23 28.0
513 26.0
748 61.0
603 86.0
992 57.0
96 5.0
719 26.0
93 51.0
550 81.0
423 56.0
24 11.0
164 59.0
162 97.0
683 55.0
345 39.0
492 8.0
530 40.0
620 97.0
912 25.0
369 21.0
905 18.0
712 27.0
457 73.0
25 42.0
647 43.0
260 85.0
137 14.0
562 69.0
539 34.0
235 58.0
205 24.0
893 96.0
469 46.0
327 95.0
180 29.0
747 8.0
594 42.0
767 74.0
26 20.0
838 90.0
225 2.0
719 29.0
4 56.0
510 99.0
742 60.0
221 9.0
237 48.0
281 36.0
275 87.0
408 67.0
198 2.0
27 83.0
686 56.0
46 41.0
697 85.0
273 97.0
873 18.0
372 81.0
366 32.0
739 2.0
28 24.0
290 83.0
37 26.0
650 35.0
702 85.0
889 22.0
565 39.0
213 53.0
29 39.0
318 45.0
697 5.0
693 61.0
851 39.0
176 29.0
628 75.0
191 27.0
741 90.0
513 99.0
778 86.0
168 23.0
30 41.0
956 87.0
262 28.0
125 63.0
134 47.0
163 63.0
198 52.0
654 10.0
6 8.0
441 58.0
96 19.0
31 78.0
582 89.0
603 3.0
316 77.0
27 32.0
739 97.0
344 5.0
254 45.0
540 26.0
579 6.0
131 99.0
882 12.0
32 52.0
162 78.0
490 76.0
709 23.0
476 67.0
191 58.0
329 33.0
648 48.0
430 33.0
188 36.0
535 26.0
86 73.0
33 16.0
350 26.0
414 4.0
267 10.0
659 82.0
11 43.0
221 38.0
363 51.0
203 24.0
364 36.0
779 41.0
923 55.0
34 18.0
404 5.0
204 55.0
448 7.0
771 46.0
195 19.0
821 45.0
883 77.0
609 77.0
462 92.0
35 59.0
728 28.0
714 95.0
324 37.0
969 76.0
960 9.0
473 45.0
934 7.0
932 55.0
731 97.0
809 26.0
274 57.0
703 28.0
723 37.0
262 10.0
36 48.0
208 17.0
771 11.0
795 7.0
699 18.0
214 4.0
550 19.0
740 88.0
814 4.0
37 75.0
381 65.0
440 33.0
127 77.0
885 71.0
213 40.0
549 37.0
438 26.0
471 100.0
470 53.0
811 83.0
825 68.0
339 68.0
152 1.0
38 30.0
566 22.0
630 74.0
44 73.0
366 7.0
24 87.0
836 45.0
411 11.0
823 57.0
535 32.0
531 40.0
395 8.0
622 70.0
469 5.0
305 77.0
125 99.0
675 64.0
563 99.0
857 100.0
39 31.0
25 87.0
322 44.0
846 80.0
582 85.0
161 46.0
545 55.0
139 31.0
814 93.0
81 82.0
136 31.0
989 3.0
244 10.0
117 62.0
40 50.0
800 45.0
944 59.0
75 32.0
261 54.0
920 57.0
70 7.0
96 94.0
182 24.0
200 25.0
715 45.0
41 93.0
212 18.0
908 14.0
808 33.0
380 52.0
851 62.0
358 13.0
108 41.0
788 61.0
790 56.0
42 36.0
684 39.0
13 87.0
910 7.0
300 15.0
110 81.0
482 51.0
178 83.0
742 95.0
554 45.0
43 32.0
745 34.0
592 86.0
359 66.0
991 17.0
54 71.0
451 3.0
581 78.0
424 83.0
540 86.0
44 39.0
738 20.0
969 29.0
844 69.0
860 92.0
586 55.0
616 45.0
211 80.0
266 83.0
81 68.0
773 51.0
331 11.0
646 38.0
131 57.0
839 64.0
45 89.0
63 56.0
586 77.0
93 81.0
196 55.0
914 90.0
323 20.0
497 14.0
764 80.0
272 91.0
46 25.0
738 11.0
816 84.0
248 74.0
74 51.0
289 32.0
216 93.0
47 91.0
152 78.0
776 48.0
266 44.0
480 58.0
575 15.0
968 95.0
97 27.0
486 85.0
184 36.0
684 44.0
48 96.0
888 91.0
202 92.0
196 80.0
315 78.0
647 98.0
826 72.0
49 13.0
973 73.0
765 78.0
121 57.0
708 11.0
332 33.0
604 17.0
722 39.0
392 87.0
694 64.0
50 17.0
918 22.0
52 74.0
652 92.0
939 54.0
440 30.0
963 23.0
980 68.0
162 89.0
593 54.0
51 74.0
18 59.0
685 38.0
453 49.0
750 98.0
167 11.0
400 27.0
52 2.0
425 22.0
95 2.0
838 83.0
800 90.0
122 97.0
624 76.0
103 7.0
985 74.0
677 6.0
10 97.0
532 97.0
104 77.0
692 79.0
53 30.0
994 86.0
336 47.0
120 2.0
736 5.0
284 39.0
15 49.0
948 4.0
539 78.0
957 10.0
921 48.0
54 37.0
602 33.0
552 65.0
480 79.0
223 30.0
52 75.0
557 5.0
301 76.0
58 84.0
649 62.0
457 99.0
520 63.0
72 57.0
421 78.0
55 56.0
314 11.0
96 9.0
851 33.0
541 89.0
501 17.0
98 58.0
908 85.0
301 40.0
56 18.0
97 78.0
946 64.0
967 34.0
227 23.0
529 89.0
731 20.0
978 39.0
57 45.0
243 43.0
679 60.0
635 62.0
970 9.0
535 92.0
455 22.0
681 96.0
911 68.0
58 71.0
701 58.0
840 62.0
981 49.0
838 22.0
351 54.0
954 50.0
131 56.0
339 76.0
635 57.0
746 17.0
249 54.0
737 41.0
557 43.0
387 14.0
59 29.0
327 27.0
30 25.0
622 97.0
696 6.0
198 77.0
883 66.0
775 67.0
968 95.0
620 95.0
516 23.0
952 5.0
755 91.0
60 6.0
423 28.0
330 65.0
641 5.0
228 88.0
617 92.0
227 68.0
698 23.0
758 51.0
885 55.0
61 71.0
832 31.0
269 27.0
175 84.0
926 9.0
581 91.0
349 4.0
890 59.0
162 12.0
42 79.0
62 60.0
823 19.0
148 17.0
987 94.0
370 98.0
500 65.0
753 100.0
606 97.0
172 95.0
508 53.0
153 33.0
952 46.0
63 53.0
67 79.0
913 83.0
198 87.0
107 9.0
624 93.0
416 28.0
596 84.0
111 84.0
349 59.0
860 30.0
313 5.0
550 98.0
64 49.0
402 88.0
123 67.0
38 55.0
447 33.0
111 83.0
749 52.0
862 62.0
100 18.0
622 79.0
735 66.0
825 70.0
65 43.0
262 70.0
730 93.0
794 67.0
375 30.0
3 87.0
905 89.0
66 93.0
62 9.0
641 34.0
40 65.0
854 56.0
811 51.0
828 82.0
756 95.0
620 43.0
793 63.0
67 57.0
940 96.0
68 6.0
142 42.0
328 10.0
734 32.0
331 40.0
262 73.0
412 55.0
69 65.0
409 38.0
692 73.0
637 51.0
74 60.0
980 55.0
97 84.0
231 78.0
70 3.0
135 19.0
337 6.0
801 46.0
418 33.0
401 23.0
798 82.0
71 8.0
913 56.0
643 52.0
715 47.0
687 62.0
299 81.0
374 23.0
139 55.0
864 100.0
931 33.0
3 71.0
182 1.0
72 57.0
392 95.0
136 58.0
165 4.0
317 1.0
546 17.0
697 35.0
448 24.0
246 99.0
611 31.0
476 9.0
648 78.0
341 61.0
208 32.0
73 38.0
541 88.0
594 87.0
485 92.0
208 13.0
686 64.0
1 53.0
74 15.0
890 28.0
520 88.0
545 4.0
75 55.0
359 83.0
547 84.0
5 47.0
75 20.0
526 58.0
962 21.0
956 81.0
876 33.0
557 9.0
155 92.0
160 66.0
938 78.0
796 21.0
849 38.0
833 60.0
729 26.0
19 55.0
76 95.0
874 49.0
640 21.0
939 7.0
419 92.0
941 90.0
638 5.0
991 68.0
77 57.0
793 69.0
566 8.0
698 88.0
669 74.0
643 47.0
917 60.0
648 95.0
531 94.0
78 53.0
785 72.0
826 3.0
531 45.0
563 5.0
750 6.0
265 87.0
71 57.0
574 48.0
194 45.0
946 52.0
999 75.0
104 31.0
759 99.0
79 4.0
830 99.0
63 66.0
84 16.0
964 32.0
617 19.0
564 58.0
473 80.0
576 100.0
698 7.0
692 77.0
468 96.0
911 85.0
80 12.0
839 58.0
887 62.0
857 38.0
60 52.0
547 3.0
30 58.0
286 77.0
118 93.0
858 43.0
71 26.0
623 32.0
167 93.0
538 3.0
88 62.0
718 99.0
81 66.0
435 39.0
937 28.0
762 26.0
779 55.0
772 45.0
287 29.0
935 48.0
119 53.0
573 82.0
104 32.0
483 44.0
32 92.0
411 53.0
757 61.0
82 17.0
304 98.0
281 33.0
861 29.0
668 27.0
607 81.0
558 94.0
455 98.0
655 23.0
35 94.0
83 59.0
626 73.0
428 62.0
512 64.0
274 96.0
143 70.0
373 83.0
507 92.0
718 83.0
84 10.0
72 35.0
302 5.0
262 96.0
581 79.0
886 100.0
290 73.0
278 4.0
645 49.0
2 56.0
185 25.0
723 78.0
85 34.0
636 6.0
2 52.0
471 74.0
427 29.0
633 36.0
145 16.0
669 87.0
679 55.0
706 71.0
881 53.0
985 88.0
885 13.0
548 81.0
250 20.0
271 1.0
86 17.0
165 85.0
265 7.0
121 37.0
582 48.0
414 83.0
888 71.0
327 8.0
437 68.0
698 33.0
625 48.0
87 43.0
342 21.0
573 34.0
492 30.0
631 48.0
356 37.0
369 39.0
101 51.0
250 71.0
242 28.0
596 30.0
466 50.0
88 44.0
149 23.0
729 76.0
151 65.0
733 79.0
26 85.0
404 92.0
89 98.0
920 34.0
444 100.0
230 26.0
567 67.0
90 75.0
153 1.0
117 69.0
186 75.0
924 62.0
23 80.0
315 82.0
354 56.0
235 5.0
277 81.0
91 41.0
497 47.0
722 65.0
100 73.0
124 97.0
697 34.0
392 20.0
749 43.0
397 46.0
443 3.0
396 64.0
958 87.0
55 11.0
984 91.0
92 44.0
689 39.0
159 13.0
295 20.0
951 16.0
675 27.0
609 43.0
950 41.0
305 85.0
856 55.0
918 84.0
982 32.0
93 24.0
590 60.0
306 24.0
539 9.0
2 57.0
118 46.0
337 73.0
94 87.0
823 42.0
390 71.0
349 85.0
383 33.0
787 52.0
583 31.0
477 90.0
836 64.0
592 42.0
977 74.0
396 70.0
95 79.0
407 25.0
945 90.0
987 41.0
832 100.0
83 31.0
644 55.0
251 72.0
331 11.0
545 50.0
390 81.0
388 84.0
16 57.0
978 26.0
956 15.0
71 70.0
27 23.0
96 60.0
680 2.0
90 50.0
471 73.0
766 68.0
157 56.0
814 100.0
97 72.0
716 2.0
462 97.0
465 39.0
860 1.0
223 57.0
736 39.0
934 90.0
718 82.0
368 2.0
821 60.0
105 95.0
198 25.0
937 7.0
515 81.0
973 50.0
98 63.0
890 69.0
74 39.0
642 1.0
550 75.0
339 67.0
988 63.0
864 62.0
646 81.0
861 84.0
810 92.0
678 21.0
891 48.0
477 43.0
486 63.0
77 4.0
99 24.0
818 39.0
131 42.0
331 86.0
681 75.0
171 80.0
919 63.0
378 13.0
713 28.0
897 71.0
446 36.0
784 14.0
100 94.0
908 76.0
312 35.0
958 67.0
168 69.0
581 90.0
245 4.0
101 52.0
497 88.0
972 26.0
835 87.0
222 10.0
149 97.0
892 24.0
102 70.0
947 4.0
956 11.0
141 8.0
430 65.0
290 61.0
467 51.0
48 69.0
855 96.0
240 80.0
609 43.0
103 74.0
134 100000.0
986 26.0
107 6.0
175 85.0
201 76.0
459 45.0
598 59.0
268 91.0
177 60.0
873 38.0
705 42.0
548 36.0
458 94.0
789 26.0
104 56.0
681 64.0
694 71.0
932 61.0
105 26.0
203 87.0
536 11.0
738 31.0
42 1.0
343 53.0
998 48.0
58 26.0
163 33.0
594 63.0
566 96.0
857 61.0
271 60.0
44 70.0
829 24.0
745 65.0
401 82.0
611 92.0
106 34.0
489 42.0
114 7.0
513 35.0
266 76.0
286 19.0
55 66.0
107 5.0
803 59.0
267 13.0
55 66.0
683 90.0
667 56.0
802 36.0
611 100.0
657 99.0
559 49.0
608 19.0
459 21.0
191 73.0
108 12.0
825 74.0
365 64.0
947 28.0
668 6.0
438 2.0
307 45.0
101 94.0
615 41.0
822 73.0
520 43.0
109 50.0
542 99.0
409 45.0
637 87.0
107 54.0
339 85.0
462 15.0
370 90.0
97 19.0
231 46.0
110 37.0
157 79.0
307 1.0
865 87.0
542 42.0
32 94.0
991 64.0
212 8.0
849 98.0
520 23.0
764 45.0
253 40.0
311 62.0
111 33.0
594 7.0
531 51.0
804 56.0
866 87.0
767 33.0
229 62.0
94 70.0
773 30.0
13 50.0
441 29.0
112 27.0
906 56.0
600 37.0
355 72.0
842 44.0
616 77.0
110 2.0
107 5.0
710 31.0
113 25.0
966 95.0
770 5.0
306 74.0
113 92.0
943 13.0
54 56.0
62 23.0
310 7.0
497 6.0
375 15.0
83 78.0
261 78.0
673 66.0
473 24.0
132 23.0
85 36.0
126 43.0
239 66.0
499 93.0
200 15.0
744 36.0
841 59.0
114 51.0
400 92.0
57 94.0
579 48.0
772 33.0
904 14.0
216 31.0
768 42.0
778 76.0
408 79.0
409 46.0
641 97.0
498 75.0
261 37.0
237 88.0
115 57.0
277 1.0
107 24.0
432 46.0
955 82.0
645 65.0
568 80.0
641 10.0
24 18.0
852 92.0
528 42.0
943 40.0
631 71.0
235 63.0
421 46.0
561 63.0
116 63.0
657 87.0
623 57.0
722 55.0
943 37.0
815 24.0
878 79.0
970 70.0
794 37.0
859 57.0
671 57.0
269 75.0
27 10.0
62 70.0
654 10.0
400 59.0
117 8.0
959 54.0
943 58.0
806 19.0
722 60.0
359 26.0
474 46.0
338 31.0
683 59.0
447 10.0
556 49.0
767 69.0
319 4.0
118 13.0
208 19.0
957 76.0
423 11.0
1000 39.0
679 96.0
713 69.0
839 9.0
757 11.0
315 10.0
61 60.0
727 51.0
30 81.0
58 58.0
119 79.0
526 87.0
360 80.0
464 97.0
272 64.0
120 74.0
541 93.0
230 14.0
856 20.0
475 85.0
831 89.0
735 84.0
20 35.0
992 29.0
450 5.0
169 100.0
998 30.0
632 26.0
121 71.0
624 95.0
351 48.0
108 37.0
51 80.0
33 5.0
158 85.0
258 39.0
35 28.0
474 21.0
288 66.0
818 4.0
618 56.0
537 76.0
122 85.0
439 28.0
944 18.0
998 75.0
178 97.0
18 19.0
57 78.0
283 98.0
123 45.0
485 85.0
68 90.0
306 40.0
124 70.0
587 56.0
474 86.0
655 17.0
210 51.0
467 30.0
927 13.0
417 44.0
124 80.0
706 59.0
472 26.0
649 66.0
56 76.0
275 53.0
92 80.0
693 77.0
247 37.0
906 5.0
468 12.0
402 30.0
640 78.0
125 51.0
472 85.0
179 95.0
574 4.0
642 94.0
614 100.0
526 45.0
993 27.0
394 22.0
83 39.0
542 72.0
333 74.0
126 91.0
630 9.0
751 78.0
490 52.0
458 63.0
967 87.0
570 43.0
466 2.0
956 96.0
127 14.0
157 69.0
204 89.0
524 25.0
355 29.0
143 4.0
424 100.0
140 30.0
128 20.0
220 13.0
8 16.0
977 51.0
911 3.0
85 67.0
89 98.0
38 100000.0
505 45.0
986 5.0
877 37.0
129 22.0
849 54.0
505 42.0
549 59.0
906 71.0
382 84.0
532 36.0
368 13.0
552 16.0
594 26.0
485 31.0
141 48.0
704 100.0
804 14.0
534 52.0
87 19.0
965 45.0
391 6.0
130 100.0
949 71.0
225 20.0
983 91.0
211 69.0
521 63.0
150 32.0
310 39.0
382 38.0
384 88.0
282 50.0
72 2.0
908 50.0
677 82.0
314 11.0
549 28.0
131 64.0
787 49.0
383 68.0
866 71.0
192 35.0
705 52.0
990 74.0
465 33.0
916 2.0
290 96.0
929 58.0
30 14.0
381 69.0
139 51.0
57 11.0
132 87.0
423 35.0
531 72.0
89 91.0
639 63.0
414 2.0
369 67.0
810 57.0
605 96.0
150 65.0
320 28.0
139 55.0
90 65.0
32 25.0
254 65.0
967 41.0
133 86.0
746 35.0
618 41.0
300 32.0
370 11.0
882 2.0
400 37.0
696 92.0
663 75.0
134 59.0
536 68.0
815 88.0
233 2.0
802 5.0
660 92.0
472 43.0
558 72.0
916 62.0
559 97.0
135 36.0
127 100000.0
998 69.0
714 94.0
888 95.0
762 36.0
751 81.0
748 49.0
822 85.0
464 28.0
136 77.0
369 46.0
460 52.0
131 47.0
622 35.0
755 31.0
822 66.0
360 43.0
40 41.0
852 30.0
236 10.0
703 10.0
137 99.0
995 50.0
526 27.0
423 96.0
503 13.0
377 83.0
599 13.0
327 86.0
654 91.0
138 15.0
671 54.0
788 28.0
598 45.0
337 26.0
550 2.0
786 95.0
382 76.0
976 61.0
83 7.0
11 67.0
966 12.0
120 73.0
643 62.0
765 57.0
924 80.0
288 59.0
886 56.0
263 79.0
799 47.0
47 90.0
139 59.0
83 72.0
705 38.0
880 56.0
588 1.0
525 22.0
675 38.0
585 85.0
540 39.0
937 30.0
140 85.0
512 81.0
942 62.0
392 52.0
707 35.0
716 90.0
908 1.0
267 94.0
141 84.0
106 52.0
849 77.0
381 69.0
652 88.0
262 46.0
752 82.0
628 100.0
105 89.0
21 75.0
250 60.0
697 25.0
666 62.0
142 95.0
817 100.0
31 24.0
472 47.0
393 46.0
717 88.0
768 19.0
39 30.0
428 54.0
396 16.0
103 99.0
602 8.0
816 56.0
143 21.0
879 9.0
307 15.0
157 100.0
764 96.0
448 56.0
722 72.0
846 38.0
466 84.0
329 83.0
646 5.0
144 86.0
944 3.0
937 35.0
171 15.0
346 56.0
799 76.0
585 62.0
52 98.0
806 70.0
133 73.0
319 99.0
36 8.0
145 7.0
312 80.0
613 54.0
840 22.0
324 36.0
668 66.0
146 71.0
353 96.0
880 84.0
530 32.0
147 99.0
887 37.0
162 41.0
914 60.0
78 100.0
567 34.0
302 43.0
536 81.0
46 90.0
224 46.0
310 39.0
809 69.0
541 76.0
424 71.0
422 15.0
561 13.0
654 49.0
187 43.0
618 3.0
897 31.0
148 93.0
480 1.0
376 28.0
575 38.0
495 20.0
542 3.0
3 9.0
592 96.0
106 87.0
313 65.0
397 4.0
127 64.0
746 35.0
149 50.0
27 21.0
890 26.0
378 96.0
767 47.0
407 50.0
344 82.0
486 12.0
108 21.0
211 13.0
999 55.0
707 36.0
337 50.0
150 82.0
371 58.0
947 93.0
301 92.0
208 36.0
34 61.0
760 73.0
423 91.0
632 93.0
220 51.0
151 100000.0
163 30.0
361 72.0
820 11.0
749 68.0
436 80.0
152 100000.0
744 6.0
455 28.0
820 24.0
884 2.0
272 13.0
879 20.0
835 82.0
59 77.0
238 81.0
355 75.0
423 47.0
153 49.0
769 30.0
402 71.0
423 100000.0
866 88.0
388 33.0
361 76.0
541 34.0
3 38.0
912 48.0
154 42.0
787 29.0
375 14.0
535 73.0
857 36.0
92 34.0
691 11.0
155 5.0
466 68.0
24 68.0
917 89.0
632 100.0
559 95.0
318 7.0
182 21.0
156 11.0
336 51.0
93 25.0
868 91.0
53 61.0
277 69.0
261 24.0
694 63.0
596 61.0
780 43.0
157 1.0
825 58.0
344 69.0
26 53.0
817 94.0
170 64.0
518 57.0
509 35.0
702 95.0
972 10.0
158 9.0
497 91.0
648 75.0
496 87.0
669 50.0
965 36.0
203 13.0
494 33.0
919 58.0
65 72.0
827 49.0
874 94.0
309 4.0
159 64.0
946 72.0
111 90.0
982 14.0
786 64.0
930 97.0
390 58.0
340 78.0
756 56.0
69 45.0
160 15.0
445 41.0
551 87.0
659 94.0
175 68.0
570 70.0
775 72.0
239 29.0
997 50.0
749 76.0
252 71.0
14 21.0
526 48.0
72 86.0
99 60.0
828 83.0
161 95.0
928 53.0
357 62.0
19 48.0
402 2.0
746 64.0
674 99.0
525 46.0
748 12.0
658 1.0
63 63.0
5 20.0
34 7.0
786 51.0
514 66.0
897 45.0
162 84.0
766 68.0
232 21.0
65 89.0
720 47.0
834 45.0
708 56.0
142 75.0
701 41.0
35 53.0
193 29.0
752 37.0
644 70.0
951 6.0
491 37.0
716 15.0
163 9.0
657 100.0
143 16.0
164 22.0
107 18.0
474 80.0
841 34.0
619 65.0
203 26.0
756 39.0
847 67.0
448 33.0
254 51.0
217 35.0
165 22.0
209 81.0
483 17.0
459 91.0
819 60.0
277 31.0
881 58.0
918 61.0
50 83.0
166 61.0
490 45.0
398 65.0
962 99.0
90 99.0
455 52.0
936 92.0
691 6.0
927 59.0
628 40.0
167 92.0
359 78.0
493 89.0
914 77.0
983 52.0
114 98.0
315 2.0
667 68.0
672 27.0
229 76.0
235 65.0
987 80.0
559 3.0
246 16.0
890 69.0
400 47.0
895 26.0
168 10.0
543 34.0
429 56.0
346 24.0
819 5.0
33 94.0
750 7.0
849 45.0
729 70.0
881 12.0
405 54.0
987 50.0
169 53.0
407 35.0
913 62.0
979 95.0
661 96.0
179 90.0
783 22.0
205 98.0
274 35.0
855 40.0
907 32.0
884 87.0
170 47.0
617 65.0
481 4.0
798 27.0
333 63.0
868 86.0
401 64.0
384 38.0
458 30.0
925 36.0
669 11.0
171 98.0
100 20.0
229 63.0
357 13.0
585 24.0
113 87.0
103 57.0
33 49.0
371 53.0
172 66.0
33 77.0
323 81.0
950 51.0
385 60.0
390 66.0
123 66.0
899 10.0
537 85.0
133 33.0
367 24.0
186 71.0
795 8.0
313 39.0
429 66.0
173 7.0
204 61.0
801 43.0
443 38.0
179 44.0
41 91.0
351 71.0
562 59.0
187 9.0
819 26.0
703 70.0
174 33.0
673 50.0
680 81.0
786 8.0
175 93.0
879 87.0
791 50.0
799 41.0
12 91.0
157 99.0
974 26.0
908 37.0
698 19.0
176 1.0
713 90.0
345 89.0
438 98.0
327 54.0
818 23.0
552 44.0
421 15.0
98 32.0
961 90.0
57 91.0
177 72.0
72 73.0
561 82.0
620 80.0
29 78.0
659 65.0
760 70.0
962 44.0
683 42.0
541 44.0
509 74.0
923 91.0
193 79.0
332 69.0
178 63.0
387 66.0
870 34.0
833 83.0
103 45.0
661 66.0
908 100.0
774 47.0
104 80.0
975 73.0
988 57.0
971 81.0
179 42.0
735 63.0
116 63.0
899 85.0
634 3.0
374 50.0
24 56.0
799 75.0
629 83.0
481 21.0
750 99.0
666 17.0
464 78.0
180 32.0
656 29.0
856 5.0
264 76.0
801 54.0
453 91.0
181 12.0
456 62.0
127 70.0
570 33.0
210 91.0
667 73.0
412 14.0
46 39.0
734 20.0
478 99.0
370 21.0
279 50.0
730 55.0
577 89.0
260 46.0
182 84.0
62 22.0
957 56.0
899 74.0
317 21.0
114 84.0
412 73.0
745 21.0
44 71.0
319 68.0
772 37.0
967 78.0
739 49.0
443 68.0
183 51.0
44 61.0
577 13.0
196 31.0
835 89.0
2 92.0
540 39.0
184 65.0
1000 36.0
512 7.0
197 1.0
583 84.0
582 84.0
852 21.0
237 72.0
711 40.0
185 56.0
639 15.0
913 51.0
245 12.0
841 83.0
505 57.0
179 1.0
414 64.0
186 19.0
359 95.0
190 3.0
215 68.0
55 16.0
191 24.0
316 84.0
685 16.0
511 18.0
119 7.0
599 73.0
9 92.0
406 7.0
642 82.0
877 57.0
188 69.0
187 98.0
247 34.0
930 89.0
17 44.0
565 81.0
121 79.0
218 81.0
6 94.0
404 94.0
657 46.0
892 71.0
963 10.0
962 1.0
655 10.0
265 55.0
188 62.0
22 78.0
843 2.0
265 64.0
338 32.0
252 67.0
410 24.0
316 64.0
758 6.0
691 12.0
913 29.0
574 82.0
38 2.0
10 44.0
189 91.0
219 72.0
428 47.0
699 27.0
614 70.0
518 39.0
31 13.0
610 91.0
525 73.0
343 37.0
782 29.0
558 97.0
190 61.0
355 76.0
964 29.0
787 70.0
274 73.0
892 39.0
436 20.0
854 88.0
10 4.0
30 54.0
117 8.0
555 8.0
123 22.0
398 72.0
859 57.0
191 81.0
949 6.0
171 10.0
175 24.0
816 38.0
667 9.0
22 79.0
531 93.0
256 23.0
192 43.0
266 14.0
739 11.0
998 82.0
939 43.0
79 41.0
548 47.0
436 16.0
646 10.0
136 82.0
193 52.0
708 9.0
166 31.0
520 81.0
612 99.0
56 29.0
935 23.0
799 90.0
723 46.0
990 27.0
52 59.0
66 55.0
720 100.0
731 27.0
194 93.0
810 59.0
735 36.0
679 43.0
761 100.0
54 3.0
36 99.0
178 60.0
689 96.0
171 96.0
396 38.0
195 25.0
889 74.0
292 8.0
242 57.0
41 46.0
20 67.0
384 91.0
196 29.0
489 35.0
785 53.0
154 97.0
787 78.0
38 59.0
805 25.0
197 37.0
756 1.0
652 10.0
133 83.0
629 1.0
467 82.0
58 54.0
5 52.0
521 40.0
150 4.0
420 25.0
291 34.0
93 86.0
198 5.0
412 98.0
285 70.0
399 73.0
282 26.0
238 2.0
48 2.0
68 44.0
580 61.0
763 63.0
530 62.0
199 95.0
240 98.0
53 91.0
171 75.0
869 48.0
72 42.0
612 30.0
448 16.0
593 75.0
531 32.0
200 39.0
512 97.0
190 73.0
613 50.0
196 74.0
79 79.0
389 66.0
393 29.0
342 20.0
910 11.0
251 43.0
808 1.0
201 67.0
651 42.0
68 68.0
266 40.0
21 45.0
713 81.0
65 5.0
443 9.0
789 84.0
726 54.0
706 70.0
202 99.0
372 12.0
744 68.0
295 17.0
737 9.0
423 12.0
489 99.0
72 82.0
727 72.0
447 41.0
270 29.0
203 73.0
109 3.0
122 44.0
6 39.0
505 96.0
104 93.0
19 77.0
662 85.0
393 99.0
830 65.0
193 96.0
832 58.0
444 22.0
204 58.0
972 26.0
308 74.0
681 3.0
567 88.0
186 81.0
346 61.0
367 48.0
950 85.0
28 41.0
474 65.0
526 80.0
205 86.0
140 11.0
983 94.0
780 81.0
243 20.0
119 42.0
286 75.0
920 62.0
343 4.0
693 19.0
921 100.0
463 46.0
598 85.0
801 11.0
837 49.0
550 74.0
206 60.0
306 47.0
252 42.0
981 13.0
501 50.0
71 76.0
606 2.0
443 45.0
237 33.0
623 87.0
745 47.0
64 22.0
207 63.0
708 94.0
588 17.0
121 46.0
145 20.0
659 11.0
42 80.0
386 22.0
832 7.0
528 95.0
122 22.0
124 92.0
502 11.0
240 33.0
896 72.0
440 37.0
550 71.0
361 93.0
208 75.0
696 68.0
354 46.0
327 3.0
621 99.0
227 51.0
804 57.0
226 45.0
169 7.0
63 44.0
209 9.0
693 59.0
156 80.0
248 63.0
476 4.0
822 44.0
962 15.0
547 85.0
185 65.0
94 34.0
210 53.0
42 85.0
268 24.0
255 8.0
319 77.0
584 74.0
955 17.0
662 48.0
719 1.0
398 27.0
437 37.0
211 4.0
501 71.0
750 21.0
180 99.0
408 76.0
624 12.0
35 3.0
462 37.0
212 89.0
704 33.0
123 8.0
301 63.0
364 49.0
471 6.0
339 2.0
691 73.0
769 98.0
631 40.0
296 99.0
939 53.0
294 67.0
588 60.0
213 74.0
793 38.0
288 50.0
569 43.0
917 41.0
214 26.0
318 90.0
643 2.0
493 52.0
171 44.0
784 4.0
919 28.0
287 5.0
562 16.0
107 2.0
345 24.0
723 89.0
42 86.0
215 53.0
829 90.0
523 22.0
879 2.0
219 83.0
379 65.0
738 13.0
216 45.0
522 29.0
561 71.0
644 50.0
52 40.0
979 16.0
833 34.0
937 64.0
677 79.0
781 1.0
83 5.0
259 88.0
552 16.0
130 1.0
329 52.0
196 72.0
159 53.0
217 67.0
566 46.0
684 95.0
542 31.0
742 68.0
130 82.0
224 93.0
837 70.0
303 17.0
357 50.0
876 64.0
603 24.0
218 83.0
106 76.0
807 58.0
227 79.0
628 96.0
893 52.0
209 70.0
491 6.0
44 35.0
582 98.0
682 11.0
379 43.0
119 40.0
219 99.0
882 29.0
754 51.0
578 91.0
22 35.0
332 78.0
33 7.0
962 38.0
667 45.0
927 89.0
28 49.0
375 41.0
858 94.0
954 98.0
220 72.0
191 55.0
931 99.0
640 19.0
169 15.0
2 27.0
732 33.0
221 56.0
878 1.0
136 91.0
264 5.0
424 58.0
832 82.0
428 52.0
2 53.0
5 42.0
444 74.0
112 81.0
454 93.0
665 81.0
505 60.0
243 30.0
536 25.0
967 88.0
222 30.0
383 71.0
487 94.0
433 32.0
41 56.0
875 31.0
550 2.0
743 31.0
639 73.0
223 30.0
185 62.0
321 82.0
918 100000.0
327 53.0
992 29.0
451 59.0
80 22.0
481 100.0
169 78.0
771 16.0
573 74.0
516 21.0
555 38.0
224 6.0
973 47.0
723 87.0
429 65.0
689 50.0
40 31.0
124 1.0
803 31.0
495 21.0
447 89.0
174 87.0
855 34.0
225 55.0
525 72.0
584 16.0
685 40.0
696 37.0
919 69.0
862 97.0
229 48.0
226 24.0
269 14.0
760 57.0
467 31.0
668 20.0
112 39.0
463 7.0
450 53.0
227 18.0
71 97.0
918 45.0
17 91.0
133 36.0
112 54.0
789 81.0
937 30.0
219 99.0
73 42.0
777 75.0
458 21.0
932 82.0
228 71.0
76 10.0
520 71.0
243 15.0
66 39.0
868 63.0
262 7.0
636 90.0
565 28.0
320 10.0
154 49.0
581 50.0
229 53.0
384 68.0
631 16.0
686 78.0
990 73.0
498 94.0
568 60.0
190 58.0
235 75.0
231 2.0
318 82.0
292 8.0
765 68.0
230 45.0
3 34.0
252 50.0
946 26.0
110 22.0
897 8.0
839 89.0
852 28.0
416 99.0
440 72.0
445 22.0
295 44.0
231 64.0
475 94.0
248 75.0
129 11.0
769 93.0
416 79.0
631 90.0
994 35.0
987 17.0
622 91.0
241 73.0
510 18.0
864 84.0
232 44.0
675 2.0
509 10.0
539 24.0
348 100.0
424 89.0
415 69.0
239 7.0
324 14.0
265 39.0
495 78.0
233 5.0
676 27.0
111 34.0
227 44.0
394 100.0
455 87.0
532 96.0
840 26.0
718 22.0
130 97.0
338 5.0
804 49.0
117 54.0
198 81.0
234 27.0
26 97.0
995 71.0
575 40.0
235 42.0
891 38.0
438 43.0
227 27.0
991 21.0
581 90.0
662 66.0
523 61.0
191 71.0
236 32.0
862 13.0
404 44.0
454 31.0
294 20.0
165 82.0
435 75.0
237 39.0
77 6.0
55 73.0
244 6.0
216 6.0
238 35.0
347 10.0
4 10.0
685 7.0
181 7.0
549 94.0
910 53.0
710 55.0
358 35.0
593 71.0
37 53.0
239 64.0
443 51.0
53 26.0
608 29.0
330 87.0
32 20.0
135 20.0
413 20.0
367 39.0
634 93.0
16 82.0
240 92.0
840 4.0
238 8.0
447 52.0
116 56.0
908 26.0
604 27.0
413 40.0
944 96.0
241 12.0
72 94.0
911 7.0
772 55.0
962 74.0
785 37.0
443 11.0
930 88.0
232 81.0
541 83.0
447 10.0
814 2.0
651 83.0
242 32.0
53 29.0
949 67.0
670 25.0
81 73.0
233 4.0
216 93.0
243 35.0
57 100.0
112 2.0
621 68.0
525 68.0
301 35.0
880 82.0
389 39.0
4 58.0
507 47.0
17 72.0
867 72.0
286 16.0
411 28.0
244 54.0
215 32.0
312 36.0
899 58.0
487 68.0
76 96.0
984 37.0
91 18.0
855 73.0
634 60.0
269 13.0
58 85.0
730 92.0
681 15.0
245 5.0
647 16.0
219 36.0
500 99.0
81 32.0
987 74.0
149 82.0
917 47.0
431 71.0
178 32.0
390 42.0
246 63.0
122 94.0
423 100.0
636 89.0
630 43.0
966 39.0
173 78.0
764 71.0
247 64.0
229 88.0
746 89.0
877 47.0
392 96.0
995 57.0
406 9.0
708 2.0
179 90.0
755 83.0
449 53.0
8 32.0
815 74.0
597 7.0
248 77.0
8 27.0
323 28.0
714 27.0
227 24.0
689 19.0
999 27.0
46 26.0
393 63.0
107 40.0
249 61.0
883 91.0
676 46.0
995 97.0
18 58.0
835 3.0
434 57.0
70 70.0
878 64.0
460 76.0
826 14.0
36 41.0
615 12.0
46 44.0
250 43.0
706 63.0
505 93.0
460 12.0
746 12.0
260 24.0
150 24.0
853 96.0
251 60.0
865 69.0
383 66.0
48 35.0
573 76.0
879 61.0
739 69.0
300 79.0
863 70.0
138 18.0
499 18.0
528 7.0
716 48.0
252 74.0
926 33.0
708 7.0
680 52.0
195 25.0
610 8.0
127 31.0
449 85.0
393 59.0
986 11.0
113 83.0
105 90.0
253 21.0
800 45.0
807 49.0
144 100.0
28 60.0
453 30.0
231 58.0
707 92.0
347 79.0
108 18.0
254 63.0
64 10.0
788 80.0
92 90.0
575 16.0
594 89.0
919 86.0
446 91.0
672 22.0
95 85.0
177 8.0
717 4.0
255 17.0
945 77.0
959 31.0
364 6.0
151 55.0
55 56.0
1 42.0
256 96.0
819 48.0
752 75.0
115 75.0
635 2.0
456 99.0
611 87.0
200 92.0
153 32.0
257 44.0
349 15.0
249 32.0
267 90.0
996 69.0
280 93.0
483 30.0
295 77.0
651 33.0
258 80.0
707 100.0
112 54.0
974 66.0
138 84.0
955 30.0
607 35.0
648 6.0
880 24.0
916 22.0
159 22.0
223 96.0
259 27.0
141 95.0
740 85.0
137 16.0
857 8.0
120 17.0
404 19.0
372 68.0
260 99.0
1000 89.0
272 7.0
492 8.0
653 6.0
382 84.0
868 69.0
397 12.0
616 6.0
939 71.0
261 9.0
357 43.0
581 64.0
517 57.0
337 8.0
118 47.0
643 44.0
262 4.0
472 36.0
132 13.0
7 56.0
574 32.0
784 41.0
512 44.0
303 57.0
284 77.0
263 36.0
951 51.0
134 76.0
880 6.0
30 21.0
366 11.0
584 45.0
514 91.0
557 93.0
346 19.0
615 40.0
947 78.0
46 63.0
583 77.0
997 7.0
831 19.0
264 63.0
456 83.0
5 56.0
719 96.0
321 85.0
870 83.0
206 34.0
36 23.0
164 33.0
142 39.0
222 6.0
476 37.0
135 88.0
823 69.0
265 59.0
466 48.0
199 23.0
335 56.0
991 60.0
274 73.0
878 1.0
321 56.0
982 37.0
767 84.0
4 23.0
445 47.0
285 72.0
622 88.0
786 91.0
266 17.0
959 65.0
521 82.0
635 70.0
681 36.0
246 88.0
687 54.0
114 6.0
715 1.0
425 48.0
267 84.0
695 62.0
726 95.0
619 4.0
914 32.0
758 98.0
278 77.0
91 4.0
849 9.0
910 91.0
268 66.0
826 48.0
41 3.0
342 54.0
632 70.0
814 21.0
617 68.0
269 44.0
585 4.0
756 37.0
975 36.0
670 67.0
608 7.0
805 1.0
747 53.0
110 51.0
667 86.0
270 93.0
56 44.0
63 47.0
427 84.0
123 96.0
857 55.0
791 33.0
929 80.0
38 6.0
93 13.0
633 25.0
479 53.0
297 2.0
24 15.0
182 47.0
78 41.0
271 19.0
667 6.0
205 54.0
961 44.0
959 24.0
184 40.0
805 49.0
194 74.0
296 30.0
272 7.0
479 35.0
61 55.0
591 84.0
319 29.0
287 25.0
351 45.0
521 83.0
84 81.0
454 2.0
438 46.0
273 65.0
282 69.0
789 16.0
112 76.0
717 43.0
88 29.0
274 34.0
360 71.0
833 34.0
374 62.0
774 29.0
380 72.0
636 9.0
708 96.0
122 16.0
275 62.0
563 9.0
500 29.0
282 51.0
573 29.0
454 44.0
442 99.0
580 56.0
712 93.0
516 80.0
276 8.0
782 90.0
129 58.0
611 69.0
163 38.0
483 71.0
805 80.0
277 93.0
130 57.0
875 60.0
4 8.0
190 83.0
778 5.0
887 87.0
25 68.0
217 62.0
648 64.0
843 85.0
142 54.0
7 51.0
202 8.0
9 7.0
527 69.0
278 33.0
631 85.0
566 14.0
451 69.0
902 96.0
642 2.0
791 27.0
474 22.0
668 40.0
404 5.0
601 63.0
150 48.0
44 54.0
943 18.0
279 19.0
340 29.0
93 84.0
635 87.0
13 54.0
513 81.0
880 68.0
884 45.0
5 61.0
367 77.0
418 50.0
423 12.0
185 35.0
109 72.0
280 6.0
301 8.0
729 51.0
354 11.0
651 74.0
734 91.0
678 27.0
727 34.0
281 48.0
616 93.0
613 92.0
863 22.0
612 12.0
780 78.0
717 49.0
415 95.0
694 64.0
188 38.0
583 63.0
85 100.0
533 23.0
953 25.0
282 79.0
946 81.0
558 14.0
635 80.0
55 37.0
239 67.0
853 86.0
288 93.0
595 31.0
830 33.0
395 30.0
91 80.0
205 41.0
705 35.0
910 57.0
754 36.0
283 61.0
252 95.0
482 74.0
538 30.0
509 19.0
43 8.0
797 99.0
588 77.0
308 50.0
901 35.0
284 80.0
625 55.0
744 78.0
930 22.0
25 95.0
317 72.0
285 4.0
986 25.0
732 95.0
550 93.0
245 87.0
409 27.0
70 73.0
64 59.0
304 62.0
923 27.0
286 32.0
790 34.0
111 99.0
575 100.0
1000 59.0
998 26.0
714 12.0
83 19.0
709 100.0
488 86.0
789 90.0
715 63.0
498 71.0
532 35.0
323 46.0
287 50.0
387 47.0
535 69.0
274 45.0
489 75.0
323 97.0
597 66.0
879 95.0
17 73.0
299 37.0
618 54.0
81 38.0
313 24.0
616 46.0
288 63.0
462 7.0
583 54.0
500 55.0
762 45.0
562 12.0
677 89.0
175 56.0
873 14.0
18 95.0
289 82.0
750 75.0
882 96.0
195 29.0
548 13.0
625 85.0
332 86.0
92 57.0
719 41.0
379 34.0
894 12.0
290 97.0
151 1.0
698 39.0
633 80.0
490 71.0
607 3.0
373 3.0
291 76.0
235 85.0
57 74.0
877 85.0
26 56.0
373 75.0
940 77.0
561 89.0
198 48.0
219 61.0
697 17.0
292 45.0
911 98.0
956 53.0
875 15.0
553 99.0
552 30.0
990 14.0
439 82.0
158 21.0
777 61.0
805 16.0
293 71.0
297 47.0
747 11.0
559 30.0
973 6.0
49 36.0
687 97.0
689 17.0
14 69.0
515 86.0
299 42.0
745 52.0
908 77.0
294 24.0
124 86.0
44 81.0
270 5.0
6 38.0
295 16.0
639 20.0
436 90.0
667 1.0
368 85.0
371 67.0
237 69.0
790 96.0
744 66.0
914 37.0
345 28.0
282 97.0
559 69.0
296 62.0
782 79.0
207 46.0
34 15.0
887 31.0
727 10.0
297 1.0
680 70.0
249 98.0
27 71.0
513 53.0
535 28.0
988 38.0
756 16.0
632 57.0
409 59.0
992 98.0
298 40.0
857 14.0
940 12.0
420 86.0
505 60.0
586 77.0
210 41.0
240 82.0
458 74.0
10 91.0
254 96.0
870 16.0
299 88.0
972 73.0
796 84.0
57 10.0
655 43.0
516 84.0
387 79.0
309 22.0
300 84.0
188 84.0
327 77.0
618 19.0
207 85.0
877 44.0
346 93.0
34 54.0
436 87.0
808 34.0
301 71.0
42 9.0
637 99.0
701 40.0
899 42.0
168 53.0
416 39.0
586 94.0
448 58.0
595 5.0
46 16.0
438 39.0
302 59.0
199 6.0
711 82.0
879 98.0
649 63.0
947 36.0
760 2.0
875 46.0
743 95.0
916 87.0
873 69.0
984 23.0
313 8.0
67 90.0
591 1.0
303 56.0
127 76.0
611 75.0
631 49.0
397 57.0
550 68.0
58 59.0
206 76.0
125 69.0
669 9.0
587 21.0
441 85.0
304 18.0
390 70.0
520 6.0
774 28.0
639 72.0
395 34.0
957 8.0
410 77.0
993 10.0
882 76.0
301 35.0
538 6.0
74 48.0
305 73.0
959 8.0
116 23.0
90 75.0
589 92.0
374 60.0
673 49.0
4 48.0
273 6.0
621 32.0
711 12.0
514 74.0
888 71.0
426 59.0
835 79.0
424 59.0
188 78.0
566 74.0
921 90.0
306 76.0
539 79.0
387 52.0
739 28.0
154 57.0
447 29.0
216 37.0
133 89.0
651 20.0
307 52.0
235 87.0
941 93.0
295 74.0
596 14.0
731 90.0
174 5.0
19 96.0
35 25.0
334 76.0
308 16.0
357 47.0
75 59.0
111 83.0
316 35.0
233 24.0
343 72.0
730 54.0
854 85.0
615 92.0
781 50.0
547 95.0
309 95.0
92 88.0
603 97.0
238 90.0
830 65.0
721 1.0
96 92.0
804 34.0
316 27.0
86 30.0
217 72.0
480 93.0
799 88.0
530 53.0
88 90.0
248 31.0
147 59.0
970 44.0
310 5.0
349 24.0
338 93.0
161 88.0
156 75.0
125 84.0
68 72.0
775 21.0
978 10.0
199 61.0
789 21.0
876 21.0
430 59.0
715 55.0
282 24.0
639 96.0
930 49.0
235 61.0
311 74.0
215 25.0
442 39.0
343 77.0
654 52.0
655 61.0
608 36.0
630 46.0
628 71.0
53 7.0
824 97.0
780 77.0
7 65.0
788 44.0
452 1.0
312 45.0
49 12.0
56 37.0
827 71.0
869 33.0
638 59.0
366 83.0
987 4.0
382 94.0
479 51.0
537 29.0
970 45.0
313 55.0
341 16.0
90 38.0
406 43.0
308 71.0
60 29.0
243 11.0
314 73.0
419 49.0
581 25.0
536 44.0
804 19.0
126 1.0
700 28.0
25 85.0
528 96.0
508 15.0
271 77.0
1000 98.0
746 48.0
185 45.0
825 87.0
134 36.0
315 58.0
526 79.0
657 83.0
150 65.0
581 67.0
25 40.0
401 76.0
604 20.0
748 11.0
557 44.0
622 33.0
962 93.0
63 71.0
409 56.0
395 37.0
316 83.0
111 97.0
381 28.0
865 55.0
494 83.0
904 74.0
357 11.0
11 93.0
869 36.0
267 55.0
436 60.0
317 7.0
37 83.0
358 76.0
65 15.0
914 31.0
689 72.0
581 80.0
693 70.0
753 68.0
426 95.0
857 14.0
740 56.0
55 63.0
318 17.0
105 97.0
382 55.0
842 68.0
788 37.0
86 81.0
148 43.0
981 23.0
752 98.0
179 26.0
972 13.0
366 60.0
36 4.0
577 48.0
319 62.0
64 67.0
481 16.0
291 46.0
789 3.0
477 73.0
485 97.0
211 88.0
74 1.0
483 5.0
665 81.0
143 42.0
589 47.0
320 50.0
720 64.0
444 32.0
157 18.0
719 30.0
370 84.0
718 90.0
201 31.0
749 34.0
29 69.0
273 55.0
4 35.0
91 36.0
397 84.0
306 31.0
321 20.0
659 6.0
966 57.0
805 51.0
490 76.0
962 36.0
94 8.0
113 8.0
712 65.0
322 87.0
36 70.0
854 66.0
361 93.0
579 99.0
380 28.0
299 97.0
649 24.0
943 72.0
763 37.0
367 45.0
417 98.0
323 49.0
713 20.0
906 43.0
415 99.0
744 26.0
249 12.0
924 78.0
538 33.0
605 65.0
54 89.0
554 88.0
324 76.0
635 30.0
166 84.0
883 85.0
26 1.0
320 31.0
542 4.0
760 10.0
885 51.0
266 64.0
86 80.0
325 86.0
71 14.0
757 64.0
982 1.0
90 97.0
440 89.0
777 39.0
8 1.0
767 3.0
750 65.0
326 17.0
168 66.0
95 17.0
419 88.0
669 25.0
193 20.0
275 53.0
883 44.0
799 90.0
767 61.0
731 91.0
67 35.0
701 46.0
243 35.0
641 1.0
327 35.0
192 64.0
500 23.0
503 92.0
607 66.0
318 51.0
314 72.0
43 83.0
441 65.0
965 94.0
330 61.0
519 67.0
719 88.0
156 56.0
718 3.0
328 82.0
166 77.0
696 65.0
4 96.0
411 64.0
257 47.0
745 5.0
62 62.0
813 16.0
139 4.0
795 43.0
301 36.0
329 85.0
582 37.0
783 4.0
93 32.0
42 74.0
396 76.0
679 33.0
294 49.0
770 7.0
569 34.0
302 94.0
990 53.0
647 36.0
330 3.0
783 14.0
459 89.0
176 80.0
75 28.0
754 90.0
261 45.0
18 57.0
519 90.0
640 12.0
352 44.0
513 35.0
65 93.0
285 32.0
678 27.0
19 85.0
10 41.0
736 73.0
331 44.0
384 84.0
986 10.0
519 6.0
140 71.0
995 1.0
831 27.0
770 42.0
10 25.0
796 84.0
332 12.0
341 9.0
556 99.0
361 92.0
839 79.0
489 48.0
613 9.0
43 67.0
172 89.0
543 75.0
313 80.0
333 43.0
407 56.0
32 100.0
808 53.0
820 98.0
846 100000.0
966 65.0
559 80.0
674 63.0
419 26.0
334 95.0
184 70.0
885 2.0
472 41.0
782 26.0
837 83.0
694 91.0
335 47.0
434 92.0
290 16.0
636 40.0
849 80.0
589 14.0
693 58.0
557 4.0
962 88.0
968 84.0
778 28.0
336 34.0
65 74.0
69 17.0
53 75.0
682 50.0
147 47.0
902 86.0
303 94.0
478 33.0
878 92.0
140 4.0
251 44.0
741 9.0
971 69.0
716 7.0
337 100.0
978 74.0
545 93.0
9 97.0
570 23.0
172 63.0
563 37.0
240 28.0
884 46.0
338 36.0
96 58.0
316 67.0
45 71.0
585 51.0
390 54.0
669 56.0
434 42.0
339 89.0
974 61.0
439 45.0
599 96.0
3 99.0
167 73.0
55 2.0
971 55.0
109 73.0
336 50.0
343 39.0
92 19.0
567 72.0
906 20.0
340 94.0
475 3.0
253 22.0
194 67.0
847 53.0
462 35.0
322 89.0
754 58.0
502 16.0
163 61.0
917 22.0
962 2.0
227 25.0
756 86.0
341 11.0
608 98.0
14 43.0
168 57.0
118 13.0
7 45.0
402 86.0
18 86.0
936 93.0
847 34.0
553 34.0
158 23.0
483 53.0
342 78.0
643 53.0
210 28.0
219 90.0
237 99.0
216 12.0
440 92.0
343 98.0
407 34.0
82 77.0
168 33.0
558 21.0
241 48.0
324 59.0
187 58.0
505 89.0
308 17.0
344 37.0
1 54.0
336 63.0
288 14.0
602 89.0
283 80.0
789 51.0
44 14.0
119 26.0
207 57.0
831 26.0
801 3.0
345 80.0
729 65.0
746 21.0
251 65.0
265 57.0
801 95.0
471 57.0
562 15.0
391 75.0
392 75.0
419 59.0
717 44.0
83 60.0
346 45.0
879 15.0
29 23.0
798 6.0
374 82.0
873 24.0
128 21.0
350 62.0
848 39.0
834 78.0
347 92.0
4 90.0
281 2.0
696 36.0
528 55.0
649 72.0
348 11.0
453 91.0
280 17.0
230 9.0
447 82.0
698 13.0
739 28.0
349 18.0
195 96.0
356 96.0
112 22.0
10 10.0
582 94.0
443 48.0
829 92.0
949 30.0
524 89.0
529 3.0
73 78.0
121 48.0
442 70.0
350 74.0
986 48.0
917 55.0
548 62.0
787 98.0
662 58.0
237 30.0
765 60.0
351 97.0
44 87.0
656 88.0
97 56.0
719 17.0
15 38.0
121 8.0
989 22.0
549 41.0
194 41.0
352 84.0
735 31.0
499 87.0
966 22.0
48 75.0
927 48.0
833 87.0
863 35.0
764 52.0
77 95.0
353 66.0
835 94.0
705 36.0
762 55.0
453 33.0
642 61.0
697 43.0
382 96.0
921 83.0
360 41.0
354 20.0
938 31.0
800 56.0
783 5.0
808 22.0
472 7.0
857 95.0
889 38.0
152 84.0
376 96.0
930 33.0
961 91.0
920 69.0
464 58.0
355 52.0
919 26.0
16 93.0
865 46.0
657 19.0
901 14.0
524 90.0
513 89.0
356 11.0
948 44.0
930 24.0
49 88.0
177 100.0
934 22.0
559 17.0
412 65.0
699 98.0
551 76.0
331 6.0
45 41.0
357 13.0
567 94.0
904 7.0
614 50.0
13 4.0
351 90.0
386 11.0
612 61.0
322 92.0
213 47.0
619 27.0
684 33.0
656 62.0
358 33.0
18 96.0
230 71.0
754 51.0
428 39.0
3 24.0
162 23.0
610 20.0
259 16.0
968 63.0
680 44.0
798 79.0
359 21.0
562 2.0
606 92.0
411 10.0
586 78.0
549 26.0
547 100.0
273 99.0
76 4.0
309 30.0
293 14.0
980 62.0
360 24.0
246 5.0
213 13.0
971 23.0
462 69.0
530 47.0
395 32.0
764 18.0
578 7.0
92 46.0
916 12.0
260 1.0
416 23.0
877 70.0
47 86.0
691 71.0
852 13.0
886 71.0
361 9.0
379 16.0
579 67.0
152 38.0
377 83.0
867 96.0
82 52.0
911 36.0
330 19.0
790 91.0
721 52.0
285 20.0
182 77.0
572 14.0
148 86.0
362 93.0
888 74.0
788 1.0
984 97.0
948 41.0
403 1.0
801 35.0
644 11.0
584 12.0
122 11.0
586 89.0
363 52.0
840 21.0
984 87.0
747 22.0
559 60.0
257 39.0
77 21.0
251 35.0
978 66.0
364 85.0
467 97.0
215 75.0
554 18.0
202 91.0
870 10.0
626 41.0
365 64.0
545 28.0
764 60.0
203 91.0
23 81.0
200 21.0
638 29.0
45 29.0
451 82.0
366 9.0
565 35.0
319 95.0
235 72.0
254 93.0
107 24.0
241 84.0
857 56.0
981 64.0
538 24.0
257 64.0
367 81.0
788 69.0
353 39.0
35 67.0
957 30.0
113 46.0
391 31.0
115 31.0
301 26.0
700 26.0
682 30.0
368 40.0
180 33.0
822 82.0
8 92.0
722 62.0
677 60.0
846 27.0
956 7.0
695 58.0
864 77.0
790 61.0
369 14.0
113 18.0
496 62.0
549 26.0
627 39.0
266 44.0
181 86.0
74 12.0
815 89.0
918 3.0
81 89.0
204 80.0
405 91.0
570 68.0
652 87.0
227 57.0
644 5.0
509 67.0
370 4.0
918 43.0
340 34.0
234 37.0
505 64.0
875 79.0
169 94.0
886 20.0
591 2.0
502 96.0
371 40.0
624 76.0
581 83.0
678 39.0
232 33.0
183 35.0
536 37.0
29 18.0
628 86.0
407 83.0
891 14.0
699 53.0
527 61.0
372 16.0
213 56.0
709 78.0
668 68.0
898 33.0
107 43.0
381 74.0
945 28.0
373 7.0
791 90.0
874 23.0
30 41.0
205 24.0
637 83.0
190 64.0
646 93.0
325 87.0
374 9.0
985 99.0
883 61.0
282 100.0
836 84.0
274 79.0
626 60.0
879 25.0
652 87.0
981 87.0
768 5.0
280 49.0
650 30.0
710 92.0
375 11.0
282 51.0
162 96.0
114 31.0
168 74.0
462 66.0
417 1.0
947 4.0
376 25.0
62 79.0
165 96.0
749 46.0
218 2.0
96 12.0
984 22.0
377 40.0
321 78.0
577 33.0
48 44.0
888 83.0
12 23.0
725 66.0
592 80.0
378 98.0
817 58.0
926 89.0
134 95.0
490 70.0
493 64.0
331 50.0
567 93.0
741 1.0
527 41.0
221 79.0
379 16.0
729 18.0
330 90.0
864 34.0
885 93.0
745 59.0
787 37.0
445 52.0
168 11.0
181 55.0
239 8.0
55 5.0
538 45.0
312 51.0
826 78.0
332 54.0
380 3.0
52 57.0
157 28.0
175 36.0
173 79.0
246 18.0
567 35.0
350 9.0
550 56.0
98 9.0
490 48.0
17 7.0
949 82.0
331 56.0
195 5.0
361 35.0
381 78.0
32 41.0
287 90.0
594 45.0
607 38.0
112 33.0
362 51.0
806 52.0
377 43.0
855 12.0
200 73.0
221 93.0
758 43.0
382 90.0
782 77.0
886 8.0
481 30.0
703 48.0
813 63.0
117 9.0
389 80.0
519 81.0
992 6.0
304 40.0
451 21.0
383 81.0
769 65.0
160 62.0
392 71.0
118 67.0
384 68.0
394 74.0
410 25.0
97 93.0
698 37.0
17 9.0
937 63.0
251 17.0
385 99.0
811 80.0
77 45.0
419 85.0
313 64.0
768 95.0
386 95.0
906 8.0
228 78.0
287 80.0
604 23.0
244 94.0
809 69.0
948 3.0
895 86.0
839 89.0
713 14.0
821 57.0
940 17.0
702 32.0
801 96.0
387 52.0
120 2.0
678 30.0
401 82.0
347 61.0
955 35.0
763 76.0
914 29.0
683 38.0
941 71.0
63 44.0
708 74.0
388 35.0
746 25.0
772 21.0
745 9.0
507 45.0
682 9.0
463 24.0
560 89.0
389 30.0
574 62.0
576 6.0
38 34.0
586 94.0
830 91.0
390 15.0
745 29.0
768 50.0
382 27.0
373 98.0
29 41.0
842 74.0
1000 48.0
707 76.0
647 65.0
484 40.0
528 70.0
42 45.0
391 97.0
554 24.0
8 68.0
711 72.0
652 95.0
346 49.0
815 66.0
585 99.0
167 12.0
697 19.0
370 3.0
609 18.0
567 61.0
392 12.0
560 21.0
882 47.0
246 89.0
859 51.0
412 72.0
692 44.0
74 88.0
393 85.0
682 62.0
384 61.0
440 47.0
479 10.0
773 63.0
55 36.0
129 78.0
887 2.0
589 19.0
19 71.0
333 52.0
394 47.0
496 79.0
307 19.0
911 30.0
658 9.0
311 88.0
731 36.0
621 36.0
830 77.0
445 33.0
344 26.0
223 34.0
930 68.0
15 8.0
395 51.0
857 22.0
503 68.0
418 75.0
460 84.0
829 88.0
548 33.0
757 74.0
447 37.0
153 16.0
914 10.0
183 61.0
732 77.0
651 1.0
376 7.0
396 89.0
401 3.0
226 93.0
335 34.0
299 89.0
853 78.0
925 26.0
62 48.0
599 55.0
442 64.0
431 30.0
397 25.0
789 64.0
756 39.0
621 81.0
489 12.0
125 50.0
92 7.0
728 74.0
471 2.0
412 89.0
702 47.0
415 86.0
398 40.0
304 77.0
990 18.0
984 66.0
98 70.0
577 6.0
621 92.0
612 23.0
485 85.0
750 9.0
48 7.0
713 27.0
732 2.0
399 13.0
450 19.0
343 58.0
203 87.0
59 73.0
890 12.0
354 65.0
400 17.0
720 33.0
728 80.0
939 50.0
92 44.0
243 74.0
232 56.0
401 59.0
997 65.0
875 91.0
793 100.0
574 70.0
644 47.0
196 79.0
689 30.0
337 34.0
887 87.0
263 21.0
867 84.0
402 16.0
797 63.0
948 25.0
363 19.0
926 10.0
476 88.0
384 58.0
57 13.0
24 72.0
403 26.0
20 42.0
352 12.0
34 86.0
819 85.0
211 97.0
290 91.0
489 53.0
671 3.0
468 70.0
803 17.0
404 5.0
39 88.0
99 97.0
341 91.0
465 98.0
272 82.0
198 11.0
365 78.0
367 79.0
317 2.0
405 35.0
308 88.0
340 81.0
852 51.0
842 39.0
105 53.0
628 75.0
745 28.0
720 57.0
406 97.0
780 39.0
413 29.0
854 51.0
852 36.0
734 18.0
40 7.0
558 44.0
602 22.0
172 15.0
407 13.0
830 92.0
541 100.0
271 32.0
962 36.0
256 61.0
412 17.0
466 51.0
856 51.0
408 93.0
820 12.0
140 18.0
324 100.0
136 83.0
653 24.0
111 35.0
824 28.0
44 75.0
460 30.0
300 52.0
458 2.0
575 36.0
409 100000.0
506 69.0
724 10.0
682 96.0
966 61.0
725 64.0
63 6.0
944 9.0
102 91.0
410 99.0
376 52.0
345 23.0
472 88.0
747 100000.0
275 53.0
707 79.0
307 67.0
478 86.0
878 59.0
245 53.0
964 85.0
184 81.0
938 33.0
411 22.0
519 83.0
960 20.0
758 58.0
248 72.0
516 84.0
665 68.0
909 88.0
412 55.0
810 39.0
90 78.0
660 75.0
639 68.0
832 42.0
37 3.0
493 99.0
229 82.0
413 7.0
623 6.0
694 47.0
525 48.0
920 89.0
960 88.0
79 82.0
414 22.0
358 51.0
419 5.0
433 67.0
716 95.0
374 32.0
320 44.0
408 71.0
27 40.0
415 96.0
9 100000.0
16 56.0
431 19.0
781 88.0
416 90.0
927 84.0
468 67.0
60 71.0
454 15.0
892 83.0
477 49.0
638 15.0
903 2.0
602 14.0
473 11.0
651 62.0
417 65.0
487 6.0
776 46.0
807 83.0
19 82.0
500 89.0
999 71.0
451 8.0
87 78.0
764 51.0
866 48.0
761 34.0
909 67.0
910 10.0
418 68.0
478 63.0
441 14.0
875 75.0
860 48.0
702 73.0
504 91.0
914 2.0
144 89.0
826 59.0
419 17.0
212 47.0
160 96.0
627 3.0
659 22.0
749 90.0
908 69.0
603 52.0
50 68.0
420 30.0
87 30.0
891 74.0
988 13.0
705 41.0
808 21.0
701 99.0
421 49.0
827 45.0
172 1.0
275 60.0
932 4.0
594 90.0
720 21.0
181 22.0
813 68.0
940 48.0
111 77.0
149 100.0
60 100.0
937 45.0
780 70.0
422 75.0
281 57.0
303 38.0
987 23.0
873 93.0
950 6.0
709 14.0
423 14.0
885 91.0
552 10.0
996 27.0
874 48.0
159 27.0
635 31.0
767 53.0
776 24.0
37 93.0
827 96.0
68 90.0
109 95.0
424 42.0
94 18.0
332 100000.0
608 37.0
963 68.0
842 71.0
450 63.0
425 11.0
772 24.0
904 50.0
798 95.0
287 43.0
100 25.0
112 73.0
884 20.0
689 59.0
426 11.0
504 5.0
945 39.0
818 92.0
834 54.0
667 58.0
767 39.0
768 73.0
839 87.0
427 89.0
845 69.0
253 15.0
127 86.0
220 84.0
694 27.0
722 92.0
52 7.0
626 46.0
775 77.0
838 57.0
428 15.0
806 6.0
662 15.0
782 51.0
846 68.0
660 54.0
306 67.0
758 38.0
720 96.0
898 75.0
734 54.0
139 3.0
240 94.0
414 80.0
699 31.0
259 89.0
429 5.0
920 92.0
912 37.0
465 41.0
159 60.0
418 75.0
670 69.0
124 68.0
587 83.0
430 55.0
230 21.0
851 70.0
262 3.0
331 41.0
403 16.0
530 9.0
145 15.0
706 27.0
785 65.0
443 28.0
371 53.0
413 53.0
431 51.0
3 30.0
597 37.0
677 98.0
893 22.0
87 20.0
575 18.0
967 12.0
573 5.0
908 93.0
307 74.0
655 8.0
390 14.0
795 24.0
982 84.0
826 62.0
290 23.0
320 47.0
432 40.0
134 27.0
193 75.0
817 63.0
94 17.0
935 34.0
424 69.0
776 60.0
599 90.0
232 34.0
690 62.0
433 25.0
945 15.0
421 91.0
423 12.0
416 44.0
952 31.0
869 39.0
717 57.0
469 27.0
847 11.0
645 44.0
107 43.0
434 86.0
922 53.0
626 8.0
395 74.0
356 58.0
272 82.0
502 41.0
123 98.0
460 3.0
435 43.0
358 32.0
556 17.0
347 40.0
521 13.0
988 80.0
334 58.0
675 24.0
260 7.0
733 17.0
436 28.0
214 97.0
500 15.0
460 77.0
694 13.0
198 13.0
803 77.0
356 21.0
309 6.0
509 89.0
626 71.0
420 57.0
323 3.0
612 49.0
437 56.0
19 36.0
481 14.0
527 51.0
223 87.0
588 13.0
883 78.0
935 84.0
538 28.0
330 20.0
438 37.0
491 3.0
249 76.0
955 83.0
335 23.0
529 97.0
767 48.0
424 29.0
643 50.0
653 21.0
605 56.0
439 94.0
482 13.0
553 91.0
440 30.0
39 34.0
17 10.0
878 85.0
538 33.0
144 85.0
162 74.0
331 39.0
703 13.0
765 18.0
889 40.0
928 74.0
455 5.0
428 43.0
922 90.0
441 37.0
812 97.0
229 93.0
942 6.0
909 45.0
835 30.0
162 12.0
700 98.0
970 69.0
831 88.0
205 11.0
214 44.0
388 45.0
333 50.0
350 28.0
442 29.0
503 41.0
771 39.0
715 27.0
115 14.0
716 12.0
222 53.0
605 91.0
443 31.0
447 36.0
686 77.0
569 15.0
133 50.0
151 5.0
636 97.0
763 90.0
412 88.0
490 61.0
483 10.0
12 82.0
444 4.0
603 87.0
517 8.0
725 56.0
598 22.0
445 35.0
429 35.0
791 85.0
113 35.0
699 24.0
446 87.0
942 96.0
106 65.0
869 98.0
446 42.0
379 6.0
278 37.0
789 50.0
503 16.0
486 39.0
577 39.0
879 92.0
447 18.0
231 19.0
61 26.0
811 16.0
439 94.0
38 51.0
276 54.0
801 67.0
868 95.0
390 86.0
144 80.0
627 51.0
132 47.0
476 76.0
889 64.0
184 8.0
448 95.0
572 29.0
795 92.0
98 47.0
817 4.0
143 42.0
830 68.0
620 51.0
675 95.0
575 18.0
449 49.0
930 78.0
636 48.0
682 79.0
16 61.0
795 89.0
479 95.0
9 48.0
428 10.0
966 82.0
450 27.0
388 28.0
95 61.0
959 82.0
661 39.0
687 38.0
276 68.0
962 90.0
732 57.0
554 24.0
834 79.0
46 97.0
358 79.0
296 12.0
848 80.0
451 94.0
425 62.0
819 34.0
122 21.0
197 83.0
426 13.0
649 13.0
517 10.0
307 90.0
377 27.0
113 99.0
463 22.0
364 44.0
35 50.0
452 26.0
467 38.0
710 52.0
526 14.0
753 82.0
853 33.0
229 26.0
21 17.0
800 4.0
478 92.0
453 27.0
487 6.0
110 87.0
864 27.0
950 25.0
448 38.0
115 74.0
904 73.0
73 51.0
460 88.0
726 66.0
454 71.0
184 81.0
963 75.0
348 94.0
512 59.0
513 67.0
657 49.0
267 85.0
167 46.0
504 38.0
455 37.0
907 8.0
875 85.0
407 86.0
589 14.0
403 55.0
172 11.0
56 78.0
573 7.0
889 100000.0
22 87.0
147 97.0
456 8.0
323 87.0
651 100.0
636 72.0
457 84.0
730 49.0
401 87.0
591 34.0
840 62.0
154 77.0
189 35.0
335 36.0
18 43.0
123 36.0
324 38.0
458 60.0
165 19.0
130 19.0
978 77.0
173 35.0
294 11.0
100 49.0
579 88.0
922 76.0
891 39.0
234 19.0
970 3.0
941 40.0
459 36.0
797 55.0
551 13.0
334 22.0
731 58.0
790 58.0
862 63.0
826 61.0
830 11.0
855 57.0
726 62.0
89 29.0
460 11.0
900 36.0
369 9.0
110 47.0
372 23.0
713 75.0
331 8.0
512 23.0
715 76.0
269 16.0
361 65.0
890 41.0
587 67.0
461 73.0
554 41.0
772 64.0
546 31.0
726 74.0
509 26.0
625 10.0
114 30.0
462 67.0
26 30.0
414 94.0
426 10.0
563 18.0
416 50.0
397 7.0
768 23.0
46 73.0
399 12.0
866 73.0
17 69.0
948 29.0
235 81.0
658 71.0
272 64.0
463 93.0
3 78.0
415 59.0
206 88.0
197 47.0
895 72.0
754 66.0
200 94.0
607 38.0
674 7.0
258 61.0
199 24.0
464 4.0
426 43.0
795 64.0
983 55.0
941 81.0
84 5.0
158 6.0
930 55.0
465 25.0
76 23.0
29 75.0
785 68.0
975 93.0
989 39.0
953 1.0
927 21.0
466 4.0
566 8.0
845 26.0
112 2.0
522 51.0
514 96.0
498 35.0
275 10.0
699 6.0
118 83.0
904 49.0
107 28.0
467 8.0
64 63.0
258 38.0
265 34.0
977 88.0
798 62.0
468 80.0
608 31.0
679 80.0
788 8.0
135 45.0
531 19.0
154 66.0
364 55.0
7 97.0
156 49.0
469 57.0
82 16.0
876 98.0
522 62.0
886 99.0
268 96.0
866 17.0
146 65.0
161 87.0
981 93.0
278 9.0
470 44.0
952 24.0
58 76.0
330 23.0
901 82.0
569 86.0
936 45.0
8 86.0
839 57.0
781 16.0
864 99.0
947 38.0
56 21.0
43 100.0
224 34.0
471 89.0
584 22.0
984 30.0
97 48.0
409 62.0
900 61.0
472 74.0
425 54.0
941 47.0
527 34.0
250 97.0
99 100.0
397 100.0
723 21.0
493 46.0
867 62.0
986 74.0
473 24.0
699 71.0
40 71.0
682 93.0
992 91.0
362 23.0
253 100.0
474 15.0
642 71.0
676 33.0
38 43.0
420 34.0
69 79.0
211 76.0
302 33.0
619 54.0
623 8.0
475 98.0
723 83.0
117 97.0
376 76.0
831 24.0
69 5.0
469 58.0
476 55.0
772 15.0
216 83.0
273 62.0
115 30.0
833 70.0
185 59.0
459 84.0
792 73.0
685 64.0
994 56.0
860 52.0
477 62.0
353 49.0
165 79.0
880 93.0
16 58.0
248 27.0
928 52.0
673 78.0
478 40.0
853 95.0
432 17.0
18 7.0
73 40.0
598 95.0
952 69.0
389 50.0
190 72.0
197 32.0
311 24.0
479 27.0
567 43.0
530 22.0
206 87.0
647 17.0
659 27.0
99 37.0
578 2.0
149 22.0
965 95.0
767 27.0
832 52.0
812 24.0
480 86.0
289 44.0
460 84.0
971 73.0
487 90.0
154 87.0
952 53.0
332 97.0
611 55.0
697 32.0
760 4.0
421 11.0
481 70.0
313 46.0
997 30.0
604 61.0
994 50.0
913 88.0
658 75.0
205 27.0
763 92.0
482 7.0
484 28.0
9 1.0
725 69.0
45 99.0
364 79.0
10 40.0
810 17.0
848 41.0
552 74.0
304 84.0
475 97.0
328 97.0
713 98.0
648 16.0
432 63.0
483 38.0
785 60.0
628 70.0
398 92.0
115 77.0
351 96.0
995 30.0
279 50.0
484 69.0
395 86.0
902 78.0
638 99.0
454 15.0
856 37.0
906 5.0
476 10.0
69 57.0
185 55.0
927 29.0
917 52.0
485 43.0
933 24.0
166 19.0
452 29.0
825 91.0
248 41.0
741 62.0
271 46.0
486 42.0
25 57.0
77 49.0
717 74.0
505 37.0
692 64.0
360 82.0
770 30.0
424 41.0
47 55.0
914 87.0
803 27.0
174 13.0
750 93.0
487 65.0
148 67.0
828 67.0
554 60.0
508 81.0
369 15.0
975 15.0
827 10.0
488 65.0
95 7.0
195 61.0
548 97.0
704 24.0
507 91.0
607 77.0
860 34.0
431 58.0
630 85.0
171 47.0
851 26.0
342 57.0
489 57.0
620 21.0
218 65.0
389 16.0
926 95.0
562 10.0
617 29.0
195 50.0
921 37.0
610 68.0
490 93.0
818 31.0
617 67.0
877 95.0
916 44.0
917 98.0
427 63.0
838 1.0
491 86.0
707 5.0
643 65.0
726 30.0
163 83.0
111 34.0
405 79.0
987 25.0
649 96.0
354 44.0
201 48.0
380 82.0
120 77.0
431 46.0
662 4.0
492 93.0
945 99.0
262 7.0
77 73.0
693 100.0
993 34.0
854 37.0
942 35.0
177 89.0
353 31.0
493 38.0
998 93.0
595 71.0
593 26.0
100 16.0
974 85.0
616 84.0
11 49.0
783 43.0
573 14.0
633 51.0
494 98.0
831 72.0
326 22.0
232 65.0
834 19.0
100 4.0
495 61.0
949 60.0
646 77.0
41 26.0
291 81.0
341 90.0
433 17.0
462 59.0
325 7.0
496 51.0
531 67.0
209 97.0
695 44.0
239 91.0
862 63.0
66 56.0
91 38.0
942 80.0
78 38.0
76 86.0
169 97.0
410 8.0
261 24.0
650 86.0
497 8.0
603 91.0
649 40.0
87 21.0
838 48.0
279 50.0
759 59.0
877 22.0
498 49.0
116 67.0
92 61.0
575 39.0
408 74.0
337 88.0
465 97.0
202 20.0
599 74.0
618 75.0
852 21.0
708 10.0
502 54.0
998 72.0
47 99.0
709 10.0
400 65.0
499 3.0
697 92.0
413 27.0
794 31.0
830 34.0
196 67.0
492 79.0
9 24.0
552 29.0
991 17.0
906 52.0
162 80.0
500 38.0
892 30.0
342 61.0
312 17.0
214 19.0
236 26.0
557 44.0
210 82.0
409 81.0
160 91.0
690 76.0
932 61.0
630 21.0
485 83.0
868 62.0
740 66.0
501 37.0
792 2.0
134 41.0
407 48.0
694 55.0
349 96.0
436 83.0
430 43.0
370 66.0
502 100.0
442 18.0
869 64.0
809 49.0
247 13.0
686 11.0
857 74.0
205 66.0
895 76.0
212 5.0
929 2.0
567 53.0
503 25.0
70 31.0
481 86.0
165 61.0
69 52.0
504 9.0
104 65.0
903 98.0
551 41.0
890 42.0
723 54.0
2 98.0
290 62.0
323 43.0
965 69.0
696 43.0
505 75.0
760 63.0
73 57.0
533 43.0
516 98.0
844 58.0
861 20.0
753 27.0
499 43.0
903 93.0
220 59.0
874 37.0
506 42.0
840 48.0
149 53.0
32 97.0
162 79.0
7 87.0
581 32.0
248 46.0
613 22.0
755 41.0
482 9.0
404 2.0
965 60.0
507 1.0
343 76.0
44 44.0
306 94.0
658 52.0
815 45.0
526 12.0
618 13.0
108 52.0
46 45.0
508 75.0
824 92.0
672 11.0
665 91.0
406 87.0
779 60.0
602 82.0
97 59.0
112 84.0
627 75.0
509 58.0
684 28.0
890 28.0
407 29.0
76 77.0
799 52.0
533 50.0
430 35.0
291 14.0
887 32.0
477 91.0
843 41.0
510 45.0
61 18.0
712 51.0
240 29.0
948 39.0
449 73.0
991 21.0
74 68.0
769 11.0
987 24.0
168 65.0
597 72.0
344 22.0
883 81.0
989 92.0
511 42.0
306 82.0
655 92.0
706 12.0
825 32.0
622 41.0
992 61.0
44 5.0
409 40.0
878 25.0
343 89.0
254 52.0
512 32.0
369 92.0
658 13.0
638 3.0
942 1.0
783 83.0
809 62.0
607 75.0
707 10.0
147 10.0
513 66.0
661 8.0
303 26.0
377 67.0
379 43.0
442 60.0
418 54.0
128 2.0
312 54.0
496 57.0
514 9.0
573 73.0
905 8.0
64 90.0
582 63.0
544 94.0
78 98.0
813 54.0
995 29.0
586 72.0
991 74.0
314 19.0
283 41.0
541 77.0
245 9.0
515 75.0
342 36.0
887 57.0
510 30.0
286 89.0
589 90.0
954 61.0
979 63.0
852 11.0
516 49.0
18 32.0
139 61.0
790 86.0
957 29.0
717 75.0
223 80.0
512 29.0
422 42.0
517 58.0
573 83.0
347 79.0
50 98.0
895 31.0
181 48.0
63 67.0
307 80.0
518 28.0
993 94.0
124 30.0
57 81.0
449 1.0
133 46.0
218 2.0
292 74.0
325 21.0
927 51.0
248 24.0
632 45.0
35 22.0
636 15.0
519 14.0
268 64.0
191 71.0
418 19.0
957 91.0
435 60.0
401 66.0
494 10.0
627 27.0
999 96.0
539 60.0
966 12.0
658 11.0
911 21.0
767 18.0
520 6.0
295 71.0
869 53.0
89 32.0
507 8.0
84 9.0
248 76.0
581 30.0
435 25.0
410 18.0
298 78.0
561 36.0
521 66.0
660 50.0
81 49.0
206 70.0
872 100.0
102 100000.0
522 37.0
476 82.0
260 21.0
91 58.0
387 35.0
56 56.0
704 97.0
752 31.0
864 14.0
859 15.0
995 91.0
523 17.0
775 88.0
12 63.0
880 82.0
645 84.0
255 78.0
45 20.0
8 54.0
368 66.0
979 59.0
445 48.0
163 68.0
524 11.0
231 35.0
328 21.0
561 5.0
764 77.0
525 87.0
377 88.0
47 81.0
955 32.0
381 89.0
657 72.0
371 40.0
179 73.0
313 66.0
152 30.0
596 37.0
704 8.0
39 88.0
65 2.0
463 40.0
401 42.0
526 36.0
450 49.0
908 89.0
347 79.0
969 11.0
622 90.0
823 44.0
497 8.0
527 7.0
567 7.0
262 68.0
692 54.0
868 75.0
992 8.0
713 50.0
147 63.0
259 3.0
483 20.0
528 27.0
25 19.0
484 98.0
235 84.0
660 71.0
541 57.0
968 16.0
995 43.0
87 25.0
839 36.0
529 87.0
552 47.0
912 93.0
544 30.0
197 45.0
202 7.0
311 65.0
417 36.0
814 46.0
547 78.0
43 87.0
423 77.0
679 39.0
1 30.0
530 3.0
241 10.0
821 22.0
120 32.0
37 80.0
604 22.0
980 54.0
392 36.0
234 55.0
531 62.0
725 2.0
580 41.0
599 19.0
917 31.0
865 78.0
473 63.0
891 94.0
541 5.0
450 37.0
881 77.0
877 63.0
36 76.0
532 30.0
988 15.0
924 14.0
957 89.0
742 63.0
6 5.0
729 62.0
211 95.0
533 25.0
769 19.0
517 3.0
968 90.0
30 18.0
762 67.0
348 67.0
547 38.0
781 46.0
666 83.0
171 11.0
534 71.0
700 87.0
194 37.0
164 22.0
35 70.0
158 49.0
844 73.0
561 72.0
744 4.0
791 58.0
887 86.0
669 35.0
838 8.0
208 44.0
535 46.0
497 52.0
373 66.0
676 12.0
479 80.0
893 22.0
711 58.0
267 23.0
457 17.0
145 1.0
85 10.0
638 47.0
281 2.0
38 54.0
942 67.0
364 42.0
536 2.0
750 57.0
796 38.0
496 63.0
548 10.0
429 90.0
456 23.0
293 28.0
403 14.0
630 43.0
540 88.0
71 35.0
754 74.0
537 89.0
542 78.0
995 83.0
398 10.0
109 31.0
697 24.0
908 6.0
538 54.0
925 69.0
283 78.0
109 32.0
16 36.0
101 39.0
315 39.0
698 65.0
785 55.0
332 87.0
539 6.0
646 72.0
251 88.0
61 4.0
337 63.0
32 83.0
972 70.0
16 99.0
533 54.0
553 66.0
95 71.0
868 80.0
807 2.0
990 59.0
19 96.0
219 36.0
540 54.0
967 21.0
218 58.0
60 84.0
708 64.0
605 100.0
761 9.0
467 26.0
972 62.0
240 10.0
330 39.0
308 17.0
941 99.0
422 100.0
735 11.0
875 17.0
565 83.0
168 25.0
541 38.0
571 54.0
284 2.0
692 21.0
717 26.0
359 89.0
73 18.0
523 84.0
961 42.0
398 58.0
537 1.0
903 35.0
971 97.0
542 69.0
445 25.0
773 79.0
662 54.0
434 41.0
415 84.0
797 84.0
263 1.0
920 41.0
504 96.0
530 21.0
370 92.0
543 77.0
209 23.0
724 90.0
100 4.0
5 44.0
534 84.0
519 73.0
751 70.0
608 74.0
726 10.0
324 43.0
544 68.0
139 56.0
558 66.0
590 75.0
626 82.0
1 23.0
769 78.0
382 26.0
622 32.0
635 91.0
572 69.0
979 38.0
545 67.0
89 70.0
385 4.0
43 33.0
771 42.0
509 43.0
546 36.0
450 2.0
329 17.0
456 49.0
444 42.0
718 63.0
171 75.0
357 10.0
273 98.0
526 30.0
628 26.0
895 23.0
361 72.0
829 63.0
547 42.0
20 19.0
889 31.0
804 39.0
256 52.0
676 39.0
668 52.0
361 23.0
271 63.0
700 59.0
862 32.0
840 39.0
464 1.0
396 14.0
548 72.0
815 33.0
222 57.0
122 9.0
273 60.0
511 95.0
342 11.0
407 88.0
971 99.0
129 22.0
8 14.0
71 43.0
455 34.0
549 65.0
526 87.0
870 30.0
220 11.0
483 67.0
324 99.0
624 70.0
493 13.0
384 46.0
333 9.0
841 86.0
192 22.0
980 30.0
224 91.0
550 44.0
727 48.0
387 5.0
219 28.0
240 37.0
472 67.0
177 49.0
551 98.0
936 89.0
547 37.0
482 90.0
993 68.0
25 51.0
274 100.0
727 84.0
725 88.0
249 17.0
552 8.0
490 70.0
173 23.0
828 14.0
479 27.0
412 93.0
502 46.0
791 25.0
944 80.0
760 14.0
129 14.0
678 5.0
553 77.0
75 11.0
563 66.0
514 20.0
44 86.0
849 96.0
70 73.0
950 35.0
435 98.0
651 99.0
368 32.0
55 78.0
554 65.0
437 78.0
763 99.0
148 44.0
793 73.0
782 61.0
814 95.0
329 89.0
555 93.0
813 72.0
75 16.0
622 64.0
626 92.0
934 72.0
707 83.0
913 26.0
758 13.0
964 23.0
890 59.0
733 61.0
794 8.0
829 39.0
464 34.0
556 91.0
290 40.0
954 18.0
362 10.0
449 91.0
74 56.0
760 70.0
516 67.0
563 64.0
280 9.0
830 40.0
338 17.0
349 68.0
557 36.0
242 35.0
998 51.0
621 83.0
874 39.0
134 15.0
60 54.0
477 26.0
273 60.0
558 13.0
833 29.0
592 50.0
174 81.0
745 29.0
197 42.0
446 10.0
559 76.0
750 72.0
209 5.0
737 93.0
317 7.0
851 39.0
987 55.0
195 29.0
854 76.0
258 18.0
941 83.0
560 26.0
842 81.0
30 39.0
111 63.0
334 96.0
624 36.0
833 92.0
318 53.0
853 65.0
561 68.0
882 53.0
340 78.0
251 51.0
445 19.0
399 48.0
189 87.0
562 51.0
805 36.0
416 92.0
781 44.0
687 44.0
246 49.0
979 48.0
598 87.0
38 77.0
580 24.0
842 16.0
660 72.0
471 38.0
801 66.0
563 61.0
398 29.0
20 22.0
103 81.0
35 92.0
459 100.0
739 20.0
736 97.0
540 52.0
710 7.0
885 82.0
613 17.0
564 52.0
845 28.0
195 46.0
272 91.0
344 64.0
179 15.0
68 81.0
22 87.0
851 98.0
565 67.0
123 68.0
664 61.0
619 48.0
804 31.0
650 17.0
438 14.0
722 76.0
246 63.0
548 11.0
796 51.0
566 72.0
893 47.0
188 34.0
101 11.0
455 63.0
592 74.0
844 12.0
201 77.0
41 25.0
567 30.0
674 36.0
209 10.0
840 75.0
993 5.0
89 98.0
115 9.0
568 25.0
595 58.0
891 40.0
428 57.0
99 64.0
110 89.0
960 87.0
924 22.0
638 52.0
234 26.0
446 11.0
677 64.0
672 83.0
751 22.0
569 50.0
354 14.0
538 25.0
643 71.0
890 7.0
332 84.0
836 1.0
552 89.0
719 58.0
262 1.0
142 90.0
326 25.0
223 3.0
861 92.0
745 52.0
570 99.0
74 67.0
44 16.0
540 77.0
257 36.0
481 56.0
106 63.0
169 18.0
773 30.0
203 16.0
730 18.0
571 83.0
242 17.0
600 86.0
429 94.0
875 71.0
381 76.0
362 92.0
823 51.0
843 23.0
368 23.0
333 38.0
572 69.0
487 78.0
410 72.0
112 70.0
313 56.0
74 68.0
65 4.0
174 93.0
896 3.0
440 52.0
992 62.0
457 54.0
587 100.0
805 8.0
140 60.0
886 27.0
573 66.0
804 86.0
862 5.0
866 88.0
337 49.0
861 11.0
468 57.0
937 96.0
942 23.0
698 34.0
958 28.0
574 18.0
74 80.0
434 76.0
789 22.0
947 17.0
421 26.0
511 100.0
575 27.0
339 52.0
921 33.0
637 85.0
450 7.0
596 63.0
984 52.0
980 77.0
417 77.0
487 5.0
91 30.0
213 7.0
116 43.0
576 70.0
564 11.0
890 60.0
372 23.0
52 81.0
591 9.0
351 47.0
282 69.0
778 25.0
414 21.0
577 82.0
335 3.0
648 49.0
468 14.0
578 62.0
402 77.0
667 35.0
977 73.0
59 97.0
295 84.0
387 35.0
579 3.0
597 92.0
542 36.0
493 50.0
918 41.0
944 3.0
350 87.0
209 81.0
108 72.0
273 76.0
580 17.0
987 54.0
386 37.0
361 74.0
625 56.0
57 58.0
142 15.0
519 96.0
568 60.0
90 48.0
358 18.0
581 85.0
33 48.0
10 73.0
19 48.0
913 71.0
422 66.0
961 98.0
456 3.0
759 31.0
582 81.0
388 27.0
237 38.0
97 20.0
592 39.0
908 40.0
987 96.0
583 82.0
329 66.0
847 70.0
972 88.0
588 22.0
257 75.0
645 39.0
401 61.0
584 23.0
263 99.0
768 14.0
459 63.0
509 11.0
776 94.0
960 93.0
604 26.0
483 42.0
803 34.0
585 83.0
783 87.0
136 68.0
504 13.0
13 74.0
219 76.0
471 46.0
966 71.0
121 51.0
701 30.0
465 52.0
703 74.0
676 4.0
613 38.0
586 15.0
85 52.0
60 65.0
191 32.0
84 13.0
30 77.0
802 22.0
5 41.0
587 59.0
876 92.0
777 96.0
787 74.0
916 32.0
10 71.0
588 28.0
986 54.0
494 75.0
79 37.0
423 91.0
930 21.0
449 92.0
320 11.0
380 3.0
512 90.0
147 52.0
589 68.0
849 27.0
563 46.0
469 30.0
135 58.0
222 42.0
151 69.0
51 44.0
50 43.0
462 84.0
603 10.0
839 90.0
995 42.0
12 19.0
590 69.0
138 65.0
924 13.0
305 41.0
120 47.0
842 92.0
600 37.0
947 39.0
669 47.0
823 49.0
877 5.0
591 60.0
679 89.0
648 94.0
30 96.0
416 23.0
672 90.0
124 10.0
905 83.0
943 64.0
778 89.0
985 81.0
322 71.0
773 89.0
237 76.0
938 83.0
10 40.0
632 63.0
592 2.0
662 11.0
932 47.0
863 18.0
414 63.0
121 7.0
972 43.0
497 70.0
820 44.0
505 69.0
507 26.0
263 70.0
593 24.0
789 3.0
970 70.0
320 24.0
584 28.0
933 83.0
301 69.0
668 79.0
780 41.0
185 43.0
272 73.0
594 43.0
297 66.0
517 63.0
555 72.0
960 98.0
861 37.0
595 15.0
451 72.0
102 51.0
937 91.0
995 60.0
704 95.0
658 10.0
267 24.0
104 32.0
958 64.0
661 59.0
780 53.0
816 84.0
229 44.0
596 67.0
994 62.0
73 66.0
573 25.0
597 9.0
940 34.0
360 46.0
847 22.0
627 49.0
423 65.0
433 72.0
371 88.0
626 25.0
419 81.0
598 38.0
137 38.0
555 8.0
167 88.0
586 33.0
947 52.0
146 65.0
787 14.0
706 48.0
834 50.0
142 87.0
752 49.0
640 44.0
845 46.0
175 36.0
599 91.0
694 59.0
148 49.0
495 65.0
106 93.0
424 73.0
501 72.0
828 68.0
842 72.0
797 92.0
810 97.0
485 4.0
484 32.0
346 59.0
600 74.0
972 25.0
268 48.0
471 7.0
998 22.0
24 39.0
751 5.0
281 13.0
767 87.0
99 63.0
127 54.0
601 60.0
981 86.0
48 7.0
753 25.0
61 58.0
744 24.0
747 57.0
540 42.0
602 4.0
19 96.0
659 9.0
343 23.0
929 79.0
449 51.0
783 19.0
469 1.0
897 83.0
603 86.0
237 45.0
482 74.0
777 13.0
836 13.0
340 71.0
127 28.0
770 65.0
197 74.0
442 51.0
604 87.0
199 52.0
395 73.0
740 9.0
414 37.0
125 2.0
223 54.0
98 95.0
346 55.0
233 99.0
450 85.0
908 35.0
605 5.0
680 92.0
135 38.0
542 87.0
741 41.0
109 52.0
577 82.0
977 33.0
372 84.0
23 19.0
777 83.0
360 75.0
894 39.0
565 45.0
297 62.0
808 4.0
652 33.0
101 62.0
606 72.0
592 23.0
13 24.0
934 57.0
378 25.0
812 21.0
197 92.0
248 59.0
189 55.0
580 7.0
448 26.0
607 26.0
767 24.0
160 26.0
64 25.0
95 21.0
829 45.0
958 24.0
786 79.0
175 80.0
296 70.0
513 55.0
608 62.0
300 73.0
206 77.0
991 43.0
512 9.0
933 58.0
817 31.0
609 31.0
384 88.0
132 37.0
614 97.0
747 60.0
257 29.0
885 64.0
652 3.0
729 28.0
567 54.0
376 29.0
610 45.0
1000 35.0
783 73.0
2 48.0
937 48.0
660 64.0
534 36.0
852 71.0
889 54.0
611 59.0
328 90.0
184 2.0
346 56.0
362 43.0
207 97.0
387 46.0
598 5.0
612 55.0
143 33.0
944 70.0
460 73.0
613 55.0
336 23.0
864 88.0
670 20.0
233 50.0
793 9.0
906 14.0
862 69.0
242 59.0
255 84.0
308 47.0
197 18.0
614 32.0
545 95.0
206 28.0
531 22.0
547 53.0
509 33.0
323 94.0
537 57.0
845 10.0
121 3.0
583 18.0
137 87.0
219 31.0
872 83.0
615 9.0
766 96.0
975 21.0
135 17.0
48 47.0
780 26.0
633 58.0
558 96.0
616 89.0
437 8.0
935 95.0
693 12.0
230 81.0
800 37.0
649 26.0
66 21.0
268 18.0
540 99.0
765 30.0
984 67.0
367 10.0
767 81.0
37 69.0
6 49.0
617 14.0
45 33.0
455 28.0
530 4.0
837 66.0
827 74.0
376 83.0
160 40.0
675 73.0
835 15.0
825 42.0
623 17.0
649 20.0
65 36.0
618 84.0
389 30.0
696 2.0
49 42.0
294 82.0
230 24.0
201 99.0
800 24.0
613 6.0
529 62.0
619 35.0
933 6.0
290 45.0
279 83.0
147 62.0
158 80.0
18 70.0
528 76.0
965 35.0
439 41.0
879 95.0
217 21.0
197 77.0
620 13.0
291 55.0
135 17.0
739 96.0
896 90.0
403 8.0
163 2.0
856 65.0
697 86.0
581 96.0
169 96.0
815 71.0
219 37.0
598 44.0
858 8.0
596 24.0
621 19.0
579 2.0
560 78.0
617 78.0
84 76.0
971 14.0
160 51.0
637 12.0
438 47.0
316 62.0
622 48.0
723 62.0
685 8.0
50 44.0
994 62.0
780 15.0
881 85.0
369 74.0
981 6.0
610 88.0
480 29.0
98 79.0
429 29.0
928 51.0
857 33.0
530 19.0
623 37.0
459 79.0
692 3.0
198 59.0
376 60.0
197 57.0
824 37.0
517 64.0
796 36.0
649 53.0
225 90.0
637 67.0
260 57.0
627 1.0
712 71.0
624 9.0
465 33.0
352 57.0
375 18.0
838 12.0
785 51.0
503 88.0
215 98.0
647 28.0
876 97.0
834 36.0
193 26.0
584 26.0
489 52.0
625 43.0
971 54.0
151 35.0
190 90.0
953 23.0
626 69.0
449 87.0
527 15.0
174 54.0
374 62.0
153 24.0
541 53.0
844 36.0
168 76.0
627 29.0
949 41.0
140 40.0
6 79.0
779 61.0
945 71.0
772 42.0
502 20.0
628 44.0
928 28.0
14 50.0
475 94.0
393 18.0
185 8.0
629 36.0
770 30.0
277 12.0
826 46.0
973 43.0
368 23.0
308 76.0
95 84.0
354 22.0
630 25.0
447 7.0
919 25.0
633 63.0
387 13.0
895 31.0
400 78.0
577 84.0
668 24.0
32 8.0
280 61.0
52 15.0
886 96.0
631 68.0
481 74.0
192 26.0
643 58.0
818 78.0
208 18.0
453 52.0
734 74.0
671 44.0
113 67.0
163 65.0
173 61.0
131 16.0
632 28.0
708 79.0
457 77.0
409 17.0
39 53.0
244 55.0
599 16.0
735 48.0
78 31.0
824 53.0
377 74.0
701 58.0
633 39.0
830 59.0
724 48.0
91 32.0
762 75.0
703 57.0
62 31.0
642 76.0
429 34.0
552 44.0
634 70.0
964 83.0
493 59.0
828 63.0
687 71.0
293 80.0
94 36.0
526 40.0
516 30.0
591 25.0
232 66.0
150 48.0
891 12.0
635 37.0
859 27.0
54 55.0
910 41.0
488 35.0
612 51.0
568 48.0
52 34.0
33 93.0
146 23.0
71 17.0
385 16.0
636 76.0
977 76.0
6 76.0
688 34.0
164 61.0
101 13.0
996 10.0
876 47.0
746 40.0
194 51.0
112 83.0
343 61.0
637 30.0
954 97.0
706 19.0
854 44.0
290 71.0
510 60.0
796 3.0
528 23.0
688 92.0
855 28.0
638 65.0
605 92.0
65 75.0
46 72.0
939 27.0
867 59.0
920 81.0
383 84.0
276 59.0
659 70.0
120 53.0
639 41.0
612 74.0
18 90.0
14 93.0
861 51.0
496 12.0
135 89.0
504 37.0
935 71.0
305 83.0
602 44.0
640 66.0
557 38.0
383 17.0
370 58.0
811 44.0
329 70.0
765 63.0
758 17.0
344 94.0
745 16.0
511 47.0
284 49.0
184 1.0
629 75.0
641 76.0
730 48.0
38 70.0
681 28.0
840 35.0
30 7.0
278 23.0
96 91.0
642 79.0
629 24.0
32 3.0
326 85.0
640 58.0
927 44.0
195 55.0
750 53.0
643 13.0
821 45.0
481 53.0
193 60.0
756 76.0
715 96.0
555 24.0
655 32.0
538 73.0
263 77.0
370 81.0
678 42.0
65 65.0
430 15.0
293 91.0
644 32.0
704 32.0
388 93.0
467 2.0
898 88.0
968 64.0
792 87.0
788 55.0
966 56.0
468 58.0
645 87.0
279 54.0
198 25.0
364 33.0
220 39.0
11 85.0
160 82.0
434 56.0
631 22.0
712 9.0
141 54.0
646 16.0
780 16.0
96 97.0
217 86.0
953 1.0
710 12.0
428 25.0
455 57.0
787 16.0
905 49.0
696 85.0
297 56.0
647 66.0
264 100.0
218 81.0
283 22.0
140 50.0
346 48.0
267 23.0
100 87.0
636 9.0
793 2.0
986 99.0
689 7.0
836 86.0
754 77.0
648 51.0
717 80.0
699 51.0
441 94.0
614 46.0
673 90.0
752 35.0
317 60.0
447 25.0
28 63.0
649 9.0
519 99.0
762 58.0
864 99.0
440 81.0
927 100.0
446 21.0
939 41.0
421 5.0
735 66.0
554 93.0
650 65.0
565 9.0
958 45.0
514 16.0
56 2.0
739 81.0
667 45.0
411 31.0
986 55.0
386 52.0
651 88.0
399 4.0
825 65.0
74 91.0
823 37.0
39 60.0
401 4.0
994 50.0
681 67.0
252 26.0
188 65.0
434 67.0
416 28.0
652 36.0
995 51.0
688 80.0
452 89.0
399 55.0
917 91.0
376 65.0
962 91.0
951 61.0
448 17.0
543 43.0
937 98.0
834 10.0
159 4.0
435 51.0
653 3.0
568 47.0
654 28.0
779 60.0
157 99.0
547 54.0
956 82.0
315 58.0
843 61.0
110 26.0
451 97.0
876 11.0
718 90.0
655 91.0
702 82.0
864 52.0
686 99.0
578 63.0
277 50.0
292 44.0
656 49.0
299 53.0
609 9.0
953 51.0
551 33.0
23 31.0
503 65.0
263 1.0
305 51.0
335 59.0
239 85.0
332 52.0
657 50.0
91 100.0
157 65.0
166 10.0
499 64.0
658 48.0
995 95.0
215 64.0
457 68.0
113 63.0
422 55.0
585 42.0
158 36.0
305 25.0
659 45.0
102 32.0
471 9.0
43 20.0
835 97.0
135 76.0
386 90.0
675 41.0
177 63.0
325 47.0
557 81.0
949 88.0
869 72.0
660 32.0
269 60.0
421 7.0
299 31.0
361 19.0
629 67.0
38 33.0
661 23.0
140 75.0
981 2.0
432 97.0
882 13.0
789 80.0
393 1.0
618 91.0
662 61.0
360 38.0
641 30.0
37 20.0
429 16.0
570 60.0
243 77.0
876 13.0
494 12.0
772 84.0
981 74.0
59 93.0
875 77.0
663 12.0
302 12.0
992 97.0
871 10.0
528 76.0
308 71.0
93 8.0
579 43.0
135 4.0
139 39.0
972 42.0
881 60.0
664 22.0
470 52.0
259 50.0
863 56.0
16 65.0
469 56.0
537 82.0
678 19.0
903 28.0
648 72.0
130 84.0
665 42.0
754 73.0
445 92.0
319 60.0
530 59.0
659 36.0
732 67.0
967 55.0
23 71.0
666 16.0
781 49.0
826 54.0
713 37.0
840 23.0
318 46.0
798 92.0
400 95.0
928 70.0
667 36.0
32 27.0
649 88.0
468 24.0
795 83.0
610 78.0
59 97.0
855 31.0
70 23.0
668 52.0
992 49.0
722 46.0
735 38.0
545 15.0
127 8.0
573 80.0
165 17.0
885 98.0
714 85.0
533 34.0
692 91.0
669 37.0
261 7.0
50 93.0
999 78.0
47 47.0
137 81.0
118 44.0
170 27.0
458 6.0
843 47.0
814 74.0
153 11.0
578 87.0
670 64.0
411 49.0
892 8.0
479 24.0
222 77.0
544 95.0
671 24.0
340 76.0
979 100.0
851 91.0
833 52.0
43 35.0
563 73.0
253 18.0
659 22.0
397 16.0
270 13.0
366 99.0
672 68.0
80 86.0
856 48.0
307 65.0
366 60.0
706 60.0
619 62.0
673 73.0
913 36.0
922 59.0
593 65.0
939 5.0
504 74.0
338 67.0
64 11.0
552 1.0
201 65.0
25 93.0
750 51.0
710 57.0
659 48.0
414 34.0
948 95.0
29 85.0
507 35.0
674 41.0
192 36.0
749 13.0
700 91.0
178 39.0
228 4.0
337 94.0
94 54.0
872 49.0
883 44.0
675 37.0
816 13.0
198 4.0
137 22.0
739 16.0
335 22.0
446 15.0
19 12.0
676 77.0
249 80.0
46 71.0
42 45.0
245 7.0
693 100.0
910 19.0
732 48.0
81 60.0
306 85.0
962 86.0
485 33.0
196 59.0
677 2.0
170 80.0
671 19.0
787 79.0
662 27.0
274 64.0
790 56.0
690 24.0
560 55.0
752 14.0
349 35.0
139 76.0
678 33.0
146 5.0
174 24.0
195 61.0
870 84.0
822 84.0
112 64.0
198 77.0
111 22.0
679 63.0
989 24.0
594 97.0
795 37.0
756 85.0
234 23.0
664 63.0
476 17.0
605 95.0
680 14.0
800 87.0
1 99.0
921 88.0
631 28.0
193 39.0
503 48.0
124 18.0
194 72.0
116 18.0
460 13.0
498 40.0
681 38.0
790 10.0
964 39.0
452 63.0
661 4.0
74 78.0
393 30.0
156 65.0
728 29.0
846 98.0
264 47.0
682 80.0
260 82.0
254 95.0
278 9.0
175 39.0
391 25.0
595 56.0
112 8.0
387 45.0
117 4.0
618 79.0
268 83.0
267 66.0
683 88.0
550 47.0
510 20.0
563 58.0
705 10.0
723 45.0
278 40.0
425 52.0
651 83.0
688 94.0
30 7.0
184 12.0
469 89.0
684 23.0
125 43.0
714 4.0
526 22.0
804 46.0
169 64.0
600 83.0
536 78.0
685 15.0
425 40.0
457 47.0
846 47.0
441 42.0
200 37.0
166 13.0
997 2.0
335 26.0
686 58.0
507 52.0
86 94.0
161 7.0
215 2.0
518 93.0
928 8.0
426 80.0
938 67.0
677 43.0
687 96.0
413 25.0
76 13.0
907 77.0
231 86.0
607 48.0
438 94.0
239 12.0
285 92.0
426 96.0
391 31.0
399 38.0
688 91.0
328 28.0
318 21.0
4 90.0
140 80.0
908 16.0
400 82.0
636 97.0
450 63.0
99 15.0
235 75.0
222 82.0
689 87.0
58 53.0
780 77.0
844 92.0
133 71.0
182 47.0
746 85.0
114 38.0
302 70.0
391 36.0
218 40.0
433 16.0
297 54.0
690 94.0
271 71.0
821 69.0
752 16.0
870 10.0
835 96.0
698 36.0
816 74.0
891 31.0
818 68.0
281 59.0
691 64.0
686 52.0
326 70.0
203 18.0
746 61.0
385 63.0
692 94.0
564 22.0
290 83.0
632 20.0
26 67.0
823 61.0
330 32.0
40 23.0
736 99.0
851 9.0
682 65.0
693 22.0
391 29.0
504 6.0
521 68.0
36 66.0
320 73.0
39 94.0
236 12.0
416 14.0
426 60.0
809 17.0
770 93.0
294 39.0
694 98.0
439 79.0
900 88.0
953 61.0
128 39.0
219 79.0
56 2.0
634 37.0
437 90.0
592 56.0
231 88.0
668 77.0
203 60.0
695 19.0
704 77.0
51 11.0
419 45.0
906 49.0
39 66.0
10 3.0
696 81.0
565 58.0
816 79.0
309 96.0
508 71.0
530 75.0
130 81.0
287 90.0
319 37.0
697 58.0
885 93.0
611 79.0
541 54.0
698 62.0
306 96.0
491 84.0
848 94.0
669 13.0
398 8.0
714 43.0
8 56.0
699 2.0
214 30.0
712 52.0
80 82.0
455 64.0
16 9.0
379 61.0
46 16.0
542 24.0
620 91.0
943 64.0
964 32.0
898 62.0
700 67.0
47 24.0
389 34.0
540 95.0
377 49.0
482 86.0
149 4.0
446 29.0
552 35.0
701 70.0
980 81.0
990 14.0
650 65.0
119 69.0
796 32.0
108 97.0
402 91.0
458 98.0
952 81.0
215 68.0
257 4.0
921 93.0
222 15.0
259 19.0
702 82.0
236 99.0
342 71.0
438 22.0
21 78.0
505 85.0
424 44.0
388 18.0
717 46.0
589 87.0
804 54.0
408 10.0
703 64.0
12 67.0
809 92.0
990 66.0
976 45.0
162 47.0
581 14.0
128 59.0
236 69.0
33 60.0
813 79.0
353 31.0
704 89.0
737 44.0
574 5.0
981 13.0
969 67.0
89 25.0
727 37.0
246 24.0
681 19.0
375 44.0
705 84.0
40 92.0
692 84.0
909 55.0
37 6.0
231 86.0
138 11.0
706 62.0
550 8.0
275 39.0
628 78.0
16 15.0
521 97.0
268 18.0
818 32.0
707 37.0
958 31.0
880 96.0
836 85.0
476 63.0
1 62.0
954 69.0
249 68.0
738 43.0
32 56.0
708 8.0
323 46.0
553 52.0
147 75.0
443 51.0
352 48.0
76 53.0
709 52.0
316 47.0
672 27.0
118 90.0
72 7.0
172 30.0
933 53.0
710 94.0
145 77.0
817 32.0
336 2.0
731 99.0
563 14.0
58 70.0
243 98.0
67 87.0
564 1.0
730 41.0
711 35.0
801 80.0
961 85.0
123 91.0
375 27.0
561 92.0
53 45.0
624 97.0
712 76.0
615 48.0
623 4.0
369 37.0
107 23.0
72 7.0
484 86.0
781 57.0
549 18.0
575 11.0
214 90.0
311 39.0
574 86.0
713 56.0
177 85.0
181 21.0
216 95.0
176 60.0
417 93.0
324 57.0
733 70.0
926 9.0
594 37.0
429 88.0
718 76.0
714 83.0
709 15.0
864 52.0
481 9.0
465 97.0
967 100.0
270 91.0
601 36.0
508 46.0
773 14.0
207 71.0
107 12.0
934 93.0
632 97.0
796 5.0
715 3.0
556 81.0
704 19.0
439 6.0
296 20.0
884 11.0
993 15.0
107 16.0
667 60.0
576 87.0
716 34.0
402 19.0
678 30.0
828 84.0
815 34.0
701 12.0
485 36.0
44 10.0
986 68.0
717 61.0
297 89.0
165 20.0
691 4.0
511 78.0
247 20.0
747 95.0
264 35.0
459 81.0
349 98.0
175 65.0
116 14.0
718 54.0
110 34.0
582 60.0
923 79.0
691 53.0
787 79.0
783 67.0
432 22.0
726 84.0
376 86.0
309 95.0
278 88.0
795 86.0
896 62.0
719 12.0
877 70.0
85 70.0
199 51.0
767 44.0
580 90.0
583 26.0
393 12.0
433 7.0
51 81.0
405 53.0
581 60.0
287 40.0
720 99.0
515 74.0
188 4.0
627 3.0
248 83.0
233 51.0
46 69.0
721 40.0
504 26.0
388 76.0
639 86.0
172 59.0
568 38.0
446 53.0
69 79.0
651 15.0
710 58.0
558 21.0
562 68.0
576 33.0
177 4.0
722 53.0
890 82.0
775 43.0
110 32.0
441 74.0
740 5.0
533 95.0
372 51.0
723 69.0
604 72.0
46 75.0
258 72.0
57 40.0
675 83.0
655 94.0
523 56.0
724 20.0
982 50.0
115 32.0
991 78.0
668 85.0
706 67.0
157 82.0
762 15.0
231 38.0
102 45.0
967 85.0
725 65.0
685 64.0
103 14.0
654 21.0
108 15.0
287 28.0
843 68.0
414 80.0
540 94.0
83 42.0
930 21.0
680 69.0
726 45.0
57 40.0
833 71.0
643 100.0
928 28.0
17 61.0
657 53.0
847 3.0
984 75.0
727 61.0
408 94.0
480 21.0
916 24.0
850 22.0
957 59.0
571 76.0
728 37.0
281 67.0
445 59.0
321 89.0
519 43.0
973 74.0
210 73.0
655 55.0
119 81.0
489 62.0
37 52.0
318 30.0
616 36.0
398 16.0
669 5.0
889 9.0
395 43.0
619 8.0
729 1.0
228 95.0
167 67.0
156 25.0
576 45.0
76 35.0
588 43.0
873 91.0
340 58.0
809 11.0
388 7.0
187 58.0
449 30.0
177 70.0
946 77.0
564 73.0
855 60.0
730 97.0
450 25.0
300 10.0
81 62.0
42 87.0
888 45.0
21 30.0
594 65.0
902 48.0
751 26.0
731 37.0
312 65.0
706 67.0
348 94.0
129 55.0
642 59.0
746 94.0
892 34.0
868 62.0
874 87.0
879 69.0
732 43.0
144 1.0
859 24.0
884 87.0
860 95.0
210 48.0
629 19.0
271 17.0
34 27.0
495 62.0
496 38.0
733 92.0
191 26.0
940 29.0
356 67.0
898 88.0
236 24.0
714 58.0
495 54.0
596 54.0
889 79.0
768 34.0
528 84.0
631 12.0
802 53.0
513 39.0
168 36.0
902 54.0
734 23.0
670 81.0
905 9.0
898 68.0
506 40.0
990 95.0
883 56.0
819 11.0
583 40.0
59 31.0
72 95.0
39 6.0
735 19.0
162 2.0
12 31.0
237 35.0
449 5.0
123 34.0
44 93.0
437 3.0
73 67.0
736 49.0
253 94.0
926 93.0
896 35.0
652 60.0
518 58.0
814 59.0
892 23.0
159 35.0
208 71.0
753 61.0
903 41.0
611 26.0
391 18.0
737 43.0
203 27.0
872 26.0
998 11.0
303 60.0
732 50.0
470 15.0
171 13.0
777 99.0
345 84.0
356 43.0
487 44.0
978 52.0
738 80.0
718 83.0
727 15.0
931 90.0
671 41.0
178 17.0
472 65.0
154 84.0
181 61.0
94 93.0
445 52.0
594 39.0
873 52.0
152 19.0
427 90.0
473 71.0
739 24.0
824 34.0
513 36.0
186 8.0
342 47.0
254 56.0
616 76.0
737 17.0
267 45.0
352 24.0
346 88.0
740 73.0
199 9.0
558 5.0
836 82.0
270 36.0
284 8.0
592 94.0
762 2.0
58 73.0
11 49.0
147 71.0
741 27.0
119 45.0
705 20.0
763 81.0
596 38.0
915 71.0
566 68.0
602 16.0
585 7.0
314 67.0
733 59.0
742 95.0
610 64.0
927 65.0
597 6.0
512 50.0
84 96.0
612 95.0
49 63.0
924 16.0
743 67.0
638 85.0
195 99.0
655 50.0
229 49.0
524 31.0
44 91.0
487 50.0
420 40.0
739 46.0
824 81.0
879 91.0
689 60.0
207 73.0
744 31.0
652 80.0
916 16.0
862 49.0
233 13.0
772 2.0
863 91.0
927 53.0
951 6.0
745 8.0
137 99.0
286 18.0
886 64.0
76 4.0
168 23.0
489 63.0
863 66.0
793 94.0
737 24.0
487 18.0
897 24.0
746 11.0
448 65.0
907 67.0
721 52.0
249 51.0
356 48.0
179 97.0
747 28.0
700 27.0
785 13.0
148 62.0
480 51.0
656 87.0
793 63.0
108 96.0
315 54.0
21 72.0
655 70.0
288 26.0
94 55.0
284 74.0
748 79.0
398 11.0
972 25.0
647 2.0
73 69.0
331 94.0
306 86.0
693 77.0
41 97.0
593 88.0
150 100000.0
326 30.0
340 23.0
684 78.0
749 62.0
234 71.0
473 21.0
25 15.0
346 34.0
570 54.0
296 91.0
763 86.0
750 77.0
197 39.0
793 98.0
486 13.0
836 44.0
355 85.0
458 35.0
97 71.0
935 35.0
766 54.0
490 1.0
508 79.0
805 23.0
212 91.0
926 59.0
751 3.0
676 69.0
310 83.0
819 38.0
765 93.0
857 69.0
352 25.0
565 43.0
591 90.0
752 56.0
127 54.0
646 97.0
526 36.0
237 15.0
491 94.0
362 68.0
670 16.0
551 43.0
463 80.0
200 81.0
753 60.0
27 80.0
860 96.0
995 70.0
389 13.0
705 7.0
657 55.0
901 66.0
754 75.0
601 72.0
925 22.0
209 9.0
162 47.0
387 54.0
583 78.0
46 16.0
397 65.0
755 100.0
260 71.0
292 89.0
128 5.0
704 61.0
105 1.0
458 23.0
361 14.0
781 59.0
618 35.0
986 86.0
315 94.0
756 18.0
207 2.0
659 81.0
644 41.0
898 56.0
291 42.0
519 91.0
826 76.0
772 71.0
32 10.0
492 6.0
145 98.0
617 48.0
757 29.0
40 24.0
535 62.0
277 85.0
99 41.0
77 9.0
709 99.0
790 16.0
713 3.0
936 91.0
980 82.0
758 95.0
871 89.0
695 3.0
421 6.0
314 44.0
193 69.0
240 42.0
537 69.0
77 99.0
759 72.0
332 1.0
66 10.0
383 24.0
88 75.0
981 21.0
439 49.0
708 38.0
115 71.0
855 32.0
869 89.0
596 94.0
912 69.0
760 19.0
140 79.0
903 89.0
484 44.0
246 45.0
678 97.0
413 21.0
923 97.0
485 39.0
966 70.0
648 1.0
761 100.0
317 61.0
516 7.0
14 62.0
488 99.0
919 23.0
983 41.0
95 88.0
12 12.0
225 81.0
446 37.0
335 39.0
270 59.0
99 89.0
916 43.0
577 67.0
511 7.0
837 29.0
504 92.0
287 86.0
188 17.0
762 58.0
358 25.0
395 52.0
630 36.0
794 13.0
401 18.0
974 31.0
163 44.0
763 39.0
330 71.0
17 16.0
519 79.0
194 23.0
356 63.0
498 46.0
408 20.0
432 31.0
364 24.0
34 64.0
730 33.0
579 35.0
764 43.0
460 15.0
561 81.0
260 82.0
626 21.0
930 78.0
923 51.0
326 14.0
798 96.0
765 38.0
115 2.0
22 34.0
873 96.0
263 67.0
27 55.0
58 73.0
717 5.0
883 90.0
32 47.0
73 91.0
479 67.0
530 41.0
738 51.0
239 82.0
766 9.0
900 96.0
332 65.0
643 6.0
69 79.0
531 26.0
204 50.0
189 3.0
323 86.0
134 30.0
537 96.0
767 15.0
306 93.0
891 42.0
135 81.0
52 28.0
810 9.0
753 27.0
346 37.0
330 89.0
301 25.0
737 44.0
768 30.0
620 4.0
504 36.0
89 49.0
745 27.0
951 97.0
597 41.0
896 10.0
749 9.0
97 85.0
769 74.0
462 1.0
892 80.0
514 88.0
742 95.0
304 25.0
560 58.0
371 15.0
770 58.0
529 22.0
543 10.0
931 27.0
390 59.0
578 87.0
125 75.0
507 85.0
588 65.0
176 40.0
938 9.0
923 52.0
113 47.0
966 64.0
771 10.0
469 17.0
612 64.0
664 56.0
921 97.0
183 5.0
337 33.0
318 11.0
933 83.0
772 25.0
916 82.0
306 21.0
525 58.0
64 68.0
183 71.0
769 27.0
330 84.0
414 99.0
87 29.0
364 61.0
766 82.0
419 15.0
412 49.0
743 42.0
773 76.0
861 79.0
573 84.0
274 9.0
878 48.0
61 40.0
18 78.0
846 21.0
960 88.0
32 35.0
774 18.0
548 50.0
720 56.0
44 68.0
217 38.0
243 33.0
144 18.0
829 39.0
129 18.0
775 57.0
312 1.0
48 7.0
296 25.0
432 3.0
869 67.0
627 68.0
776 50.0
744 74.0
774 29.0
87 23.0
708 24.0
144 90.0
75 35.0
188 39.0
601 74.0
629 14.0
357 37.0
872 54.0
347 14.0
940 29.0
546 82.0
140 20.0
373 100.0
777 10.0
309 71.0
305 34.0
288 52.0
710 25.0
323 71.0
198 38.0
151 12.0
119 22.0
306 21.0
778 32.0
540 1.0
793 96.0
851 52.0
161 3.0
25 87.0
278 34.0
677 6.0
375 74.0
938 27.0
561 10.0
779 80.0
974 50.0
560 6.0
346 84.0
478 74.0
229 62.0
843 18.0
587 9.0
144 61.0
215 31.0
198 99.0
787 41.0
983 6.0
908 6.0
530 55.0
780 9.0
935 4.0
833 19.0
974 79.0
608 23.0
51 81.0
470 27.0
124 3.0
846 1.0
781 96.0
90 5.0
889 60.0
309 76.0
76 15.0
926 87.0
611 31.0
303 4.0
782 87.0
148 68.0
705 10.0
629 71.0
905 7.0
893 80.0
495 33.0
191 66.0
733 34.0
624 59.0
389 68.0
832 58.0
783 61.0
374 89.0
553 61.0
237 11.0
446 78.0
101 3.0
784 73.0
308 74.0
144 42.0
430 49.0
401 92.0
707 70.0
215 57.0
381 90.0
17 17.0
968 21.0
805 69.0
628 3.0
191 10.0
390 99.0
190 28.0
785 77.0
189 12.0
852 64.0
495 80.0
550 68.0
458 94.0
735 37.0
448 2.0
241 85.0
177 47.0
874 95.0
714 79.0
60 49.0
786 9.0
997 75.0
235 98.0
420 82.0
64 65.0
157 33.0
787 33.0
89 86.0
825 37.0
91 98.0
424 80.0
859 29.0
46 2.0
256 54.0
983 72.0
991 46.0
114 27.0
477 56.0
399 53.0
788 56.0
937 83.0
457 97.0
166 93.0
794 32.0
862 19.0
897 41.0
3 90.0
74 94.0
899 88.0
789 100.0
847 13.0
630 5.0
585 53.0
79 15.0
907 80.0
192 93.0
6 84.0
108 46.0
679 83.0
289 71.0
416 93.0
854 5.0
137 70.0
588 23.0
201 3.0
633 54.0
989 26.0
817 19.0
734 85.0
790 94.0
486 53.0
391 34.0
672 27.0
633 96.0
756 90.0
448 94.0
835 31.0
811 95.0
47 51.0
366 76.0
235 33.0
551 11.0
920 97.0
511 54.0
791 94.0
252 68.0
174 24.0
138 40.0
533 38.0
971 85.0
676 78.0
919 76.0
824 70.0
293 4.0
551 51.0
287 59.0
175 71.0
223 93.0
792 58.0
208 99.0
665 49.0
478 68.0
811 99.0
688 49.0
70 30.0
972 27.0
380 26.0
611 73.0
969 82.0
690 3.0
787 85.0
190 53.0
263 21.0
793 10.0
725 52.0
455 58.0
521 7.0
936 51.0
655 24.0
95 64.0
698 74.0
874 100.0
794 54.0
409 71.0
728 39.0
82 3.0
969 15.0
916 69.0
545 17.0
795 70.0
412 8.0
856 95.0
851 92.0
888 79.0
433 88.0
444 51.0
142 1.0
115 71.0
796 8.0
683 51.0
235 36.0
356 50.0
979 86.0
125 64.0
530 83.0
229 56.0
147 27.0
797 3.0
733 62.0
662 79.0
652 14.0
600 99.0
155 65.0
837 74.0
896 18.0
654 17.0
798 73.0
625 59.0
966 37.0
827 46.0
53 61.0
727 75.0
128 47.0
540 74.0
581 67.0
376 4.0
429 93.0
799 35.0
571 76.0
527 96.0
454 67.0
474 33.0
717 80.0
993 88.0
362 99.0
828 61.0
214 34.0
633 75.0
651 58.0
351 6.0
359 44.0
670 82.0
800 48.0
683 39.0
624 52.0
186 17.0
676 66.0
761 93.0
496 44.0
495 31.0
418 98.0
675 2.0
713 17.0
583 18.0
801 59.0
182 60.0
131 77.0
907 42.0
181 80.0
838 41.0
760 38.0
754 18.0
616 50.0
314 55.0
517 12.0
675 21.0
979 43.0
646 81.0
922 87.0
802 98.0
835 44.0
639 52.0
440 74.0
380 27.0
256 80.0
853 2.0
699 58.0
425 75.0
735 65.0
441 87.0
419 57.0
803 12.0
266 6.0
884 69.0
805 65.0
408 55.0
530 93.0
249 43.0
572 86.0
230 96.0
804 49.0
94 38.0
300 93.0
312 25.0
829 77.0
845 21.0
577 63.0
189 15.0
726 39.0
397 35.0
805 90.0
399 46.0
811 68.0
993 87.0
684 38.0
51 99.0
100 73.0
760 2.0
487 84.0
104 8.0
775 22.0
806 77.0
227 29.0
80 69.0
332 23.0
313 74.0
812 67.0
306 39.0
632 42.0
715 83.0
844 85.0
389 55.0
440 16.0
48 42.0
807 49.0
929 1.0
743 62.0
951 31.0
200 24.0
923 3.0
713 40.0
504 77.0
772 24.0
780 63.0
141 100.0
623 43.0
821 96.0
647 63.0
301 23.0
808 26.0
823 76.0
294 20.0
214 54.0
109 27.0
600 21.0
601 59.0
45 55.0
342 29.0
724 65.0
997 66.0
265 99.0
890 28.0
809 27.0
794 57.0
371 91.0
616 4.0
908 31.0
504 1.0
232 94.0
153 98.0
704 66.0
810 80.0
806 83.0
794 24.0
79 60.0
162 84.0
811 48.0
112 4.0
829 67.0
284 42.0
71 43.0
989 75.0
265 32.0
892 76.0
831 11.0
549 93.0
911 60.0
656 62.0
26 70.0
40 82.0
812 70.0
402 18.0
620 94.0
88 30.0
139 12.0
513 23.0
227 30.0
917 38.0
773 3.0
843 14.0
813 48.0
263 93.0
203 54.0
6 60.0
81 43.0
985 96.0
678 39.0
82 1.0
580 87.0
182 50.0
697 97.0
879 33.0
314 29.0
814 75.0
299 21.0
743 9.0
656 31.0
361 49.0
427 46.0
131 89.0
553 17.0
815 15.0
524 88.0
313 12.0
627 44.0
668 13.0
867 36.0
178 88.0
949 62.0
180 53.0
816 22.0
631 12.0
939 48.0
547 22.0
30 17.0
297 82.0
258 33.0
887 45.0
414 73.0
944 50.0
673 51.0
542 97.0
223 45.0
702 78.0
817 8.0
886 14.0
30 68.0
39 46.0
482 39.0
792 56.0
687 82.0
604 32.0
743 9.0
92 50.0
831 79.0
818 91.0
613 41.0
678 58.0
332 35.0
76 78.0
228 90.0
765 89.0
476 3.0
571 91.0
557 28.0
864 46.0
819 2.0
359 19.0
862 87.0
912 2.0
894 31.0
175 76.0
926 54.0
820 59.0
718 32.0
863 15.0
282 31.0
273 77.0
79 29.0
354 64.0
167 97.0
821 82.0
770 96.0
784 33.0
100 17.0
871 15.0
850 65.0
5 16.0
865 81.0
746 76.0
244 100.0
77 24.0
822 92.0
548 79.0
705 33.0
780 42.0
429 24.0
679 92.0
322 53.0
92 49.0
847 45.0
128 74.0
590 84.0
647 100.0
716 73.0
755 82.0
241 17.0
823 19.0
819 34.0
823 38.0
202 73.0
325 56.0
129 52.0
792 1.0
700 64.0
814 24.0
271 26.0
824 76.0
113 4.0
985 30.0
452 31.0
170 47.0
217 29.0
770 90.0
936 55.0
92 23.0
709 17.0
825 40.0
761 94.0
902 24.0
715 35.0
380 29.0
548 7.0
235 19.0
835 21.0
907 34.0
624 73.0
204 94.0
627 28.0
826 23.0
94 73.0
577 94.0
671 70.0
179 40.0
827 57.0
406 37.0
537 7.0
799 16.0
230 15.0
703 11.0
373 94.0
828 61.0
790 21.0
607 30.0
767 89.0
92 4.0
457 63.0
579 15.0
447 69.0
829 61.0
342 72.0
884 77.0
496 18.0
44 15.0
444 62.0
644 46.0
219 73.0
387 21.0
240 21.0
830 74.0
36 56.0
403 100.0
323 4.0
831 37.0
707 14.0
56 81.0
726 69.0
716 86.0
225 1.0
459 56.0
449 62.0
670 96.0
751 77.0
874 60.0
533 18.0
766 71.0
450 72.0
432 61.0
66 74.0
673 3.0
832 92.0
654 38.0
958 50.0
857 87.0
410 64.0
862 38.0
681 19.0
580 51.0
28 33.0
470 78.0
512 43.0
833 73.0
333 90.0
885 62.0
171 29.0
203 25.0
828 10.0
910 82.0
834 23.0
701 34.0
286 20.0
997 47.0
983 75.0
945 72.0
246 56.0
838 31.0
618 78.0
910 23.0
835 88.0
664 48.0
425 59.0
176 79.0
284 50.0
250 96.0
6 80.0
216 10.0
221 65.0
836 44.0
6 59.0
224 43.0
122 42.0
766 86.0
666 27.0
185 87.0
151 61.0
897 74.0
571 86.0
788 77.0
420 75.0
681 53.0
933 46.0
205 41.0
891 53.0
165 80.0
837 10.0
882 55.0
579 68.0
349 67.0
566 20.0
886 39.0
250 23.0
838 3.0
961 57.0
741 54.0
620 71.0
394 70.0
639 80.0
365 44.0
269 81.0
389 40.0
839 91.0
442 63.0
973 64.0
454 64.0
484 21.0
9 85.0
741 22.0
30 48.0
79 49.0
867 33.0
840 13.0
913 16.0
471 39.0
163 31.0
261 32.0
187 95.0
721 15.0
483 5.0
817 54.0
841 11.0
57 30.0
460 40.0
379 98.0
981 56.0
989 50.0
777 100.0
842 33.0
694 80.0
595 100.0
413 17.0
646 68.0
357 47.0
940 68.0
947 60.0
971 64.0
184 75.0
149 73.0
843 7.0
763 76.0
580 48.0
863 57.0
744 17.0
925 50.0
317 87.0
844 61.0
670 20.0
278 89.0
356 52.0
692 80.0
554 93.0
508 24.0
99 70.0
516 58.0
376 15.0
999 4.0
491 74.0
845 96.0
845 85.0
995 29.0
127 99.0
450 12.0
361 40.0
627 99.0
729 12.0
443 78.0
898 68.0
773 54.0
846 50.0
392 76.0
566 16.0
469 96.0
433 2.0
868 3.0
170 99.0
549 63.0
105 96.0
930 95.0
847 87.0
802 70.0
335 17.0
601 49.0
194 33.0
202 32.0
1000 5.0
211 80.0
520 100000.0
848 88.0
970 65.0
751 65.0
314 93.0
154 81.0
48 5.0
393 18.0
510 46.0
274 19.0
849 26.0
652 1.0
243 27.0
770 83.0
337 17.0
279 68.0
193 65.0
497 15.0
729 27.0
850 19.0
951 42.0
4 19.0
932 67.0
494 42.0
72 68.0
296 32.0
973 84.0
154 26.0
851 27.0
569 40.0
936 88.0
855 61.0
123 92.0
861 99.0
27 51.0
852 40.0
729 28.0
931 76.0
899 6.0
93 78.0
762 20.0
508 75.0
391 24.0
706 49.0
513 47.0
853 67.0
818 68.0
650 38.0
511 44.0
428 92.0
114 73.0
982 1.0
325 35.0
984 71.0
269 24.0
854 70.0
493 46.0
125 19.0
376 11.0
622 38.0
980 22.0
632 89.0
204 62.0
475 24.0
281 80.0
285 54.0
855 57.0
403 24.0
126 55.0
212 59.0
47 8.0
885 91.0
702 71.0
6 55.0
409 21.0
374 38.0
856 70.0
42 47.0
160 29.0
857 42.0
575 88.0
938 24.0
679 97.0
178 96.0
700 96.0
901 70.0
717 9.0
858 3.0
522 48.0
476 26.0
85 5.0
893 69.0
784 26.0
946 68.0
763 55.0
212 10.0
724 79.0
153 21.0
495 27.0
859 91.0
351 12.0
156 32.0
721 95.0
682 64.0
701 2.0
309 31.0
87 57.0
766 48.0
860 16.0
318 7.0
350 67.0
394 43.0
682 68.0
993 45.0
232 14.0
107 50.0
686 15.0
173 98.0
871 19.0
671 97.0
163 98.0
876 17.0
77 56.0
750 54.0
532 89.0
861 89.0
302 88.0
28 63.0
101 16.0
576 50.0
241 77.0
319 14.0
944 44.0
862 52.0
134 37.0
817 86.0
118 6.0
35 85.0
127 86.0
192 43.0
675 7.0
198 95.0
387 60.0
257 80.0
843 10.0
863 23.0
856 17.0
694 24.0
926 62.0
789 99.0
649 26.0
141 41.0
864 46.0
859 5.0
856 18.0
943 54.0
332 52.0
609 27.0
741 54.0
433 16.0
865 63.0
840 75.0
306 100.0
636 77.0
721 10.0
747 13.0
79 7.0
986 10.0
879 62.0
866 52.0
781 5.0
123 62.0
693 58.0
377 36.0
463 41.0
70 4.0
898 28.0
968 4.0
743 44.0
212 55.0
867 3.0
101 34.0
521 6.0
692 55.0
792 36.0
773 33.0
502 13.0
821 73.0
923 35.0
616 77.0
14 85.0
440 77.0
667 73.0
550 25.0
765 82.0
868 29.0
420 75.0
296 84.0
538 76.0
701 80.0
355 47.0
257 9.0
979 65.0
964 64.0
27 5.0
869 18.0
448 42.0
586 52.0
416 26.0
744 19.0
525 86.0
676 7.0
984 33.0
379 96.0
671 17.0
870 17.0
150 92.0
742 91.0
464 45.0
889 71.0
223 74.0
391 39.0
125 28.0
452 100.0
37 28.0
870 88.0
217 47.0
485 82.0
744 5.0
873 74.0
847 39.0
541 87.0
952 54.0
793 58.0
10 43.0
701 50.0
18 35.0
274 50.0
871 11.0
639 23.0
730 79.0
872 52.0
646 23.0
319 98.0
545 95.0
503 66.0
783 38.0
517 75.0
458 88.0
371 48.0
759 24.0
1 48.0
727 68.0
557 23.0
873 35.0
582 21.0
12 43.0
535 37.0
457 50.0
610 94.0
114 45.0
379 96.0
256 34.0
874 5.0
434 15.0
852 90.0
507 41.0
698 91.0
839 12.0
52 74.0
829 81.0
270 51.0
875 15.0
663 13.0
9 12.0
721 18.0
227 16.0
780 69.0
51 43.0
756 49.0
298 67.0
688 33.0
711 55.0
527 23.0
772 52.0
822 57.0
569 40.0
546 100.0
876 4.0
692 67.0
996 4.0
298 25.0
774 76.0
963 95.0
11 33.0
258 21.0
219 53.0
553 10.0
193 31.0
558 82.0
676 57.0
799 66.0
877 76.0
153 14.0
717 3.0
314 74.0
65 91.0
15 6.0
104 41.0
50 10.0
711 96.0
101 84.0
134 59.0
119 61.0
959 88.0
211 41.0
204 83.0
427 20.0
878 40.0
574 92.0
444 13.0
386 48.0
158 43.0
499 3.0
857 74.0
879 82.0
483 12.0
392 28.0
352 85.0
813 83.0
699 32.0
71 93.0
851 9.0
241 72.0
973 6.0
880 45.0
114 65.0
359 5.0
689 40.0
995 69.0
990 41.0
887 35.0
274 68.0
303 54.0
728 29.0
278 34.0
37 69.0
913 62.0
756 9.0
881 56.0
621 89.0
330 47.0
756 18.0
114 2.0
564 42.0
633 6.0
51 74.0
87 36.0
534 73.0
882 35.0
424 21.0
96 15.0
836 11.0
112 37.0
801 66.0
994 33.0
330 43.0
677 45.0
108 12.0
883 66.0
168 40.0
525 77.0
346 100.0
107 50.0
174 72.0
321 12.0
578 79.0
650 47.0
99 2.0
836 66.0
884 47.0
192 43.0
481 20.0
662 79.0
183 62.0
618 8.0
521 45.0
410 75.0
520 28.0
885 75.0
715 63.0
534 24.0
965 29.0
953 80.0
456 5.0
85 27.0
889 81.0
867 97.0
459 95.0
338 40.0
597 29.0
886 76.0
115 13.0
647 35.0
148 8.0
575 3.0
350 19.0
887 37.0
262 32.0
415 20.0
409 44.0
84 3.0
998 31.0
248 80.0
666 24.0
475 47.0
780 11.0
335 10.0
901 59.0
123 64.0
739 99.0
795 15.0
346 80.0
888 2.0
817 4.0
760 70.0
716 35.0
205 34.0
599 7.0
677 38.0
383 81.0
656 75.0
664 84.0
467 84.0
889 40.0
823 87.0
758 100.0
861 66.0
1 7.0
896 78.0
431 32.0
36 93.0
544 69.0
916 9.0
993 33.0
890 69.0
653 3.0
471 96.0
991 53.0
408 100000.0
721 71.0
891 11.0
34 46.0
95 97.0
982 100.0
490 3.0
605 23.0
919 77.0
799 67.0
892 82.0
426 38.0
739 59.0
999 57.0
22 100.0
787 19.0
767 46.0
611 64.0
96 56.0
526 14.0
763 30.0
857 86.0
221 91.0
252 59.0
893 52.0
923 5.0
460 47.0
193 52.0
378 90.0
886 89.0
724 84.0
38 78.0
894 72.0
691 75.0
482 16.0
163 38.0
697 50.0
175 27.0
630 31.0
576 19.0
900 79.0
67 46.0
661 70.0
423 1.0
625 21.0
895 53.0
698 96.0
867 87.0
528 81.0
366 36.0
145 16.0
609 85.0
512 73.0
665 49.0
445 26.0
586 79.0
843 8.0
500 90.0
164 99.0
333 100.0
896 83.0
86 54.0
503 12.0
339 24.0
400 54.0
629 91.0
321 39.0
41 91.0
525 81.0
353 64.0
115 40.0
897 48.0
120 59.0
829 93.0
226 77.0
550 16.0
946 61.0
433 32.0
904 68.0
559 88.0
287 60.0
223 99.0
898 38.0
328 98.0
513 10.0
85 57.0
670 1.0
264 72.0
420 22.0
494 77.0
746 94.0
564 38.0
404 75.0
926 7.0
242 62.0
899 15.0
338 23.0
880 69.0
836 20.0
153 29.0
378 70.0
900 39.0
193 20.0
953 14.0
219 97.0
937 52.0
972 34.0
909 76.0
901 38.0
445 1.0
463 95.0
341 73.0
324 12.0
893 83.0
420 81.0
134 54.0
170 5.0
675 3.0
902 100.0
492 25.0
636 80.0
142 29.0
600 93.0
374 73.0
570 42.0
969 50.0
904 18.0
50 31.0
903 49.0
829 27.0
677 30.0
486 97.0
399 97.0
248 99.0
623 64.0
904 25.0
116 82.0
411 24.0
124 78.0
404 71.0
112 29.0
153 65.0
566 11.0
415 49.0
852 68.0
384 74.0
905 58.0
13 48.0
25 69.0
545 5.0
102 42.0
39 48.0
720 40.0
431 82.0
126 63.0
267 17.0
541 81.0
314 46.0
464 46.0
722 97.0
737 99.0
906 15.0
5 62.0
884 45.0
289 71.0
775 47.0
771 48.0
857 87.0
166 81.0
76 73.0
934 77.0
42 70.0
390 32.0
871 87.0
907 74.0
360 25.0
753 84.0
514 40.0
156 10.0
207 29.0
818 8.0
757 31.0
197 29.0
625 75.0
908 35.0
733 94.0
113 60.0
880 36.0
573 57.0
591 54.0
205 20.0
471 94.0
439 80.0
387 62.0
192 98.0
909 79.0
230 27.0
620 6.0
155 69.0
923 22.0
294 96.0
471 23.0
910 46.0
988 34.0
59 39.0
679 23.0
15 28.0
911 61.0
671 19.0
393 67.0
245 71.0
801 66.0
738 58.0
157 50.0
837 69.0
454 55.0
223 96.0
553 97.0
25 71.0
440 77.0
315 83.0
912 80.0
815 16.0
548 15.0
306 95.0
401 69.0
604 9.0
959 48.0
648 9.0
67 26.0
749 66.0
614 14.0
702 83.0
913 96.0
877 12.0
606 15.0
958 57.0
384 25.0
604 34.0
594 96.0
630 17.0
455 20.0
914 96.0
366 12.0
500 24.0
972 59.0
277 55.0
22 20.0
371 19.0
152 28.0
81 13.0
85 27.0
834 74.0
528 65.0
915 13.0
542 82.0
42 11.0
331 23.0
902 57.0
859 33.0
912 64.0
877 86.0
285 100.0
125 37.0
207 89.0
670 4.0
392 8.0
370 15.0
528 93.0
750 95.0
514 28.0
163 5.0
795 87.0
916 3.0
638 99.0
888 87.0
806 10.0
549 29.0
839 4.0
435 57.0
189 14.0
418 86.0
893 19.0
688 97.0
165 6.0
286 90.0
645 28.0
917 72.0
781 67.0
32 7.0
984 1.0
898 63.0
850 77.0
153 97.0
389 6.0
727 78.0
929 96.0
842 49.0
314 38.0
604 78.0
821 40.0
305 57.0
754 98.0
231 93.0
343 24.0
485 35.0
446 94.0
186 30.0
918 6.0
170 76.0
551 67.0
401 1.0
451 99.0
759 1.0
492 14.0
296 99.0
49 2.0
239 30.0
15 69.0
947 7.0
201 97.0
919 100000.0
743 79.0
606 16.0
395 4.0
694 88.0
591 49.0
329 87.0
670 80.0
349 82.0
450 20.0
863 52.0
693 74.0
559 45.0
920 66.0
400 82.0
106 94.0
231 11.0
454 100000.0
170 10.0
27 97.0
580 41.0
815 70.0
921 2.0
549 99.0
778 10.0
184 98.0
571 36.0
943 17.0
208 86.0
377 68.0
76 19.0
863 100.0
431 30.0
922 48.0
597 76.0
37 72.0
932 26.0
923 43.0
481 39.0
619 78.0
406 53.0
826 53.0
273 32.0
575 18.0
345 33.0
839 81.0
801 11.0
863 36.0
404 10.0
15 77.0
11 36.0
51 33.0
116 77.0
924 7.0
896 18.0
424 75.0
149 34.0
676 41.0
213 100.0
807 24.0
629 42.0
925 70.0
590 71.0
574 36.0
899 96.0
833 47.0
154 1.0
394 70.0
225 76.0
592 82.0
664 4.0
384 71.0
160 78.0
926 36.0
336 54.0
747 3.0
107 19.0
194 32.0
139 81.0
998 60.0
445 98.0
104 82.0
938 8.0
255 20.0
927 56.0
907 10.0
811 24.0
113 47.0
738 46.0
68 50.0
305 85.0
342 72.0
349 12.0
237 63.0
362 92.0
932 80.0
262 23.0
928 56.0
537 34.0
860 15.0
939 16.0
501 20.0
993 34.0
969 95.0
951 28.0
33 36.0
942 52.0
30 45.0
553 7.0
339 18.0
962 81.0
900 32.0
19 89.0
929 89.0
642 6.0
883 21.0
523 57.0
809 87.0
807 7.0
233 19.0
392 97.0
781 28.0
691 3.0
746 49.0
114 38.0
930 30.0
6 26.0
786 40.0
792 14.0
480 97.0
921 31.0
671 26.0
95 15.0
583 77.0
931 52.0
557 69.0
848 29.0
113 89.0
278 33.0
539 99.0
218 76.0
440 85.0
696 88.0
720 41.0
828 11.0
518 57.0
653 38.0
300 1.0
932 32.0
396 23.0
452 7.0
28 94.0
151 40.0
776 72.0
177 20.0
108 15.0
351 76.0
50 64.0
51 28.0
714 45.0
259 24.0
469 51.0
891 8.0
293 68.0
933 16.0
48 19.0
215 78.0
742 35.0
667 12.0
95 73.0
877 48.0
975 45.0
312 64.0
334 16.0
422 26.0
354 56.0
636 35.0
71 95.0
409 34.0
934 29.0
863 72.0
771 68.0
542 28.0
462 57.0
109 38.0
938 28.0
287 69.0
42 48.0
185 41.0
688 55.0
935 62.0
738 88.0
719 66.0
761 94.0
903 75.0
894 75.0
936 26.0
576 49.0
441 65.0
551 79.0
754 66.0
969 29.0
713 10.0
537 18.0
937 45.0
136 99.0
149 67.0
787 57.0
10 70.0
806 14.0
444 16.0
943 99.0
197 100.0
938 20.0
214 68.0
900 14.0
848 65.0
414 51.0
939 19.0
715 99.0
621 4.0
867 93.0
890 29.0
344 59.0
965 17.0
627 68.0
940 92.0
200 90.0
9 100.0
353 5.0
595 32.0
980 100.0
656 90.0
59 74.0
941 19.0
388 30.0
419 2.0
39 91.0
59 37.0
999 1.0
942 41.0
422 7.0
131 24.0
939 36.0
292 42.0
919 8.0
621 25.0
311 37.0
656 59.0
901 38.0
646 55.0
904 54.0
776 28.0
943 81.0
303 83.0
407 47.0
34 73.0
154 43.0
15 39.0
539 53.0
944 6.0
222 100000.0
945 50.0
793 94.0
20 27.0
945 42.0
965 88.0
368 9.0
895 97.0
35 86.0
676 8.0
640 15.0
158 72.0
946 18.0
496 79.0
646 6.0
96 96.0
968 16.0
107 89.0
494 27.0
890 13.0
947 27.0
729 79.0
356 87.0
939 38.0
544 62.0
25 93.0
807 19.0
482 93.0
968 73.0
948 21.0
432 66.0
342 89.0
535 63.0
895 15.0
243 90.0
122 62.0
740 43.0
68 18.0
660 61.0
384 79.0
166 96.0
1000 34.0
145 26.0
949 54.0
536 54.0
239 15.0
968 96.0
567 36.0
259 49.0
386 18.0
866 86.0
737 58.0
950 24.0
877 36.0
314 81.0
354 53.0
643 68.0
860 50.0
554 46.0
222 79.0
269 99.0
975 58.0
874 34.0
701 49.0
161 54.0
904 18.0
951 100.0
618 68.0
68 35.0
80 94.0
535 20.0
320 17.0
738 81.0
12 95.0
482 7.0
833 89.0
952 91.0
522 73.0
882 54.0
919 67.0
143 76.0
485 74.0
418 26.0
50 76.0
430 29.0
585 71.0
953 96.0
235 36.0
762 55.0
249 69.0
954 8.0
346 66.0
329 99.0
808 36.0
818 85.0
726 88.0
443 77.0
838 18.0
703 53.0
338 32.0
13 57.0
825 63.0
561 74.0
999 6.0
281 22.0
636 61.0
657 55.0
955 82.0
512 39.0
438 49.0
853 79.0
315 56.0
308 52.0
539 40.0
133 23.0
117 51.0
50 43.0
986 25.0
808 95.0
956 77.0
381 34.0
323 70.0
229 52.0
696 44.0
722 8.0
570 1.0
841 24.0
95 4.0
889 76.0
199 27.0
303 13.0
499 99.0
511 28.0
957 32.0
520 13.0
108 52.0
263 57.0
459 87.0
171 51.0
730 98.0
573 1.0
319 15.0
69 64.0
958 4.0
14 35.0
270 61.0
981 97.0
456 92.0
988 35.0
852 41.0
764 43.0
959 91.0
498 91.0
454 47.0
197 44.0
793 64.0
185 46.0
166 89.0
87 67.0
787 69.0
522 26.0
960 86.0
847 68.0
764 8.0
84 90.0
260 67.0
624 80.0
364 58.0
773 72.0
636 59.0
86 12.0
647 62.0
36 33.0
580 14.0
411 74.0
341 15.0
993 84.0
171 1.0
231 64.0
961 74.0
100 26.0
88 8.0
661 73.0
451 18.0
699 80.0
779 30.0
329 88.0
435 47.0
62 79.0
584 49.0
962 94.0
170 40.0
599 14.0
474 69.0
807 73.0
404 26.0
39 9.0
549 74.0
372 20.0
134 68.0
910 6.0
456 63.0
242 99.0
311 73.0
722 79.0
963 35.0
913 70.0
966 74.0
2 42.0
109 16.0
55 69.0
264 54.0
472 32.0
713 54.0
920 23.0
964 36.0
307 18.0
562 72.0
481 62.0
87 46.0
290 83.0
753 83.0
231 54.0
828 61.0
624 15.0
965 9.0
546 60.0
953 16.0
449 58.0
802 68.0
267 33.0
862 55.0
104 71.0
823 30.0
966 25.0
349 65.0
87 57.0
520 92.0
751 50.0
365 80.0
371 78.0
174 57.0
575 73.0
967 61.0
23 4.0
967 4.0
306 65.0
712 23.0
510 12.0
673 50.0
547 79.0
684 15.0
534 43.0
466 97.0
968 18.0
254 18.0
189 69.0
606 23.0
67 17.0
299 65.0
75 28.0
100 58.0
845 80.0
776 3.0
523 94.0
262 10.0
755 10.0
969 8.0
630 99.0
243 20.0
89 20.0
228 78.0
868 11.0
839 71.0
650 72.0
970 85.0
507 22.0
332 18.0
313 60.0
392 95.0
787 34.0
272 23.0
818 95.0
468 78.0
971 83.0
176 29.0
789 47.0
441 23.0
877 37.0
911 43.0
649 45.0
624 24.0
950 13.0
832 62.0
201 49.0
3 46.0
972 31.0
867 15.0
874 25.0
692 82.0
534 32.0
466 76.0
973 45.0
269 31.0
177 10.0
547 74.0
941 42.0
280 10.0
938 29.0
208 85.0
96 100.0
330 28.0
974 54.0
959 35.0
676 21.0
451 15.0
501 87.0
880 65.0
975 3.0
149 99.0
620 62.0
474 69.0
516 58.0
748 80.0
771 25.0
106 17.0
99 8.0
615 79.0
940 65.0
589 100.0
932 13.0
976 15.0
918 37.0
101 8.0
510 2.0
321 81.0
977 56.0
952 70.0
881 65.0
910 43.0
48 23.0
695 76.0
520 10.0
375 69.0
770 56.0
735 38.0
628 48.0
978 61.0
488 16.0
808 80.0
239 80.0
418 68.0
859 56.0
462 28.0
703 72.0
741 25.0
757 12.0
696 36.0
538 57.0
840 96.0
976 37.0
512 34.0
124 43.0
346 47.0
987 32.0
117 17.0
979 75.0
992 20.0
613 25.0
678 33.0
235 80.0
846 91.0
68 54.0
980 5.0
763 30.0
508 23.0
114 58.0
340 7.0
285 11.0
828 48.0
790 11.0
501 19.0
640 15.0
823 16.0
981 22.0
85 66.0
55 32.0
285 75.0
683 97.0
447 75.0
448 55.0
327 59.0
494 3.0
351 89.0
807 100.0
982 48.0
567 15.0
94 20.0
818 91.0
125 69.0
588 27.0
168 6.0
334 43.0
398 97.0
331 98.0
806 71.0
384 84.0
187 35.0
983 88.0
738 16.0
29 20.0
452 90.0
984 34.0
629 41.0
507 3.0
392 6.0
971 44.0
10 33.0
830 34.0
125 71.0
123 62.0
313 47.0
154 62.0
477 90.0
985 46.0
182 93.0
643 60.0
150 16.0
561 89.0
684 88.0
315 51.0
387 27.0
173 51.0
305 21.0
986 79.0
158 90.0
139 16.0
582 86.0
238 90.0
970 19.0
363 75.0
686 70.0
535 14.0
759 5.0
987 2.0
329 1.0
80 63.0
128 1.0
723 74.0
392 77.0
781 93.0
883 51.0
368 91.0
576 38.0
330 52.0
988 65.0
378 73.0
962 1.0
752 16.0
153 72.0
842 24.0
96 5.0
989 32.0
925 14.0
634 89.0
593 97.0
639 47.0
100 3.0
50 23.0
884 51.0
114 31.0
985 78.0
906 28.0
793 72.0
861 76.0
586 36.0
485 84.0
624 47.0
166 79.0
391 63.0
912 10.0
848 56.0
990 49.0
804 94.0
531 53.0
432 79.0
979 64.0
966 22.0
784 35.0
867 78.0
152 20.0
991 29.0
809 17.0
383 31.0
194 64.0
20 100.0
439 44.0
465 35.0
190 54.0
961 15.0
992 8.0
125 86.0
645 92.0
205 5.0
280 51.0
538 80.0
248 35.0
229 30.0
852 82.0
452 38.0
775 97.0
419 1.0
507 53.0
148 100.0
330 13.0
993 62.0
38 57.0
366 51.0
376 4.0
290 54.0
419 32.0
66 100.0
723 3.0
224 98.0
249 86.0
278 6.0
918 32.0
177 12.0
359 25.0
994 22.0
187 32.0
267 13.0
742 39.0
52 92.0
882 43.0
24 100.0
115 83.0
718 57.0
368 7.0
995 61.0
58 24.0
894 43.0
570 91.0
395 39.0
744 92.0
786 55.0
292 92.0
892 91.0
150 92.0
454 57.0
92 61.0
996 33.0
636 72.0
301 91.0
876 79.0
223 91.0
164 87.0
811 49.0
548 65.0
392 60.0
720 39.0
836 70.0
371 56.0
566 88.0
408 89.0
997 48.0
958 25.0
639 67.0
852 9.0
271 56.0
906 5.0
870 48.0
824 56.0
88 87.0
921 27.0
10 32.0
998 34.0
848 7.0
280 17.0
614 46.0
48 84.0
856 75.0
597 10.0
104 96.0
412 31.0
916 98.0
787 93.0
46 78.0
999 65.0
234 65.0
138 42.0
196 60.0
673 64.0
804 32.0
796 11.0
365 86.0
452 5.0
552 93.0
484 3.0
946 96.0
1000 81.0
554 74.0
447 30.0
178 8.0
388 97.0
302 25.0
834 65.0
808 10.0
271 14.0
173 67.0
90 27.0
482 28.0
710 60.0
402 99.0
634 40.0
57 56.0
477 33.0
583 67.0
414
38
1 414
1 9
1 943
1 222
1 918
1 919
1 454
1 889
1 408
1 409
1 747
1 150
1 151
1 152
1 423
1 332
1 846
1 520
1 102
1 134
1 127
1 38
