1000 10989 0  0 12
18
11
11
19
7
9
9
15
15
10
7
10
7
8
15
12
7
12
7
10
6
9
8
12
16
7
9
7
10
11
7
7
6
12
6
11
4
17
10
7
8
13
8
7
6
8
14
7
12
12
15
10
12
8
11
9
11
5
13
14
10
14
10
11
15
8
11
8
11
9
15
10
13
7
12
8
12
8
16
13
9
15
9
8
18
16
10
15
12
11
6
10
8
16
10
10
9
8
5
7
12
13
10
12
9
14
11
16
15
8
13
9
12
8
12
12
8
15
15
5
12
13
14
9
13
11
12
12
13
6
14
10
17
12
11
7
11
15
14
8
11
14
8
13
11
10
12
9
14
11
16
14
9
5
15
11
13
8
8
15
13
8
11
9
12
9
11
8
10
13
10
10
20
11
11
11
13
14
8
7
7
6
9
12
12
9
6
11
17
15
9
13
11
14
6
11
10
12
8
7
13
9
13
12
7
7
11
9
8
7
11
9
19
15
13
14
12
10
10
9
9
6
8
11
7
18
6
11
6
14
4
16
6
11
16
10
10
9
16
8
7
9
5
8
9
10
16
14
9
10
9
8
12
13
19
5
11
17
8
12
18
10
13
7
8
10
23
6
10
12
10
8
10
10
5
11
8
8
13
10
20
11
15
15
11
9
13
7
11
7
12
4
9
11
10
12
9
15
11
10
11
13
10
8
19
9
11
10
13
10
12
7
13
8
13
11
7
9
13
14
16
11
9
16
11
8
7
15
11
13
10
16
11
15
12
8
5
15
8
6
16
17
11
7
11
13
6
13
11
14
14
15
11
11
11
7
17
10
12
9
13
10
13
14
4
12
16
11
9
13
10
15
13
13
13
13
8
16
12
13
10
8
11
14
10
12
14
8
13
10
14
7
10
13
9
14
11
12
8
13
10
8
7
14
6
13
11
13
8
6
14
12
14
6
12
10
10
13
8
12
15
9
14
7
11
10
13
11
9
15
19
13
8
7
15
13
11
15
13
17
9
12
11
14
8
12
8
7
9
8
9
4
7
11
23
10
14
11
14
14
15
10
9
12
12
8
9
13
8
8
11
7
12
14
10
12
12
8
11
17
7
5
11
14
16
6
10
19
10
12
16
13
8
8
17
11
8
9
8
11
8
9
17
9
12
7
11
13
11
23
12
15
10
11
13
7
8
14
12
11
8
12
11
9
8
12
11
7
7
6
18
10
7
10
9
8
13
10
6
13
7
12
7
10
9
10
11
4
11
11
17
9
10
18
7
12
10
7
14
11
4
15
12
10
11
14
9
11
8
12
11
8
13
8
15
15
8
11
13
14
8
10
9
14
6
11
10
11
8
12
12
10
12
18
12
12
13
9
12
6
10
8
19
11
6
5
15
9
4
13
11
11
11
12
6
10
14
9
9
13
9
13
11
10
9
8
18
13
12
8
9
8
13
7
11
14
11
13
10
14
12
15
9
7
12
12
10
11
14
11
16
14
11
17
17
12
12
12
15
15
10
8
8
4
7
16
14
11
11
7
7
12
7
11
13
10
14
10
8
10
11
7
6
18
12
15
12
12
4
11
8
12
10
13
7
9
4
10
8
4
10
14
11
14
7
13
11
16
8
5
9
13
9
10
10
9
5
8
16
11
11
14
10
9
11
17
11
11
12
12
15
14
8
11
8
14
8
9
11
15
10
15
7
13
17
17
7
15
10
11
9
12
9
9
12
7
10
15
13
11
10
9
15
11
12
9
5
12
9
11
10
11
13
6
13
13
12
11
12
11
12
10
8
8
8
10
9
16
14
15
9
12
14
6
18
16
13
11
12
17
5
12
9
12
11
13
13
16
17
10
7
10
10
8
15
9
6
10
13
12
14
15
13
9
12
14
7
16
11
14
8
12
9
8
8
8
13
15
14
14
15
15
11
12
11
12
15
9
9
18
15
5
11
8
9
7
10
13
12
13
17
14
10
13
10
11
16
8
11
11
8
9
18
10
7
8
11
12
7
11
14
14
10
16
9
16
8
11
12
10
11
9
10
9
13
7
13
8
8
16
9
8
8
13
13
12
10
10
16
15
14
13
7
15
17
10
15
10
12
16
13
6
12
5
13
9
8
9
13
12
10
11
12
16
3
15
12
17
6
6
10
13
10
7
9
11
13
16
8
7
13
12
11
8
10
12
18
13
6
22
18
9
12
13
11
12
13
7
16
10
15
11
10
15
14
7
15
9
8
9
17
9
13
11
7
12
10
9
10
17
12
11
12
14
7
13
8
14
8
7
2 13.0
778 21.0
220 52.0
849 38.0
693 88.0
88 14.0
604 26.0
434 90.0
484 34.0
731 85.0
732 98.0
351 27.0
619 62.0
705 81.0
163 4.0
335 29.0
691 86.0
936 86.0
3 46.0
697 91.0
795 36.0
858 72.0
921 64.0
676 25.0
914 85.0
600 20.0
998 29.0
478 41.0
182 77.0
4 1.0
481 16.0
233 13.0
805 60.0
526 54.0
154 90.0
94 36.0
271 87.0
351 71.0
40 93.0
999 90.0
5 74.0
111 66.0
656 56.0
713 69.0
892 27.0
817 91.0
273 1.0
270 50.0
31 99.0
774 39.0
659 92.0
328 63.0
641 24.0
715 10.0
302 47.0
358 79.0
48 54.0
357 60.0
645 96.0
6 54.0
567 81.0
510 62.0
360 73.0
103 55.0
572 49.0
866 22.0
7 34.0
673 48.0
631 37.0
971 76.0
936 92.0
491 44.0
19 87.0
64 25.0
730 61.0
8 68.0
242 30.0
372 91.0
601 30.0
673 28.0
509 32.0
668 23.0
15 23.0
335 78.0
9 48.0
268 76.0
309 96.0
806 60.0
66 68.0
59 62.0
865 56.0
15 10.0
245 80.0
39 33.0
896 98.0
64 44.0
84 81.0
575 15.0
752 17.0
10 76.0
630 86.0
515 65.0
353 84.0
586 14.0
922 75.0
98 24.0
985 94.0
301 22.0
724 71.0
842 71.0
843 3.0
570 61.0
918 72.0
248 94.0
11 9.0
917 85.0
432 88.0
160 21.0
31 75.0
702 25.0
133 64.0
115 19.0
92 12.0
490 20.0
12 84.0
809 18.0
345 2.0
216 33.0
5 20.0
938 47.0
113 94.0
13 38.0
490 96.0
889 6.0
857 20.0
212 31.0
412 5.0
610 36.0
191 24.0
36 33.0
218 94.0
14 17.0
957 17.0
363 100.0
470 93.0
683 52.0
649 67.0
735 32.0
15 94.0
54 85.0
789 68.0
287 85.0
588 55.0
994 32.0
227 78.0
655 19.0
16 35.0
749 57.0
800 37.0
61 36.0
436 7.0
835 26.0
387 12.0
290 99.0
577 17.0
809 56.0
405 40.0
476 53.0
747 83.0
327 100.0
375 25.0
17 46.0
652 70.0
915 46.0
660 95.0
152 25.0
825 90.0
111 98.0
626 91.0
87 11.0
9 4.0
8 54.0
954 16.0
18 31.0
644 76.0
732 47.0
244 15.0
28 89.0
269 13.0
280 98.0
19 49.0
495 17.0
992 62.0
315 35.0
237 31.0
769 44.0
22 91.0
226 25.0
637 74.0
893 19.0
597 72.0
550 12.0
20 17.0
888 60.0
202 97.0
557 64.0
543 85.0
437 11.0
7 54.0
21 62.0
487 74.0
301 26.0
467 77.0
517 47.0
763 9.0
735 26.0
613 90.0
311 26.0
736 43.0
22 55.0
913 86.0
495 24.0
225 51.0
101 37.0
437 66.0
23 59.0
489 15.0
356 8.0
832 92.0
223 36.0
782 15.0
473 57.0
263 45.0
693 93.0
24 58.0
186 34.0
917 60.0
9 82.0
546 55.0
1000 99.0
552 7.0
272 11.0
25 41.0
685 90.0
655 51.0
649 99.0
80 68.0
155 94.0
753 77.0
240 10.0
387 38.0
995 17.0
297 85.0
500 21.0
26 25.0
908 56.0
490 63.0
799 33.0
786 64.0
753 61.0
138 89.0
115 60.0
597 17.0
591 11.0
838 94.0
415 43.0
754 9.0
939 53.0
998 5.0
283 35.0
27 55.0
563 12.0
216 78.0
347 41.0
869 63.0
896 98.0
345 50.0
28 9.0
766 77.0
215 95.0
405 99.0
191 3.0
105 48.0
529 55.0
93 63.0
257 83.0
29 44.0
34 38.0
524 96.0
318 88.0
469 99.0
814 45.0
131 12.0
30 70.0
101 70.0
394 99.0
346 86.0
636 79.0
227 36.0
709 10.0
233 4.0
181 91.0
372 54.0
31 27.0
703 48.0
542 96.0
904 54.0
162 16.0
45 99.0
276 58.0
702 94.0
613 81.0
75 54.0
237 11.0
32 56.0
619 81.0
833 9.0
252 6.0
782 100.0
929 1.0
91 82.0
33 51.0
482 8.0
763 95.0
722 17.0
159 46.0
138 45.0
370 35.0
34 7.0
715 6.0
491 12.0
127 28.0
796 5.0
549 56.0
35 69.0
200 78.0
114 23.0
976 78.0
640 85.0
293 45.0
322 93.0
489 88.0
460 71.0
223 39.0
690 17.0
805 18.0
36 91.0
404 38.0
512 73.0
816 37.0
318 21.0
972 57.0
37 41.0
977 42.0
263 48.0
813 40.0
312 50.0
996 70.0
518 98.0
707 48.0
899 65.0
988 65.0
278 27.0
38 25.0
874 76.0
47 89.0
969 39.0
39 33.0
307 45.0
471 100.0
102 66.0
323 75.0
360 98.0
778 15.0
82 86.0
523 82.0
486 36.0
883 74.0
836 82.0
639 75.0
217 55.0
854 16.0
319 72.0
657 7.0
40 96.0
32 75.0
964 45.0
953 65.0
705 65.0
166 34.0
810 50.0
173 96.0
552 96.0
573 84.0
41 78.0
877 61.0
337 38.0
234 75.0
381 55.0
43 55.0
12 35.0
42 14.0
306 70.0
613 47.0
604 68.0
971 82.0
430 50.0
257 14.0
94 38.0
43 56.0
887 15.0
24 96.0
808 77.0
396 92.0
118 19.0
291 57.0
388 58.0
48 48.0
721 73.0
848 43.0
361 95.0
966 52.0
44 17.0
438 50.0
757 82.0
830 66.0
2 96.0
192 48.0
261 55.0
279 51.0
45 59.0
202 87.0
118 69.0
425 37.0
827 79.0
281 73.0
806 71.0
46 10.0
219 59.0
767 13.0
748 28.0
992 88.0
437 18.0
47 9.0
435 79.0
343 91.0
832 27.0
554 54.0
725 66.0
263 3.0
561 64.0
48 12.0
7 36.0
729 2.0
993 40.0
165 14.0
764 49.0
982 54.0
190 49.0
799 87.0
415 64.0
368 39.0
16 99.0
451 95.0
534 21.0
49 80.0
376 24.0
964 89.0
871 17.0
625 30.0
524 83.0
951 36.0
50 53.0
72 18.0
465 10.0
227 55.0
932 30.0
963 37.0
65 7.0
810 46.0
158 88.0
298 86.0
321 64.0
92 12.0
51 74.0
61 25.0
346 8.0
516 22.0
318 61.0
572 31.0
206 100.0
489 26.0
507 80.0
579 75.0
160 5.0
171 43.0
52 24.0
632 40.0
173 27.0
170 30.0
437 12.0
301 34.0
216 1.0
798 28.0
56 5.0
432 84.0
289 29.0
124 49.0
765 83.0
763 69.0
316 77.0
53 55.0
720 61.0
883 13.0
976 26.0
612 12.0
804 9.0
974 41.0
860 25.0
175 74.0
738 11.0
54 84.0
582 74.0
849 6.0
596 19.0
79 34.0
934 44.0
635 82.0
392 41.0
970 9.0
458 88.0
527 20.0
675 25.0
55 2.0
889 47.0
871 66.0
677 100.0
656 15.0
447 94.0
563 86.0
176 47.0
56 48.0
245 50.0
789 30.0
807 72.0
785 63.0
614 43.0
927 68.0
239 46.0
706 89.0
767 14.0
900 52.0
57 31.0
160 59.0
937 62.0
941 27.0
834 45.0
594 38.0
165 72.0
986 66.0
58 18.0
58 44.0
645 48.0
760 32.0
325 36.0
99 74.0
239 23.0
244 68.0
822 82.0
225 3.0
94 76.0
288 13.0
59 5.0
565 64.0
172 37.0
684 39.0
913 52.0
60 43.0
31 80.0
213 26.0
866 29.0
861 33.0
872 51.0
616 64.0
712 93.0
275 16.0
179 76.0
182 88.0
546 45.0
318 48.0
61 10.0
230 5.0
750 82.0
71 10.0
721 97.0
722 95.0
90 12.0
219 4.0
827 72.0
897 98.0
553 16.0
864 18.0
846 23.0
528 33.0
62 91.0
37 41.0
862 1.0
989 89.0
268 39.0
97 41.0
846 100.0
157 37.0
379 48.0
66 3.0
63 67.0
955 39.0
786 30.0
765 1.0
676 87.0
281 16.0
299 20.0
434 33.0
155 23.0
485 21.0
205 47.0
858 8.0
358 37.0
445 24.0
64 12.0
967 33.0
316 83.0
883 12.0
273 91.0
51 26.0
578 25.0
198 11.0
607 55.0
626 80.0
65 74.0
954 20.0
991 28.0
687 65.0
218 47.0
855 57.0
473 56.0
835 96.0
68 18.0
615 21.0
169 82.0
66 64.0
503 90.0
57 44.0
124 7.0
338 7.0
987 80.0
843 89.0
535 34.0
464 21.0
664 49.0
556 53.0
114 89.0
32 15.0
78 99.0
849 59.0
67 31.0
241 41.0
929 24.0
628 76.0
693 73.0
637 39.0
196 55.0
525 75.0
68 68.0
705 38.0
947 78.0
29 32.0
214 2.0
858 53.0
903 40.0
127 56.0
597 2.0
224 49.0
210 51.0
69 61.0
809 80.0
359 89.0
598 10.0
11 78.0
661 46.0
865 73.0
693 63.0
70 77.0
529 13.0
939 8.0
149 62.0
277 6.0
730 17.0
468 54.0
720 85.0
281 16.0
709 94.0
621 73.0
71 28.0
727 62.0
612 80.0
964 71.0
655 74.0
406 95.0
850 47.0
336 45.0
127 10.0
72 25.0
359 99.0
753 61.0
858 60.0
833 8.0
976 32.0
900 83.0
954 73.0
721 49.0
636 1.0
600 50.0
863 54.0
922 43.0
803 90.0
391 7.0
73 60.0
957 41.0
358 93.0
504 58.0
399 70.0
13 55.0
829 92.0
865 70.0
636 15.0
81 15.0
74 92.0
698 2.0
480 3.0
950 16.0
138 58.0
964 94.0
154 40.0
344 82.0
941 14.0
399 8.0
189 96.0
145 4.0
521 10.0
75 35.0
13 67.0
112 72.0
633 62.0
869 27.0
1 71.0
465 4.0
76 20.0
644 74.0
146 26.0
203 55.0
810 7.0
890 13.0
833 40.0
872 83.0
58 96.0
859 41.0
381 4.0
349 9.0
77 19.0
682 100.0
6 55.0
171 61.0
672 36.0
267 98.0
656 92.0
755 92.0
78 32.0
452 1.0
918 13.0
41 55.0
907 70.0
855 24.0
947 44.0
662 21.0
489 39.0
970 95.0
44 82.0
39 90.0
79 10.0
619 43.0
51 98.0
249 56.0
102 62.0
970 70.0
511 23.0
791 18.0
80 40.0
999 35.0
451 62.0
589 91.0
847 18.0
55 17.0
806 54.0
71 52.0
44 91.0
131 65.0
887 69.0
623 74.0
293 64.0
87 73.0
482 98.0
983 84.0
81 87.0
316 74.0
583 90.0
968 24.0
188 74.0
640 61.0
191 90.0
481 97.0
42 31.0
932 87.0
297 31.0
541 88.0
938 2.0
82 8.0
301 100.0
977 15.0
929 35.0
451 27.0
129 8.0
144 61.0
566 18.0
937 63.0
83 17.0
105 11.0
511 99.0
670 41.0
362 6.0
740 4.0
124 63.0
873 72.0
43 34.0
438 49.0
690 72.0
540 93.0
383 44.0
118 17.0
717 5.0
84 10.0
243 84.0
374 73.0
734 58.0
660 45.0
939 86.0
244 20.0
210 98.0
502 34.0
85 20.0
190 96.0
939 61.0
962 62.0
544 63.0
5 89.0
706 75.0
769 32.0
86 91.0
310 90.0
134 58.0
816 77.0
225 4.0
697 68.0
539 48.0
88 40.0
649 81.0
11 72.0
236 61.0
233 84.0
912 34.0
887 25.0
622 99.0
575 98.0
972 47.0
298 47.0
87 95.0
593 51.0
520 36.0
447 100.0
700 92.0
600 57.0
214 68.0
582 39.0
352 55.0
531 10.0
220 95.0
331 100.0
64 35.0
642 50.0
529 16.0
572 89.0
88 49.0
360 30.0
430 21.0
93 56.0
578 21.0
99 37.0
702 43.0
76 43.0
130 88.0
372 73.0
89 49.0
241 12.0
806 21.0
370 59.0
541 93.0
166 19.0
232 80.0
21 99.0
334 88.0
889 20.0
301 70.0
354 71.0
531 33.0
961 99.0
201 17.0
90 81.0
783 47.0
367 7.0
755 75.0
858 56.0
187 70.0
923 69.0
698 100.0
753 37.0
193 30.0
739 47.0
393 79.0
91 17.0
746 8.0
691 7.0
592 23.0
493 53.0
769 71.0
141 94.0
26 8.0
695 29.0
577 55.0
421 41.0
92 24.0
127 9.0
93 37.0
224 36.0
428 7.0
135 93.0
93 31.0
264 37.0
784 66.0
547 80.0
152 80.0
198 68.0
496 87.0
338 16.0
738 53.0
424 58.0
94 6.0
602 62.0
890 41.0
189 33.0
883 73.0
540 56.0
749 88.0
793 16.0
95 98.0
853 70.0
129 47.0
710 33.0
766 80.0
252 22.0
244 23.0
903 68.0
944 14.0
321 58.0
171 71.0
235 17.0
453 69.0
675 3.0
5 27.0
423 74.0
96 39.0
181 3.0
61 83.0
956 56.0
24 77.0
611 14.0
188 93.0
9 92.0
339 97.0
177 84.0
97 62.0
360 26.0
860 95.0
129 81.0
465 64.0
690 97.0
516 39.0
774 38.0
748 87.0
60 55.0
98 3.0
99 67.0
338 46.0
400 85.0
598 35.0
946 66.0
332 16.0
760 25.0
642 7.0
99 97.0
642 56.0
58 44.0
18 69.0
139 36.0
433 88.0
378 12.0
89 44.0
100 40.0
959 38.0
932 37.0
357 3.0
885 43.0
101 61.0
639 90.0
337 31.0
244 94.0
104 61.0
571 2.0
87 4.0
102 18.0
443 59.0
558 61.0
127 37.0
326 74.0
599 93.0
485 62.0
873 80.0
661 28.0
302 53.0
793 67.0
542 49.0
103 53.0
559 70.0
939 1.0
695 94.0
348 43.0
18 60.0
565 44.0
768 61.0
741 8.0
166 93.0
437 17.0
880 3.0
262 79.0
104 53.0
369 26.0
999 64.0
871 1.0
363 15.0
880 17.0
155 95.0
159 84.0
791 41.0
231 90.0
105 22.0
758 46.0
976 72.0
803 36.0
292 85.0
980 63.0
924 90.0
951 64.0
652 79.0
500 50.0
427 34.0
54 4.0
106 94.0
257 89.0
171 26.0
718 85.0
329 22.0
605 84.0
590 86.0
396 35.0
60 87.0
107 20.0
27 43.0
150 31.0
353 41.0
334 32.0
746 33.0
795 83.0
41 70.0
858 90.0
949 93.0
455 18.0
144 78.0
148 59.0
875 29.0
108 9.0
958 25.0
404 47.0
806 30.0
664 18.0
203 60.0
816 39.0
154 4.0
19 9.0
257 26.0
572 83.0
109 13.0
472 55.0
321 93.0
260 3.0
218 38.0
714 8.0
420 39.0
612 9.0
261 50.0
960 37.0
62 43.0
128 35.0
25 16.0
781 61.0
983 85.0
163 61.0
110 24.0
861 38.0
573 76.0
883 54.0
916 70.0
124 52.0
202 68.0
844 55.0
799 82.0
47 76.0
218 17.0
778 67.0
608 8.0
85 41.0
269 71.0
111 96.0
733 55.0
119 94.0
376 97.0
766 66.0
772 15.0
763 25.0
677 52.0
112 28.0
348 74.0
729 69.0
959 9.0
196 41.0
630 99.0
677 13.0
404 22.0
92 28.0
93 100.0
121 54.0
762 93.0
857 22.0
113 77.0
653 65.0
128 43.0
942 45.0
300 35.0
13 58.0
950 19.0
232 63.0
613 9.0
114 41.0
612 84.0
498 84.0
33 89.0
357 87.0
62 75.0
992 96.0
282 45.0
979 5.0
618 73.0
227 23.0
384 38.0
115 1.0
925 86.0
295 5.0
885 18.0
725 2.0
991 31.0
811 89.0
312 11.0
116 41.0
716 89.0
356 5.0
218 8.0
742 43.0
234 20.0
554 15.0
541 61.0
545 1.0
379 26.0
377 7.0
632 40.0
117 52.0
871 43.0
365 75.0
378 35.0
952 75.0
97 77.0
650 27.0
245 51.0
971 23.0
452 35.0
199 79.0
638 4.0
118 39.0
594 20.0
880 30.0
280 51.0
470 47.0
740 34.0
161 71.0
684 64.0
119 81.0
906 92.0
534 34.0
559 29.0
349 75.0
388 21.0
320 61.0
76 9.0
18 33.0
405 96.0
138 18.0
266 31.0
104 48.0
580 62.0
514 61.0
120 61.0
499 73.0
269 28.0
713 1.0
831 33.0
507 82.0
492 16.0
78 14.0
572 29.0
255 2.0
843 68.0
203 67.0
842 20.0
809 95.0
570 39.0
121 59.0
711 89.0
876 53.0
787 55.0
41 97.0
122 58.0
658 37.0
606 9.0
637 65.0
616 97.0
310 70.0
92 31.0
457 24.0
29 67.0
557 31.0
19 37.0
283 27.0
123 17.0
216 93.0
67 14.0
706 26.0
745 94.0
558 1.0
959 77.0
673 5.0
595 25.0
929 71.0
668 63.0
732 70.0
341 100.0
124 15.0
913 5.0
673 64.0
994 93.0
718 88.0
571 71.0
106 31.0
952 41.0
599 19.0
221 58.0
662 19.0
479 59.0
290 44.0
284 43.0
125 98.0
810 46.0
882 87.0
727 25.0
286 11.0
173 25.0
590 17.0
674 3.0
21 42.0
126 63.0
904 20.0
767 53.0
358 14.0
674 32.0
21 32.0
996 88.0
780 53.0
866 86.0
495 99.0
840 37.0
1 50.0
668 81.0
127 56.0
558 85.0
980 32.0
794 13.0
600 91.0
658 22.0
77 10.0
331 70.0
569 89.0
780 33.0
263 73.0
128 83.0
988 8.0
856 51.0
636 11.0
288 90.0
72 2.0
906 89.0
731 63.0
645 71.0
311 29.0
340 16.0
247 79.0
129 30.0
602 5.0
501 77.0
873 83.0
995 91.0
381 56.0
524 52.0
306 40.0
147 82.0
923 4.0
76 39.0
781 93.0
130 3.0
245 45.0
433 69.0
406 35.0
500 46.0
102 5.0
379 49.0
255 55.0
57 62.0
676 87.0
508 29.0
497 1.0
712 77.0
131 95.0
652 74.0
415 9.0
344 85.0
171 11.0
631 98.0
132 4.0
247 6.0
381 77.0
549 7.0
712 31.0
538 44.0
242 10.0
898 77.0
49 45.0
792 77.0
769 25.0
278 78.0
750 31.0
211 11.0
133 82.0
453 26.0
913 94.0
458 5.0
66 74.0
367 41.0
477 44.0
184 79.0
147 12.0
769 19.0
134 74.0
831 20.0
51 18.0
807 53.0
464 10.0
296 60.0
586 36.0
653 91.0
130 34.0
952 7.0
948 7.0
980 86.0
745 63.0
914 100.0
863 87.0
236 96.0
40 51.0
135 53.0
686 100.0
818 50.0
626 34.0
739 9.0
678 38.0
665 56.0
803 35.0
460 45.0
145 34.0
370 57.0
123 5.0
136 66.0
132 92.0
155 76.0
226 68.0
366 8.0
18 69.0
702 56.0
109 37.0
442 42.0
773 68.0
27 83.0
137 46.0
70 26.0
762 66.0
729 64.0
944 66.0
547 76.0
883 34.0
138 6.0
485 99.0
384 42.0
690 18.0
685 83.0
883 64.0
692 62.0
852 72.0
293 18.0
638 28.0
266 39.0
139 62.0
674 9.0
379 41.0
531 66.0
673 77.0
410 75.0
702 12.0
317 36.0
652 71.0
366 2.0
768 36.0
321 88.0
922 81.0
386 12.0
529 73.0
140 95.0
168 1.0
843 32.0
661 16.0
736 16.0
986 35.0
722 45.0
952 11.0
285 80.0
414 28.0
212 72.0
804 89.0
446 26.0
324 50.0
141 15.0
829 58.0
312 2.0
838 79.0
971 4.0
828 92.0
117 38.0
280 46.0
142 99.0
78 90.0
974 9.0
581 56.0
230 81.0
151 73.0
704 66.0
532 17.0
379 15.0
89 89.0
724 27.0
143 42.0
238 40.0
427 35.0
825 87.0
285 13.0
278 86.0
653 84.0
879 38.0
678 31.0
147 91.0
486 35.0
673 46.0
784 45.0
115 54.0
144 66.0
50 42.0
913 76.0
894 69.0
902 23.0
38 22.0
256 99.0
590 74.0
145 42.0
74 82.0
196 95.0
291 71.0
191 99.0
536 39.0
495 84.0
399 12.0
939 87.0
822 71.0
561 68.0
833 31.0
201 82.0
146 84.0
572 30.0
254 2.0
57 1.0
960 92.0
969 38.0
622 79.0
444 31.0
797 7.0
874 17.0
187 50.0
147 68.0
179 100.0
544 10.0
821 41.0
440 71.0
194 12.0
973 29.0
99 64.0
964 29.0
533 54.0
148 36.0
674 76.0
448 59.0
192 40.0
319 83.0
911 29.0
712 15.0
459 39.0
726 83.0
380 95.0
594 19.0
779 89.0
149 85.0
108 39.0
15 62.0
14 13.0
257 49.0
962 86.0
319 35.0
126 60.0
731 17.0
150 94.0
884 65.0
356 88.0
846 56.0
710 49.0
450 27.0
729 25.0
994 80.0
232 60.0
607 2.0
312 17.0
674 28.0
537 53.0
246 23.0
151 8.0
995 37.0
972 57.0
664 62.0
842 14.0
193 19.0
346 50.0
798 31.0
628 63.0
38 3.0
582 75.0
152 38.0
698 47.0
568 56.0
381 40.0
169 22.0
223 78.0
150 79.0
148 57.0
285 53.0
747 40.0
4 99.0
322 3.0
408 2.0
860 12.0
770 53.0
57 56.0
153 44.0
741 98.0
280 14.0
633 69.0
73 86.0
728 58.0
62 49.0
237 5.0
374 47.0
119 76.0
115 7.0
397 38.0
433 64.0
827 22.0
154 56.0
347 29.0
954 48.0
526 31.0
532 75.0
756 28.0
894 71.0
670 10.0
498 76.0
155 90.0
256 55.0
187 80.0
314 24.0
305 45.0
156 57.0
660 27.0
853 82.0
585 34.0
3 76.0
131 67.0
494 68.0
924 11.0
995 74.0
310 46.0
515 88.0
86 55.0
978 50.0
574 44.0
444 16.0
157 37.0
152 96.0
830 52.0
932 20.0
386 29.0
944 100.0
317 37.0
837 24.0
253 58.0
776 62.0
906 87.0
158 26.0
712 84.0
179 94.0
310 33.0
337 22.0
4 83.0
236 78.0
573 4.0
897 59.0
631 17.0
793 29.0
152 42.0
235 38.0
159 59.0
983 28.0
815 44.0
955 79.0
575 2.0
726 93.0
199 79.0
654 79.0
160 28.0
59 41.0
163 59.0
483 26.0
718 100.0
258 5.0
202 5.0
242 27.0
161 51.0
220 15.0
678 73.0
526 24.0
381 87.0
5 100.0
422 100000.0
990 42.0
832 6.0
148 14.0
467 54.0
758 20.0
242 60.0
455 14.0
809 7.0
162 55.0
900 92.0
85 65.0
939 63.0
412 58.0
774 22.0
799 18.0
130 85.0
6 37.0
938 72.0
833 13.0
988 17.0
66 85.0
163 25.0
27 80.0
844 75.0
952 47.0
180 46.0
154 46.0
178 4.0
153 4.0
164 90.0
72 90.0
174 52.0
162 96.0
735 23.0
310 76.0
258 68.0
437 75.0
972 92.0
240 73.0
390 20.0
165 11.0
410 21.0
541 72.0
841 89.0
453 85.0
666 7.0
312 19.0
747 33.0
560 1.0
166 11.0
513 34.0
4 62.0
126 68.0
995 24.0
636 8.0
285 51.0
392 55.0
646 57.0
867 99.0
125 2.0
517 70.0
167 100.0
886 94.0
265 85.0
709 7.0
376 42.0
977 35.0
30 14.0
876 92.0
807 100.0
168 87.0
199 93.0
986 14.0
983 55.0
937 60.0
338 52.0
935 49.0
764 85.0
873 94.0
439 14.0
240 100.0
169 60.0
89 55.0
262 19.0
965 55.0
476 59.0
656 94.0
841 96.0
987 36.0
170 99.0
989 2.0
311 31.0
698 1.0
540 40.0
594 84.0
622 79.0
312 70.0
94 35.0
713 78.0
171 69.0
447 63.0
297 88.0
387 27.0
417 22.0
539 60.0
238 45.0
658 97.0
213 47.0
399 94.0
277 92.0
585 88.0
558 97.0
172 71.0
258 96.0
843 49.0
19 2.0
42 24.0
557 40.0
602 16.0
519 13.0
847 57.0
319 23.0
173 85.0
845 60.0
382 76.0
516 11.0
582 65.0
785 15.0
869 93.0
830 67.0
383 73.0
549 25.0
174 32.0
611 57.0
608 82.0
923 89.0
811 86.0
974 21.0
577 21.0
940 27.0
101 99.0
373 69.0
393 8.0
555 88.0
124 67.0
803 63.0
692 99.0
434 77.0
819 33.0
384 56.0
864 11.0
13 26.0
175 9.0
774 39.0
628 18.0
767 63.0
403 76.0
396 39.0
272 38.0
664 82.0
489 9.0
536 70.0
575 54.0
176 73.0
67 23.0
403 64.0
795 87.0
464 33.0
36 89.0
162 97.0
130 96.0
612 17.0
652 55.0
818 83.0
177 96.0
35 10.0
560 88.0
123 87.0
31 18.0
711 67.0
870 67.0
213 86.0
393 79.0
64 25.0
300 99.0
178 3.0
791 26.0
833 99.0
126 84.0
818 85.0
114 56.0
715 3.0
798 94.0
511 76.0
332 43.0
54 43.0
830 34.0
564 98.0
179 83.0
533 38.0
969 71.0
130 77.0
779 84.0
328 10.0
819 14.0
943 63.0
757 31.0
314 55.0
26 22.0
522 54.0
300 1.0
744 33.0
180 40.0
879 81.0
916 40.0
668 97.0
884 70.0
116 9.0
184 81.0
119 1.0
181 14.0
999 65.0
558 1.0
933 3.0
18 68.0
359 25.0
643 31.0
182 9.0
403 33.0
102 95.0
697 54.0
717 23.0
847 24.0
397 25.0
183 62.0
26 91.0
812 17.0
702 53.0
360 89.0
165 78.0
184 2.0
393 95.0
554 53.0
585 40.0
198 40.0
822 30.0
120 1.0
596 53.0
223 24.0
185 81.0
574 39.0
743 77.0
650 97.0
323 5.0
235 23.0
906 1.0
178 42.0
644 73.0
848 12.0
312 88.0
583 66.0
186 53.0
933 94.0
585 8.0
106 20.0
303 12.0
119 11.0
860 86.0
976 86.0
176 87.0
31 87.0
443 86.0
51 95.0
187 84.0
517 25.0
111 27.0
817 88.0
169 54.0
812 32.0
322 70.0
683 8.0
389 10.0
188 43.0
185 90.0
49 18.0
109 1.0
547 11.0
427 76.0
189 35.0
931 52.0
96 52.0
955 89.0
283 6.0
531 22.0
345 28.0
682 53.0
268 17.0
203 94.0
811 65.0
190 81.0
177 60.0
706 96.0
261 51.0
426 39.0
738 77.0
970 26.0
363 98.0
805 85.0
4 19.0
424 56.0
183 34.0
226 48.0
643 44.0
243 45.0
963 50.0
434 5.0
191 72.0
999 56.0
615 84.0
439 12.0
505 92.0
858 58.0
653 74.0
817 98.0
26 15.0
878 56.0
916 91.0
423 97.0
282 69.0
876 3.0
272 34.0
192 24.0
773 82.0
97 92.0
808 31.0
901 9.0
991 8.0
715 84.0
229 50.0
743 74.0
193 34.0
188 53.0
598 83.0
945 68.0
432 41.0
782 30.0
212 39.0
187 39.0
287 56.0
969 61.0
663 66.0
605 19.0
470 86.0
194 92.0
789 4.0
478 19.0
888 91.0
569 87.0
318 50.0
207 44.0
787 98.0
864 75.0
407 22.0
389 96.0
195 87.0
546 72.0
529 34.0
80 61.0
615 78.0
896 26.0
519 5.0
282 4.0
650 49.0
457 32.0
929 93.0
865 36.0
794 3.0
446 4.0
196 95.0
404 88.0
629 92.0
827 53.0
864 49.0
126 12.0
197 83.0
690 83.0
773 29.0
366 69.0
756 30.0
340 83.0
429 63.0
990 98.0
639 88.0
297 86.0
512 65.0
198 64.0
196 90.0
235 46.0
409 45.0
271 88.0
526 19.0
885 2.0
574 72.0
8 76.0
548 38.0
199 75.0
499 22.0
823 58.0
202 70.0
489 35.0
82 23.0
424 94.0
98 60.0
605 14.0
426 18.0
741 43.0
94 51.0
200 82.0
313 22.0
71 70.0
374 66.0
96 96.0
867 29.0
595 94.0
486 5.0
201 26.0
541 73.0
297 93.0
319 89.0
699 24.0
688 32.0
224 13.0
202 42.0
547 34.0
794 25.0
331 77.0
665 28.0
317 47.0
628 75.0
274 59.0
377 85.0
762 60.0
513 54.0
76 83.0
692 1.0
203 16.0
338 84.0
603 64.0
783 2.0
845 34.0
3 91.0
932 44.0
108 47.0
938 17.0
204 52.0
980 34.0
250 11.0
337 10.0
871 59.0
903 5.0
170 22.0
579 20.0
837 17.0
284 26.0
545 84.0
999 82.0
135 2.0
205 71.0
242 18.0
743 26.0
633 54.0
602 96.0
330 29.0
119 8.0
870 90.0
505 80.0
534 6.0
327 46.0
72 87.0
206 66.0
278 100.0
506 75.0
682 48.0
819 72.0
737 25.0
573 78.0
207 62.0
119 23.0
855 64.0
174 77.0
378 88.0
98 98.0
865 18.0
208 59.0
69 53.0
325 60.0
947 23.0
589 58.0
867 33.0
952 33.0
490 47.0
525 26.0
319 31.0
389 68.0
209 1.0
413 64.0
627 85.0
873 90.0
323 56.0
633 44.0
245 23.0
363 9.0
499 82.0
210 22.0
976 28.0
618 7.0
485 11.0
721 67.0
248 30.0
464 49.0
880 62.0
211 34.0
562 7.0
454 5.0
361 57.0
877 23.0
608 16.0
281 15.0
212 47.0
29 11.0
100 22.0
226 23.0
106 92.0
731 82.0
389 62.0
532 70.0
260 14.0
805 1.0
330 21.0
213 50.0
32 17.0
412 91.0
93 73.0
762 99.0
678 32.0
865 79.0
242 96.0
890 5.0
214 59.0
682 50.0
354 44.0
590 72.0
51 57.0
171 97.0
673 4.0
845 12.0
734 62.0
237 6.0
9 67.0
394 39.0
84 39.0
463 88.0
120 11.0
431 6.0
87 40.0
625 53.0
181 30.0
215 2.0
996 19.0
979 17.0
170 46.0
555 43.0
442 87.0
279 24.0
753 65.0
784 79.0
26 51.0
387 69.0
53 28.0
65 21.0
859 46.0
709 29.0
216 46.0
33 14.0
497 68.0
712 37.0
143 43.0
386 76.0
14 27.0
952 2.0
847 37.0
330 24.0
292 98.0
946 81.0
250 55.0
217 71.0
590 55.0
20 9.0
118 8.0
594 45.0
878 69.0
552 94.0
964 65.0
971 88.0
932 88.0
827 23.0
585 46.0
817 85.0
483 89.0
218 92.0
365 31.0
28 39.0
714 36.0
103 7.0
730 69.0
293 35.0
495 83.0
405 16.0
696 13.0
139 59.0
330 41.0
219 89.0
113 9.0
456 40.0
37 88.0
678 9.0
832 99.0
30 98.0
722 29.0
542 63.0
961 81.0
220 91.0
492 67.0
134 7.0
358 41.0
196 28.0
477 70.0
814 75.0
628 12.0
453 48.0
529 9.0
221 69.0
124 87.0
478 74.0
411 42.0
616 45.0
100 91.0
670 12.0
205 66.0
786 3.0
222 52.0
527 46.0
541 52.0
612 67.0
13 7.0
365 98.0
750 37.0
782 50.0
902 95.0
223 49.0
666 29.0
903 8.0
756 79.0
281 75.0
455 16.0
224 56.0
532 24.0
1 3.0
549 28.0
244 40.0
590 81.0
393 53.0
789 64.0
225 81.0
30 49.0
263 39.0
736 51.0
549 65.0
684 96.0
189 72.0
620 14.0
904 35.0
111 74.0
535 26.0
226 94.0
209 66.0
401 83.0
408 39.0
972 77.0
212 15.0
929 95.0
227 47.0
700 48.0
222 66.0
458 73.0
786 10.0
738 52.0
547 87.0
40 92.0
605 59.0
679 95.0
871 91.0
870 8.0
896 13.0
340 68.0
308 88.0
873 20.0
594 37.0
845 84.0
228 63.0
83 5.0
186 11.0
75 26.0
631 11.0
997 1.0
229 55.0
327 80.0
73 93.0
21 67.0
10 56.0
753 99.0
502 12.0
7 93.0
192 28.0
87 68.0
561 44.0
230 96.0
128 68.0
333 2.0
330 20.0
44 77.0
156 51.0
231 45.0
857 11.0
310 61.0
804 8.0
399 37.0
306 53.0
407 41.0
699 55.0
831 83.0
247 90.0
891 70.0
124 94.0
66 9.0
746 76.0
232 89.0
497 21.0
528 14.0
930 46.0
233 22.0
524 48.0
882 36.0
470 83.0
389 34.0
143 25.0
662 46.0
728 24.0
904 48.0
428 15.0
714 31.0
254 43.0
21 19.0
781 55.0
779 12.0
313 100.0
234 22.0
967 72.0
209 40.0
526 67.0
685 62.0
354 21.0
235 50.0
152 56.0
188 36.0
996 57.0
327 47.0
99 41.0
771 62.0
916 81.0
141 46.0
204 9.0
692 62.0
236 19.0
364 23.0
252 23.0
488 39.0
835 85.0
641 90.0
207 10.0
899 22.0
957 24.0
192 12.0
223 71.0
888 99.0
936 75.0
446 5.0
927 69.0
357 87.0
237 39.0
403 40.0
615 76.0
350 46.0
961 84.0
530 61.0
601 50.0
954 8.0
2 67.0
309 90.0
238 33.0
345 41.0
532 18.0
962 14.0
674 65.0
959 4.0
139 72.0
747 29.0
379 56.0
688 65.0
239 46.0
905 78.0
333 35.0
706 8.0
499 28.0
645 84.0
356 31.0
565 91.0
605 27.0
240 68.0
426 97.0
490 79.0
294 84.0
803 35.0
9 84.0
712 89.0
560 11.0
900 38.0
193 65.0
541 34.0
307 21.0
378 99.0
688 34.0
947 34.0
742 24.0
241 55.0
390 8.0
641 96.0
426 63.0
271 78.0
773 77.0
278 58.0
318 63.0
242 22.0
131 57.0
721 85.0
162 58.0
219 92.0
391 73.0
197 16.0
243 96.0
790 24.0
836 71.0
967 47.0
168 37.0
871 4.0
504 42.0
483 34.0
539 9.0
244 39.0
811 30.0
62 60.0
348 47.0
444 81.0
245 2.0
627 87.0
510 16.0
693 28.0
47 51.0
743 27.0
902 73.0
997 84.0
246 5.0
591 7.0
533 6.0
910 11.0
190 10.0
564 95.0
945 17.0
494 98.0
45 35.0
247 87.0
251 20.0
36 66.0
569 91.0
402 81.0
559 15.0
644 74.0
145 63.0
507 51.0
592 14.0
248 48.0
965 20.0
925 23.0
238 47.0
502 95.0
251 15.0
99 64.0
627 59.0
499 35.0
811 33.0
754 14.0
702 75.0
942 61.0
584 61.0
378 20.0
793 64.0
249 55.0
449 67.0
115 65.0
476 10.0
681 21.0
811 78.0
888 5.0
277 98.0
414 10.0
154 51.0
832 62.0
961 48.0
223 55.0
689 62.0
250 96.0
130 34.0
469 47.0
397 9.0
498 58.0
18 35.0
5 59.0
720 19.0
97 21.0
251 42.0
40 75.0
741 67.0
387 56.0
28 48.0
481 72.0
668 5.0
487 14.0
132 7.0
796 28.0
252 33.0
769 22.0
507 79.0
497 17.0
615 29.0
978 55.0
762 71.0
856 60.0
622 78.0
253 82.0
942 46.0
267 72.0
800 55.0
723 91.0
52 19.0
626 25.0
483 91.0
254 44.0
668 81.0
864 14.0
676 33.0
976 37.0
777 33.0
804 26.0
714 35.0
937 51.0
498 11.0
437 71.0
413 12.0
255 41.0
660 61.0
675 98.0
233 62.0
174 80.0
4 61.0
189 62.0
43 24.0
389 13.0
12 72.0
506 100.0
959 12.0
116 38.0
256 79.0
372 38.0
465 21.0
216 41.0
997 51.0
418 64.0
765 32.0
598 87.0
460 3.0
155 17.0
414 89.0
231 17.0
825 8.0
174 30.0
770 87.0
364 61.0
485 95.0
529 24.0
641 72.0
257 58.0
909 62.0
769 13.0
201 82.0
171 54.0
258 32.0
998 55.0
555 100.0
974 86.0
139 74.0
195 10.0
746 99.0
348 3.0
548 21.0
845 17.0
152 17.0
259 4.0
64 98.0
720 86.0
185 28.0
350 52.0
961 56.0
750 51.0
281 64.0
867 75.0
884 2.0
851 17.0
176 64.0
44 80.0
722 35.0
392 34.0
381 85.0
235 60.0
260 36.0
426 57.0
396 1.0
299 8.0
807 51.0
155 20.0
674 41.0
691 93.0
261 29.0
6 77.0
268 67.0
769 22.0
154 62.0
691 4.0
145 93.0
206 29.0
545 36.0
883 89.0
890 35.0
902 80.0
262 88.0
763 70.0
432 31.0
228 28.0
32 99.0
585 35.0
378 97.0
2 68.0
233 99.0
115 55.0
744 66.0
450 68.0
900 47.0
78 9.0
547 78.0
829 81.0
673 26.0
808 51.0
263 37.0
443 94.0
633 58.0
285 15.0
554 75.0
831 25.0
929 43.0
543 47.0
202 57.0
292 14.0
264 68.0
516 18.0
283 41.0
867 4.0
723 3.0
789 42.0
429 53.0
98 68.0
776 94.0
287 34.0
314 59.0
677 55.0
152 7.0
265 91.0
92 96.0
14 44.0
741 15.0
253 75.0
277 77.0
676 57.0
266 38.0
519 30.0
851 99.0
467 84.0
515 31.0
320 48.0
52 63.0
213 78.0
267 77.0
954 78.0
44 49.0
246 5.0
290 95.0
466 62.0
884 41.0
942 32.0
26 32.0
565 70.0
268 100.0
157 12.0
557 40.0
962 89.0
954 35.0
491 38.0
95 18.0
494 78.0
551 18.0
683 93.0
670 91.0
464 27.0
730 94.0
819 80.0
837 63.0
497 23.0
841 24.0
773 1.0
251 11.0
338 14.0
914 95.0
282 22.0
468 36.0
269 30.0
210 2.0
785 52.0
766 91.0
48 12.0
498 71.0
270 22.0
889 69.0
584 3.0
247 74.0
786 87.0
768 5.0
614 20.0
502 75.0
61 22.0
788 76.0
271 6.0
939 24.0
124 88.0
213 86.0
155 98.0
106 33.0
606 54.0
81 35.0
633 61.0
736 76.0
55 88.0
195 65.0
272 32.0
815 89.0
71 68.0
695 80.0
392 65.0
508 90.0
350 13.0
420 89.0
609 100.0
823 77.0
273 28.0
132 8.0
91 54.0
956 60.0
619 87.0
325 21.0
919 76.0
359 99.0
274 87.0
739 96.0
255 12.0
554 100.0
876 10.0
292 61.0
836 50.0
677 13.0
824 81.0
502 30.0
275 96.0
120 86.0
175 62.0
43 36.0
909 8.0
635 73.0
808 68.0
897 31.0
621 71.0
223 10.0
276 64.0
523 36.0
749 57.0
251 5.0
567 95.0
277 72.0
13 53.0
96 34.0
794 88.0
966 26.0
105 88.0
32 76.0
982 60.0
687 24.0
901 83.0
272 63.0
278 32.0
254 66.0
734 95.0
395 10.0
719 87.0
998 64.0
957 37.0
956 77.0
279 82.0
699 83.0
424 18.0
899 86.0
813 41.0
359 96.0
472 68.0
162 56.0
280 64.0
557 49.0
859 57.0
545 62.0
956 6.0
514 59.0
436 85.0
625 17.0
963 9.0
229 97.0
364 90.0
239 39.0
999 79.0
281 10.0
993 35.0
97 29.0
771 17.0
887 73.0
643 24.0
834 83.0
862 65.0
141 8.0
694 19.0
282 62.0
340 76.0
249 59.0
917 57.0
432 73.0
633 100.0
264 7.0
522 14.0
994 46.0
7 31.0
218 23.0
882 80.0
425 92.0
593 19.0
564 85.0
380 67.0
150 17.0
225 10.0
990 87.0
179 14.0
283 5.0
8 87.0
109 52.0
701 11.0
909 16.0
785 17.0
950 60.0
400 39.0
808 77.0
201 26.0
872 82.0
284 32.0
408 29.0
565 81.0
29 77.0
810 55.0
629 4.0
41 60.0
259 99.0
733 40.0
926 28.0
193 33.0
158 1.0
314 34.0
489 77.0
696 16.0
285 89.0
253 58.0
562 61.0
663 73.0
434 41.0
240 88.0
255 73.0
801 85.0
151 61.0
310 13.0
635 20.0
539 43.0
155 32.0
222 79.0
200 57.0
286 53.0
121 36.0
81 10.0
132 8.0
398 43.0
868 34.0
164 55.0
529 12.0
415 26.0
416 57.0
513 34.0
287 10.0
258 81.0
279 27.0
676 55.0
459 32.0
174 17.0
780 79.0
531 13.0
986 7.0
288 70.0
822 62.0
741 90.0
567 8.0
479 49.0
247 6.0
380 74.0
682 4.0
134 74.0
232 40.0
999 47.0
57 49.0
967 39.0
289 17.0
559 66.0
303 83.0
61 14.0
68 72.0
409 50.0
649 64.0
290 14.0
591 51.0
583 63.0
406 89.0
735 54.0
512 25.0
869 85.0
770 38.0
816 26.0
481 15.0
379 87.0
291 5.0
682 22.0
870 65.0
360 28.0
752 66.0
832 11.0
349 80.0
292 82.0
757 83.0
578 21.0
157 47.0
866 44.0
83 66.0
721 65.0
848 53.0
980 41.0
740 26.0
465 45.0
569 68.0
293 63.0
309 2.0
124 84.0
76 8.0
294 77.0
577 42.0
301 52.0
77 26.0
466 77.0
507 59.0
85 30.0
652 79.0
342 28.0
295 54.0
425 8.0
548 95.0
459 11.0
416 60.0
704 33.0
244 67.0
491 12.0
920 9.0
998 91.0
97 85.0
296 73.0
915 83.0
945 1.0
116 66.0
528 19.0
677 77.0
150 100.0
264 97.0
716 74.0
479 11.0
297 28.0
128 72.0
777 2.0
29 10.0
484 75.0
747 58.0
357 91.0
161 22.0
978 87.0
944 85.0
39 78.0
850 45.0
298 31.0
45 58.0
873 88.0
705 42.0
592 38.0
987 56.0
583 25.0
721 17.0
682 35.0
299 76.0
55 73.0
110 89.0
466 69.0
984 29.0
731 47.0
36 40.0
302 85.0
688 17.0
522 35.0
308 92.0
195 21.0
545 58.0
129 9.0
543 5.0
300 18.0
84 21.0
264 64.0
306 62.0
681 99.0
361 87.0
342 63.0
933 50.0
689 94.0
892 79.0
703 47.0
301 1.0
151 72.0
442 72.0
281 51.0
55 74.0
350 46.0
180 84.0
333 16.0
745 18.0
656 80.0
302 29.0
136 69.0
735 12.0
304 100.0
882 73.0
828 39.0
388 58.0
648 34.0
791 80.0
729 45.0
439 90.0
303 31.0
43 20.0
950 69.0
699 10.0
421 80.0
291 70.0
62 7.0
425 28.0
197 93.0
876 54.0
18 63.0
803 9.0
23 5.0
304 71.0
44 70.0
388 35.0
641 20.0
323 95.0
676 33.0
704 52.0
505 70.0
778 12.0
700 27.0
305 6.0
951 31.0
695 75.0
49 52.0
100 45.0
43 21.0
296 55.0
46 12.0
306 9.0
743 4.0
804 4.0
845 75.0
269 55.0
405 37.0
322 28.0
253 73.0
279 4.0
587 76.0
55 63.0
293 84.0
290 67.0
106 87.0
592 57.0
897 72.0
363 47.0
212 5.0
67 52.0
307 89.0
618 14.0
338 27.0
839 42.0
536 9.0
836 98.0
349 77.0
827 74.0
525 50.0
308 73.0
182 74.0
447 38.0
638 3.0
224 86.0
646 10.0
111 20.0
916 5.0
532 35.0
291 20.0
739 19.0
309 69.0
378 26.0
23 36.0
510 10.0
222 33.0
683 18.0
725 82.0
47 49.0
727 22.0
531 59.0
310 59.0
134 21.0
984 44.0
62 4.0
151 63.0
90 65.0
945 98.0
493 40.0
119 61.0
459 58.0
72 17.0
841 57.0
49 46.0
311 20.0
639 86.0
952 79.0
838 75.0
957 78.0
244 56.0
951 22.0
580 66.0
320 63.0
242 54.0
312 40.0
895 71.0
153 100.0
926 75.0
639 19.0
946 61.0
858 43.0
352 77.0
989 26.0
107 57.0
680 10.0
531 84.0
313 63.0
59 22.0
948 98.0
371 83.0
606 13.0
930 77.0
162 47.0
314 23.0
330 73.0
546 98.0
419 20.0
185 20.0
127 82.0
344 79.0
458 37.0
324 99.0
306 45.0
138 7.0
27 77.0
957 99.0
315 25.0
726 33.0
954 74.0
709 71.0
622 100.0
509 76.0
606 46.0
817 52.0
316 75.0
351 54.0
550 29.0
998 40.0
253 94.0
980 87.0
143 66.0
244 39.0
185 66.0
454 65.0
846 36.0
461 56.0
757 87.0
317 39.0
546 100.0
166 13.0
8 14.0
330 1.0
669 100.0
676 16.0
332 38.0
713 1.0
694 2.0
617 18.0
318 39.0
200 9.0
387 4.0
6 22.0
64 63.0
880 66.0
335 6.0
319 27.0
24 39.0
188 33.0
728 64.0
889 99.0
115 31.0
400 34.0
6 54.0
339 26.0
320 33.0
669 37.0
635 99.0
645 87.0
928 86.0
846 31.0
273 19.0
355 65.0
772 88.0
396 23.0
1 82.0
280 100.0
643 52.0
321 49.0
381 24.0
728 22.0
773 52.0
940 81.0
163 32.0
993 87.0
374 98.0
103 27.0
470 53.0
724 10.0
941 32.0
190 95.0
813 69.0
322 35.0
351 11.0
149 48.0
858 64.0
57 91.0
916 28.0
884 50.0
137 86.0
937 8.0
227 95.0
999 22.0
212 32.0
952 43.0
585 27.0
708 98.0
343 5.0
323 83.0
929 32.0
215 54.0
834 41.0
592 1.0
602 71.0
616 94.0
749 2.0
510 81.0
979 62.0
831 54.0
324 6.0
327 25.0
728 68.0
880 66.0
411 86.0
776 90.0
557 85.0
42 86.0
930 74.0
325 89.0
585 10.0
569 22.0
903 2.0
484 95.0
941 13.0
12 14.0
74 40.0
32 21.0
79 13.0
799 86.0
61 20.0
228 82.0
974 5.0
277 39.0
288 97.0
326 77.0
93 54.0
567 33.0
519 58.0
787 43.0
771 48.0
681 7.0
423 31.0
25 63.0
719 94.0
798 12.0
327 2.0
262 16.0
522 49.0
277 73.0
802 6.0
457 93.0
204 4.0
836 76.0
328 57.0
587 77.0
879 53.0
848 87.0
98 87.0
554 67.0
526 2.0
329 35.0
419 82.0
425 69.0
870 38.0
642 62.0
280 82.0
557 33.0
364 3.0
643 93.0
754 96.0
140 35.0
830 72.0
226 63.0
755 9.0
636 55.0
330 23.0
638 27.0
494 74.0
935 58.0
51 64.0
869 81.0
528 29.0
212 69.0
236 90.0
698 90.0
920 37.0
331 47.0
428 28.0
115 38.0
987 59.0
148 70.0
85 61.0
440 85.0
339 52.0
773 95.0
637 87.0
193 4.0
986 78.0
461 92.0
332 61.0
16 4.0
298 95.0
572 43.0
744 32.0
574 67.0
290 44.0
218 93.0
80 10.0
232 53.0
333 70.0
335 91.0
272 70.0
125 13.0
239 21.0
665 42.0
911 53.0
622 53.0
390 46.0
681 84.0
399 6.0
393 91.0
245 65.0
22 43.0
346 44.0
968 7.0
334 52.0
556 28.0
639 75.0
918 54.0
899 22.0
938 70.0
248 23.0
742 86.0
29 70.0
131 3.0
149 83.0
335 42.0
15 63.0
87 5.0
500 100.0
332 81.0
394 32.0
374 22.0
460 30.0
426 62.0
836 53.0
457 8.0
256 23.0
612 39.0
619 90.0
195 55.0
336 36.0
960 64.0
797 48.0
48 72.0
53 21.0
790 89.0
264 86.0
599 34.0
9 18.0
721 42.0
744 69.0
909 72.0
337 25.0
532 96.0
908 99.0
961 41.0
388 55.0
324 74.0
854 38.0
96 11.0
338 43.0
414 15.0
914 35.0
725 59.0
330 36.0
339 69.0
689 84.0
683 25.0
709 50.0
74 30.0
513 65.0
269 49.0
718 53.0
117 44.0
16 16.0
142 27.0
340 22.0
277 29.0
176 63.0
724 45.0
340 15.0
193 35.0
906 35.0
496 57.0
869 74.0
345 94.0
864 81.0
520 63.0
341 45.0
142 48.0
702 95.0
68 39.0
827 62.0
17 93.0
342 63.0
835 98.0
650 62.0
392 84.0
245 28.0
877 44.0
539 99.0
854 10.0
460 91.0
126 2.0
148 19.0
164 49.0
846 56.0
578 37.0
170 26.0
598 95.0
343 52.0
294 90.0
952 11.0
288 87.0
406 13.0
287 80.0
31 95.0
814 75.0
447 41.0
57 16.0
142 90.0
516 68.0
249 52.0
989 44.0
824 11.0
298 85.0
646 94.0
344 25.0
807 40.0
284 57.0
454 1.0
101 82.0
549 8.0
428 73.0
14 14.0
378 22.0
340 69.0
423 79.0
345 61.0
82 41.0
825 63.0
788 46.0
777 72.0
146 44.0
419 95.0
346 36.0
689 67.0
683 10.0
815 51.0
934 41.0
255 65.0
586 86.0
786 83.0
605 23.0
520 93.0
794 30.0
347 8.0
496 34.0
145 49.0
302 26.0
55 20.0
575 49.0
388 93.0
684 7.0
779 37.0
490 60.0
525 9.0
518 47.0
955 13.0
348 16.0
634 44.0
302 18.0
766 46.0
192 40.0
756 35.0
349 30.0
747 10.0
457 93.0
519 40.0
826 62.0
303 41.0
274 62.0
959 18.0
4 44.0
498 24.0
220 83.0
376 90.0
771 78.0
350 51.0
246 76.0
923 1.0
526 6.0
770 16.0
157 42.0
577 82.0
76 42.0
649 55.0
852 1.0
933 60.0
351 54.0
729 80.0
680 100.0
42 33.0
597 75.0
671 90.0
36 28.0
611 9.0
10 1.0
189 76.0
515 94.0
886 75.0
685 60.0
951 53.0
352 35.0
387 41.0
538 2.0
701 61.0
422 17.0
115 65.0
845 66.0
84 82.0
334 29.0
250 25.0
966 34.0
917 54.0
947 74.0
560 66.0
353 47.0
753 25.0
796 4.0
751 11.0
172 99.0
98 96.0
639 8.0
208 47.0
336 38.0
573 78.0
589 17.0
489 89.0
293 82.0
995 58.0
790 51.0
354 18.0
564 36.0
905 26.0
320 43.0
261 21.0
913 57.0
797 15.0
200 35.0
415 60.0
875 39.0
376 81.0
355 82.0
205 44.0
668 66.0
308 93.0
7 11.0
280 97.0
600 8.0
290 25.0
304 61.0
448 57.0
480 5.0
356 3.0
757 9.0
24 100.0
868 85.0
269 82.0
5 36.0
760 18.0
416 5.0
825 24.0
185 46.0
118 37.0
357 13.0
541 24.0
891 28.0
327 15.0
212 74.0
649 66.0
138 50.0
358 49.0
117 94.0
364 93.0
669 41.0
514 32.0
288 24.0
753 47.0
475 41.0
16 14.0
349 58.0
863 80.0
4 64.0
870 40.0
998 17.0
480 57.0
277 74.0
88 44.0
359 81.0
386 98.0
478 61.0
989 32.0
652 75.0
421 90.0
817 52.0
505 98.0
419 1.0
126 8.0
360 77.0
233 13.0
663 5.0
204 94.0
3 33.0
767 53.0
385 20.0
579 5.0
86 55.0
569 13.0
29 82.0
381 25.0
361 1.0
638 93.0
845 25.0
543 85.0
88 80.0
606 87.0
823 9.0
690 58.0
235 97.0
362 81.0
761 68.0
293 76.0
905 80.0
460 7.0
785 97.0
313 56.0
183 1.0
836 33.0
459 21.0
225 68.0
40 47.0
936 69.0
363 88.0
706 75.0
429 100000.0
812 57.0
200 36.0
350 3.0
46 83.0
773 87.0
461 25.0
756 77.0
364 74.0
58 47.0
683 60.0
48 81.0
257 80.0
175 82.0
343 35.0
90 48.0
617 83.0
679 59.0
567 27.0
187 83.0
274 90.0
365 68.0
248 24.0
623 62.0
250 8.0
223 34.0
676 77.0
725 4.0
991 33.0
396 29.0
547 99.0
585 63.0
339 19.0
253 26.0
880 58.0
366 40.0
479 16.0
680 37.0
379 4.0
367 77.0
760 25.0
852 42.0
441 90.0
4 1.0
124 72.0
295 42.0
58 51.0
950 48.0
302 74.0
414 82.0
865 53.0
368 76.0
446 8.0
662 90.0
940 86.0
803 21.0
328 93.0
850 40.0
200 3.0
583 12.0
514 13.0
480 31.0
813 36.0
391 59.0
471 85.0
502 96.0
248 85.0
369 83.0
463 21.0
292 57.0
253 20.0
792 89.0
545 98.0
55 17.0
579 9.0
340 7.0
348 47.0
941 7.0
370 49.0
844 44.0
815 32.0
6 4.0
285 85.0
300 28.0
534 73.0
981 47.0
710 77.0
371 28.0
360 70.0
162 43.0
654 54.0
105 73.0
86 83.0
977 67.0
856 23.0
398 81.0
879 24.0
827 96.0
886 52.0
799 25.0
372 14.0
436 30.0
935 70.0
682 69.0
902 100.0
547 65.0
504 94.0
876 63.0
539 20.0
95 80.0
373 7.0
517 74.0
609 85.0
143 89.0
374 49.0
51 31.0
534 1.0
13 50.0
50 51.0
532 72.0
59 88.0
379 36.0
195 22.0
271 49.0
622 37.0
374 35.0
275 72.0
167 16.0
835 86.0
479 76.0
423 7.0
332 96.0
111 4.0
412 2.0
225 65.0
671 77.0
922 52.0
318 75.0
375 48.0
319 100.0
686 35.0
385 52.0
118 59.0
192 77.0
809 9.0
317 43.0
942 93.0
652 81.0
338 35.0
976 13.0
948 11.0
376 30.0
163 7.0
787 8.0
821 68.0
686 38.0
594 72.0
926 81.0
902 22.0
975 71.0
904 76.0
238 63.0
886 92.0
718 34.0
377 1.0
984 11.0
94 45.0
791 32.0
837 79.0
431 99.0
403 62.0
23 37.0
263 59.0
446 79.0
299 94.0
967 80.0
76 12.0
378 86.0
507 33.0
172 80.0
890 99.0
83 25.0
684 89.0
962 96.0
643 79.0
379 1.0
804 29.0
173 89.0
332 43.0
499 26.0
787 76.0
195 33.0
543 58.0
829 19.0
655 62.0
366 96.0
674 82.0
889 32.0
155 85.0
901 57.0
203 12.0
380 33.0
321 79.0
669 58.0
60 94.0
66 80.0
971 43.0
780 31.0
125 47.0
756 98.0
310 53.0
700 70.0
783 51.0
381 63.0
663 90.0
676 56.0
506 71.0
758 4.0
764 69.0
716 100.0
553 28.0
131 33.0
295 6.0
335 71.0
178 46.0
173 40.0
382 79.0
900 61.0
977 53.0
104 22.0
13 13.0
142 68.0
167 81.0
247 47.0
796 44.0
463 94.0
383 46.0
676 47.0
609 73.0
253 90.0
928 23.0
200 74.0
128 23.0
872 73.0
384 92.0
273 21.0
111 33.0
708 3.0
753 11.0
517 74.0
179 17.0
200 75.0
336 63.0
716 55.0
204 1.0
385 70.0
452 9.0
404 87.0
629 14.0
887 57.0
500 77.0
192 78.0
563 97.0
253 8.0
290 7.0
205 96.0
648 66.0
859 50.0
622 29.0
386 12.0
269 26.0
38 88.0
148 55.0
462 47.0
738 77.0
545 7.0
544 17.0
36 75.0
733 14.0
387 6.0
349 10.0
376 75.0
898 61.0
258 51.0
693 88.0
110 94.0
530 90.0
792 31.0
858 88.0
107 97.0
539 50.0
388 37.0
190 43.0
310 12.0
521 1.0
936 13.0
191 25.0
545 27.0
265 99.0
268 40.0
253 34.0
954 37.0
102 79.0
553 55.0
122 19.0
389 47.0
765 29.0
349 87.0
451 40.0
177 13.0
981 17.0
193 91.0
359 76.0
390 4.0
920 17.0
446 13.0
861 2.0
782 93.0
680 69.0
95 83.0
921 19.0
509 98.0
504 27.0
285 95.0
943 54.0
468 45.0
391 52.0
402 32.0
42 31.0
868 83.0
688 54.0
370 58.0
753 42.0
73 47.0
330 56.0
404 6.0
392 65.0
685 93.0
27 17.0
313 78.0
486 45.0
582 88.0
688 16.0
963 24.0
200 38.0
337 74.0
726 64.0
744 52.0
438 44.0
31 63.0
393 22.0
868 91.0
34 58.0
589 70.0
159 32.0
482 79.0
208 56.0
394 67.0
161 34.0
216 83.0
443 51.0
168 89.0
141 34.0
294 74.0
349 4.0
281 30.0
703 38.0
395 67.0
993 21.0
773 27.0
209 59.0
510 54.0
933 32.0
984 48.0
837 96.0
692 13.0
363 100.0
540 56.0
724 46.0
589 71.0
396 46.0
63 6.0
139 88.0
904 78.0
775 13.0
477 23.0
399 5.0
586 6.0
24 38.0
397 31.0
904 41.0
560 98.0
968 98.0
216 55.0
377 13.0
974 92.0
17 51.0
644 55.0
643 82.0
703 1.0
505 30.0
291 85.0
719 17.0
398 9.0
560 52.0
535 37.0
101 88.0
76 31.0
730 42.0
219 64.0
98 57.0
572 48.0
827 19.0
592 84.0
399 46.0
393 24.0
955 76.0
965 70.0
18 92.0
498 96.0
683 68.0
55 9.0
972 73.0
301 48.0
922 9.0
512 49.0
400 82.0
12 39.0
638 64.0
832 25.0
458 7.0
538 10.0
676 42.0
684 41.0
401 23.0
721 74.0
815 27.0
460 1.0
700 59.0
546 23.0
561 90.0
887 77.0
787 18.0
177 36.0
52 26.0
548 16.0
286 97.0
402 96.0
799 72.0
719 92.0
778 72.0
378 8.0
255 85.0
607 66.0
979 99.0
114 53.0
853 90.0
403 82.0
485 33.0
886 23.0
969 88.0
447 43.0
749 70.0
278 1.0
717 44.0
404 20.0
296 23.0
505 49.0
600 19.0
309 62.0
569 43.0
739 81.0
405 94.0
996 43.0
563 86.0
674 16.0
602 57.0
857 46.0
987 2.0
888 9.0
637 44.0
993 63.0
189 53.0
397 39.0
504 97.0
897 28.0
406 16.0
549 67.0
231 89.0
953 9.0
823 74.0
629 50.0
407 56.0
545 5.0
51 98.0
84 56.0
903 44.0
820 94.0
336 84.0
49 58.0
578 56.0
371 20.0
934 9.0
966 35.0
823 36.0
408 65.0
269 85.0
694 77.0
663 35.0
424 80.0
746 35.0
312 55.0
176 97.0
629 83.0
687 66.0
165 43.0
409 40.0
196 78.0
651 33.0
433 83.0
486 77.0
850 25.0
192 30.0
757 8.0
901 3.0
540 100.0
335 71.0
984 20.0
166 23.0
410 9.0
941 48.0
757 15.0
655 57.0
60 32.0
438 98.0
503 58.0
212 12.0
411 95.0
222 87.0
582 78.0
834 64.0
366 33.0
711 44.0
412 4.0
801 63.0
250 39.0
153 30.0
701 28.0
567 63.0
332 97.0
492 5.0
57 92.0
986 94.0
352 89.0
980 43.0
191 94.0
820 19.0
413 42.0
696 28.0
365 1.0
220 45.0
4 48.0
477 93.0
986 66.0
954 50.0
377 80.0
95 78.0
33 45.0
278 56.0
414 65.0
845 46.0
365 20.0
825 91.0
118 67.0
867 90.0
33 6.0
331 19.0
443 51.0
765 76.0
366 43.0
608 64.0
732 42.0
857 77.0
415 93.0
221 22.0
973 13.0
220 55.0
665 39.0
321 24.0
416 84.0
716 85.0
120 53.0
446 17.0
787 79.0
129 38.0
762 64.0
680 2.0
268 65.0
910 69.0
845 59.0
113 44.0
417 19.0
953 87.0
192 75.0
295 100.0
406 93.0
884 2.0
195 45.0
927 92.0
754 3.0
428 6.0
418 44.0
277 47.0
102 80.0
525 82.0
637 56.0
951 10.0
174 64.0
522 61.0
450 19.0
605 76.0
419 77.0
705 7.0
559 71.0
700 32.0
827 98.0
686 7.0
943 70.0
399 32.0
325 72.0
136 61.0
749 5.0
743 85.0
802 6.0
420 23.0
94 48.0
582 8.0
516 49.0
894 23.0
976 100.0
736 30.0
848 8.0
421 45.0
906 71.0
263 70.0
338 92.0
308 3.0
738 10.0
748 61.0
519 85.0
244 95.0
419 63.0
664 96.0
979 68.0
422 99.0
140 47.0
556 11.0
690 80.0
428 90.0
313 52.0
228 51.0
338 18.0
760 9.0
90 73.0
719 91.0
311 50.0
738 35.0
564 7.0
546 83.0
423 97.0
479 76.0
70 63.0
875 51.0
362 100000.0
730 20.0
836 19.0
784 17.0
23 43.0
424 61.0
200 21.0
375 49.0
510 20.0
48 7.0
476 10.0
721 82.0
857 100000.0
582 37.0
74 8.0
405 13.0
268 1.0
333 23.0
932 73.0
425 76.0
512 52.0
791 14.0
402 2.0
105 66.0
46 82.0
45 42.0
426 35.0
979 41.0
247 59.0
785 1.0
701 40.0
792 97.0
55 69.0
65 11.0
814 82.0
606 79.0
277 47.0
427 44.0
561 72.0
724 61.0
987 76.0
146 36.0
212 22.0
113 66.0
883 83.0
436 2.0
280 90.0
428 30.0
166 70.0
806 59.0
649 64.0
327 83.0
782 66.0
586 2.0
32 60.0
376 100.0
582 49.0
624 52.0
248 82.0
160 97.0
429 32.0
157 78.0
686 85.0
589 69.0
473 2.0
875 33.0
857 12.0
504 90.0
340 42.0
266 97.0
506 34.0
430 76.0
933 89.0
654 14.0
930 14.0
863 7.0
490 44.0
181 50.0
188 38.0
315 3.0
431 95.0
688 16.0
386 82.0
25 92.0
37 42.0
227 34.0
659 48.0
697 79.0
605 68.0
73 89.0
64 26.0
886 44.0
139 66.0
602 75.0
34 29.0
432 28.0
267 82.0
542 96.0
408 61.0
988 75.0
73 78.0
340 6.0
233 44.0
65 25.0
242 45.0
75 85.0
136 46.0
517 99.0
109 71.0
629 16.0
783 30.0
739 62.0
836 28.0
625 49.0
433 37.0
729 62.0
697 74.0
996 51.0
456 92.0
759 46.0
360 93.0
384 18.0
420 34.0
553 56.0
526 56.0
793 14.0
323 86.0
434 65.0
270 81.0
416 34.0
404 89.0
272 77.0
620 76.0
530 79.0
813 24.0
435 86.0
316 27.0
988 56.0
736 14.0
280 74.0
612 64.0
187 21.0
436 54.0
622 15.0
761 36.0
456 45.0
989 85.0
845 68.0
459 80.0
51 54.0
315 20.0
279 44.0
850 76.0
8 20.0
381 13.0
244 6.0
153 97.0
437 28.0
683 98.0
370 36.0
424 99.0
559 66.0
529 77.0
153 38.0
925 4.0
808 25.0
802 82.0
251 19.0
731 16.0
318 46.0
438 89.0
769 59.0
690 49.0
780 32.0
610 1.0
456 78.0
804 71.0
284 47.0
950 2.0
921 40.0
683 16.0
439 95.0
550 9.0
966 68.0
274 63.0
30 29.0
169 24.0
761 48.0
701 28.0
745 40.0
268 9.0
21 17.0
266 60.0
894 47.0
626 95.0
175 56.0
440 94.0
200 81.0
423 38.0
263 94.0
236 25.0
105 83.0
673 81.0
680 2.0
418 65.0
555 91.0
865 96.0
124 72.0
542 69.0
441 98.0
55 83.0
891 13.0
600 87.0
788 83.0
248 27.0
956 74.0
536 11.0
196 77.0
988 84.0
869 5.0
907 24.0
949 24.0
105 63.0
778 90.0
751 22.0
655 46.0
442 7.0
484 79.0
989 45.0
535 58.0
807 24.0
861 55.0
342 57.0
169 45.0
760 40.0
443 67.0
606 87.0
585 77.0
40 33.0
649 77.0
451 11.0
180 35.0
711 18.0
178 53.0
553 39.0
284 97.0
72 82.0
444 76.0
163 90.0
132 100.0
98 51.0
998 68.0
299 20.0
737 38.0
620 54.0
399 69.0
571 71.0
540 25.0
445 63.0
578 26.0
988 22.0
222 37.0
338 93.0
472 8.0
782 11.0
199 32.0
773 75.0
139 91.0
739 76.0
721 37.0
327 5.0
27 46.0
446 18.0
696 86.0
646 13.0
251 4.0
828 82.0
787 26.0
612 40.0
783 68.0
447 89.0
816 22.0
440 32.0
800 16.0
12 79.0
826 84.0
444 76.0
526 97.0
94 41.0
599 84.0
205 96.0
524 20.0
448 84.0
657 40.0
684 29.0
654 11.0
761 79.0
513 55.0
13 7.0
477 85.0
449 94.0
765 20.0
804 29.0
537 11.0
164 93.0
161 16.0
551 35.0
450 72.0
858 84.0
244 19.0
933 25.0
395 65.0
352 90.0
588 12.0
981 63.0
151 13.0
451 45.0
441 33.0
151 25.0
109 94.0
679 45.0
361 92.0
63 26.0
249 62.0
452 82.0
673 88.0
876 31.0
710 32.0
818 38.0
825 55.0
941 96.0
214 62.0
144 8.0
453 36.0
240 83.0
274 51.0
205 58.0
454 92.0
594 76.0
447 70.0
375 36.0
461 34.0
913 91.0
62 72.0
455 5.0
576 86.0
520 15.0
32 10.0
176 64.0
541 96.0
11 53.0
16 14.0
345 98.0
985 68.0
596 60.0
456 70.0
888 62.0
183 89.0
198 25.0
583 42.0
764 2.0
197 33.0
160 51.0
35 92.0
863 30.0
978 55.0
914 95.0
175 12.0
494 35.0
306 76.0
591 87.0
697 22.0
537 24.0
411 79.0
737 48.0
763 48.0
714 67.0
806 60.0
457 74.0
941 13.0
837 33.0
119 50.0
964 32.0
978 72.0
986 81.0
955 88.0
765 4.0
291 19.0
458 100.0
391 77.0
404 68.0
245 42.0
881 6.0
424 48.0
186 35.0
711 39.0
592 6.0
168 91.0
826 9.0
7 35.0
937 78.0
266 22.0
459 56.0
94 55.0
770 98.0
415 66.0
89 7.0
996 77.0
811 97.0
716 72.0
881 65.0
873 36.0
673 43.0
460 63.0
295 16.0
779 4.0
359 97.0
655 33.0
291 20.0
838 97.0
294 12.0
185 49.0
312 43.0
568 72.0
139 30.0
346 33.0
352 3.0
461 86.0
582 48.0
625 25.0
38 81.0
135 29.0
974 47.0
770 47.0
968 54.0
244 20.0
19 55.0
471 86.0
888 45.0
501 14.0
534 6.0
462 35.0
925 5.0
181 12.0
709 100.0
609 55.0
346 43.0
619 6.0
816 29.0
713 90.0
122 55.0
608 40.0
705 13.0
712 2.0
447 35.0
603 38.0
463 55.0
743 94.0
804 58.0
691 41.0
111 78.0
124 35.0
178 99.0
406 23.0
39 86.0
223 50.0
464 59.0
766 60.0
207 83.0
200 18.0
240 64.0
752 75.0
629 96.0
112 19.0
979 79.0
465 79.0
173 95.0
766 35.0
714 19.0
37 46.0
321 93.0
187 96.0
483 38.0
381 55.0
804 33.0
898 67.0
705 7.0
466 12.0
680 62.0
623 1.0
444 86.0
331 10.0
640 74.0
891 85.0
190 54.0
182 49.0
996 72.0
930 41.0
847 5.0
467 68.0
109 91.0
281 40.0
649 56.0
4 86.0
457 60.0
918 80.0
140 36.0
468 74.0
42 33.0
116 54.0
538 68.0
330 56.0
897 58.0
99 24.0
324 21.0
148 72.0
469 2.0
599 2.0
181 17.0
877 45.0
383 10.0
440 3.0
488 46.0
893 84.0
971 16.0
132 83.0
426 92.0
682 3.0
138 45.0
470 26.0
653 97.0
498 50.0
186 31.0
104 49.0
856 56.0
733 82.0
536 42.0
471 94.0
769 65.0
569 66.0
672 6.0
369 12.0
205 65.0
545 100000.0
708 86.0
472 70.0
562 67.0
755 91.0
612 9.0
265 85.0
701 5.0
450 100.0
206 72.0
37 32.0
719 5.0
132 72.0
473 41.0
112 50.0
645 27.0
803 75.0
932 48.0
286 51.0
78 57.0
474 66.0
153 24.0
425 100.0
311 2.0
436 22.0
980 61.0
327 88.0
953 22.0
62 85.0
664 55.0
864 9.0
675 9.0
475 37.0
318 9.0
353 50.0
354 41.0
344 79.0
524 48.0
513 5.0
49 78.0
258 80.0
701 82.0
586 98.0
839 87.0
871 80.0
822 95.0
476 82.0
867 44.0
718 43.0
947 47.0
845 85.0
431 78.0
160 75.0
955 49.0
367 99.0
652 59.0
477 9.0
945 91.0
91 25.0
761 27.0
275 15.0
299 44.0
598 31.0
745 24.0
289 23.0
108 95.0
121 84.0
664 98.0
478 23.0
386 41.0
752 95.0
177 97.0
136 52.0
65 27.0
607 12.0
985 92.0
821 61.0
124 79.0
858 83.0
246 17.0
479 100.0
925 40.0
460 3.0
56 92.0
131 20.0
943 60.0
483 57.0
892 24.0
480 5.0
840 47.0
737 55.0
124 77.0
72 7.0
821 97.0
295 22.0
763 18.0
537 73.0
145 75.0
779 18.0
481 47.0
611 2.0
58 82.0
102 80.0
949 80.0
860 52.0
839 75.0
133 60.0
165 59.0
204 20.0
552 35.0
224 43.0
488 40.0
227 84.0
523 8.0
253 84.0
1 63.0
482 53.0
246 53.0
478 96.0
367 93.0
181 46.0
728 10.0
416 25.0
483 29.0
394 35.0
910 6.0
325 58.0
786 49.0
484 22.0
68 81.0
620 24.0
946 10.0
87 9.0
360 91.0
255 4.0
351 94.0
324 96.0
569 94.0
387 86.0
485 92.0
332 14.0
166 38.0
317 18.0
728 33.0
130 89.0
559 9.0
214 23.0
18 27.0
344 15.0
47 71.0
987 8.0
836 73.0
816 87.0
486 62.0
779 85.0
431 26.0
803 11.0
329 22.0
468 73.0
396 3.0
358 29.0
634 77.0
82 27.0
712 18.0
567 39.0
110 84.0
380 62.0
919 23.0
558 51.0
487 46.0
303 71.0
560 83.0
356 97.0
12 34.0
131 97.0
488 6.0
612 55.0
177 1.0
616 6.0
957 6.0
468 85.0
18 27.0
191 44.0
153 42.0
595 59.0
489 14.0
267 98.0
416 57.0
635 97.0
676 74.0
626 35.0
699 62.0
459 100.0
428 83.0
194 37.0
757 99.0
981 40.0
122 50.0
595 6.0
237 39.0
580 59.0
775 13.0
111 74.0
446 60.0
490 50.0
547 94.0
272 5.0
543 89.0
954 57.0
624 49.0
744 11.0
610 11.0
358 20.0
417 85.0
491 32.0
865 90.0
13 2.0
99 4.0
994 33.0
764 13.0
874 77.0
10 15.0
584 54.0
320 63.0
656 78.0
807 76.0
492 23.0
416 45.0
210 38.0
303 77.0
481 68.0
468 31.0
798 84.0
638 38.0
488 59.0
681 9.0
740 13.0
640 69.0
679 43.0
701 16.0
155 34.0
579 46.0
493 7.0
542 91.0
252 13.0
571 6.0
966 13.0
396 13.0
948 51.0
960 69.0
31 59.0
633 76.0
682 71.0
119 65.0
438 86.0
494 96.0
209 59.0
325 98.0
500 73.0
714 97.0
749 70.0
936 10.0
845 17.0
495 34.0
488 22.0
699 87.0
187 61.0
969 34.0
833 94.0
421 44.0
788 1.0
496 71.0
216 33.0
655 42.0
149 33.0
563 39.0
969 63.0
777 70.0
344 25.0
529 64.0
9 27.0
533 55.0
709 74.0
456 69.0
943 85.0
413 71.0
28 78.0
462 97.0
497 54.0
275 50.0
246 25.0
422 71.0
345 36.0
761 54.0
271 63.0
357 42.0
685 1.0
313 56.0
273 16.0
498 18.0
457 64.0
302 72.0
151 55.0
643 21.0
583 30.0
253 47.0
102 22.0
499 19.0
707 76.0
792 71.0
678 17.0
770 66.0
31 27.0
854 22.0
780 11.0
742 59.0
500 90.0
67 61.0
920 13.0
948 90.0
822 47.0
192 28.0
212 26.0
843 44.0
501 62.0
113 73.0
474 38.0
764 15.0
456 64.0
250 51.0
969 25.0
333 93.0
671 68.0
773 99.0
832 12.0
502 64.0
365 44.0
764 38.0
449 100.0
59 61.0
308 38.0
385 72.0
136 95.0
503 83.0
212 47.0
312 15.0
71 14.0
188 100.0
139 85.0
122 45.0
18 6.0
288 61.0
504 33.0
237 38.0
499 45.0
865 59.0
826 25.0
228 64.0
218 31.0
288 1.0
750 34.0
256 81.0
848 86.0
759 86.0
488 31.0
4 35.0
602 22.0
523 51.0
887 57.0
505 41.0
704 26.0
913 38.0
245 10.0
908 100.0
741 25.0
543 33.0
475 35.0
327 76.0
506 13.0
818 51.0
260 27.0
529 50.0
368 59.0
853 62.0
432 25.0
797 7.0
426 36.0
716 51.0
850 71.0
16 84.0
507 32.0
852 7.0
569 29.0
29 92.0
587 32.0
557 77.0
749 23.0
508 15.0
928 78.0
129 52.0
369 33.0
848 66.0
850 77.0
801 31.0
697 79.0
957 6.0
115 68.0
112 11.0
509 24.0
434 92.0
308 74.0
420 50.0
35 52.0
635 60.0
521 56.0
498 31.0
422 46.0
731 67.0
593 92.0
860 26.0
871 88.0
510 67.0
426 65.0
82 15.0
465 18.0
454 94.0
52 89.0
345 9.0
785 31.0
365 30.0
334 5.0
635 52.0
511 9.0
859 98.0
992 86.0
697 17.0
506 36.0
410 43.0
424 69.0
795 51.0
814 12.0
243 63.0
132 12.0
313 12.0
12 3.0
440 76.0
994 7.0
811 30.0
9 97.0
835 62.0
316 34.0
702 100000.0
895 13.0
102 56.0
119 73.0
512 39.0
76 10.0
940 97.0
224 86.0
944 40.0
454 5.0
548 94.0
93 61.0
994 46.0
137 71.0
740 41.0
623 13.0
513 24.0
668 44.0
249 89.0
835 76.0
859 23.0
969 93.0
485 93.0
29 11.0
642 48.0
171 54.0
359 43.0
596 74.0
577 26.0
441 60.0
505 3.0
514 36.0
433 74.0
77 51.0
360 17.0
87 12.0
598 67.0
264 36.0
742 14.0
430 32.0
822 73.0
515 53.0
179 33.0
896 57.0
274 33.0
272 69.0
604 36.0
471 58.0
982 84.0
669 51.0
732 20.0
730 5.0
516 6.0
702 29.0
174 22.0
770 56.0
756 69.0
751 12.0
614 100.0
714 93.0
566 70.0
520 15.0
398 18.0
269 93.0
159 22.0
517 56.0
715 22.0
433 56.0
899 96.0
118 12.0
515 99.0
497 13.0
518 5.0
811 43.0
319 32.0
598 90.0
212 57.0
280 75.0
77 56.0
839 42.0
519 6.0
553 11.0
925 21.0
143 44.0
927 64.0
46 86.0
591 99.0
885 23.0
109 65.0
208 85.0
952 70.0
429 79.0
584 69.0
294 26.0
520 90.0
736 94.0
176 56.0
211 92.0
586 19.0
940 15.0
577 76.0
910 75.0
719 31.0
761 98.0
582 31.0
244 75.0
521 86.0
168 64.0
658 35.0
807 100.0
583 97.0
554 91.0
471 55.0
486 57.0
226 43.0
355 39.0
371 15.0
522 70.0
334 9.0
600 22.0
885 48.0
376 85.0
937 86.0
866 82.0
583 9.0
523 70.0
680 54.0
822 88.0
348 24.0
860 11.0
770 70.0
332 23.0
406 43.0
897 62.0
247 87.0
893 93.0
259 43.0
524 67.0
560 61.0
347 98.0
444 81.0
620 25.0
480 75.0
464 85.0
175 11.0
595 64.0
414 40.0
815 2.0
525 25.0
52 67.0
635 77.0
213 58.0
79 91.0
11 59.0
333 74.0
87 52.0
527 93.0
526 30.0
710 43.0
712 56.0
417 22.0
667 62.0
351 69.0
543 94.0
892 49.0
527 21.0
416 7.0
116 35.0
164 49.0
120 100.0
539 89.0
222 43.0
202 85.0
486 89.0
778 15.0
153 36.0
403 62.0
528 4.0
101 90.0
993 24.0
23 82.0
573 77.0
119 54.0
781 82.0
979 78.0
587 89.0
418 85.0
965 68.0
529 89.0
740 42.0
682 60.0
281 51.0
759 65.0
409 77.0
336 37.0
530 13.0
785 15.0
798 41.0
373 52.0
192 64.0
226 96.0
245 8.0
531 30.0
470 58.0
762 67.0
429 98.0
865 83.0
274 83.0
532 75.0
403 49.0
651 13.0
262 63.0
275 83.0
135 29.0
902 75.0
105 92.0
352 52.0
951 1.0
976 78.0
124 35.0
78 53.0
237 46.0
879 42.0
527 12.0
17 87.0
641 32.0
533 24.0
8 3.0
901 29.0
311 51.0
920 70.0
712 83.0
220 24.0
285 100.0
986 6.0
724 58.0
534 34.0
137 21.0
792 35.0
916 6.0
854 18.0
936 49.0
3 39.0
535 45.0
371 63.0
741 23.0
819 52.0
782 54.0
236 94.0
528 43.0
451 40.0
719 86.0
392 1.0
536 5.0
917 91.0
215 73.0
655 76.0
190 58.0
925 76.0
444 81.0
111 75.0
402 49.0
537 33.0
922 14.0
545 16.0
714 75.0
647 18.0
52 86.0
486 5.0
207 100.0
538 2.0
218 52.0
642 82.0
343 18.0
994 28.0
297 24.0
809 1.0
870 24.0
913 14.0
485 71.0
149 24.0
126 66.0
203 50.0
539 48.0
460 46.0
1 77.0
300 74.0
819 85.0
260 61.0
132 58.0
619 28.0
524 24.0
91 100.0
540 4.0
534 58.0
934 51.0
553 61.0
728 87.0
643 59.0
541 46.0
30 25.0
659 54.0
185 85.0
794 26.0
883 83.0
603 96.0
818 57.0
698 5.0
280 78.0
613 83.0
267 14.0
402 3.0
542 73.0
824 78.0
676 2.0
789 52.0
110 23.0
879 52.0
58 53.0
543 56.0
920 14.0
88 88.0
384 37.0
831 43.0
630 43.0
109 4.0
793 8.0
530 74.0
244 65.0
584 23.0
238 67.0
544 57.0
791 42.0
296 70.0
351 62.0
118 96.0
590 15.0
736 21.0
545 6.0
244 40.0
5 2.0
475 20.0
937 48.0
774 60.0
773 52.0
491 23.0
419 97.0
404 92.0
546 39.0
286 42.0
200 87.0
252 27.0
603 86.0
510 100000.0
554 33.0
7 9.0
512 24.0
547 97.0
901 64.0
154 39.0
464 27.0
146 49.0
270 47.0
73 38.0
117 78.0
413 83.0
939 17.0
548 26.0
143 34.0
264 94.0
789 97.0
494 31.0
126 68.0
864 48.0
91 16.0
201 81.0
941 76.0
944 51.0
549 63.0
352 57.0
723 77.0
600 55.0
550 69.0
311 23.0
946 29.0
575 37.0
254 44.0
151 95.0
398 21.0
496 29.0
711 47.0
948 75.0
476 75.0
551 12.0
817 63.0
672 68.0
217 1.0
532 11.0
535 11.0
743 58.0
90 19.0
260 24.0
696 10.0
974 88.0
552 38.0
100 38.0
946 39.0
816 65.0
864 18.0
471 48.0
410 15.0
259 44.0
945 68.0
404 94.0
607 80.0
246 37.0
473 57.0
813 57.0
603 72.0
44 76.0
146 95.0
553 95.0
369 90.0
158 48.0
400 97.0
505 51.0
218 80.0
790 27.0
491 38.0
758 90.0
554 64.0
468 17.0
489 95.0
189 57.0
505 69.0
728 47.0
830 19.0
362 89.0
523 4.0
466 25.0
555 57.0
57 85.0
953 49.0
543 42.0
125 53.0
99 21.0
183 30.0
956 74.0
279 70.0
158 37.0
54 75.0
533 8.0
399 61.0
53 76.0
503 27.0
545 76.0
747 42.0
927 93.0
556 14.0
902 69.0
913 72.0
654 64.0
86 50.0
35 45.0
15 13.0
557 99.0
858 7.0
805 31.0
452 47.0
288 42.0
944 15.0
668 62.0
264 16.0
372 62.0
364 74.0
588 51.0
998 63.0
558 40.0
345 71.0
310 45.0
574 5.0
877 72.0
269 36.0
206 88.0
740 39.0
10 28.0
750 78.0
559 24.0
745 31.0
285 92.0
901 98.0
73 95.0
873 70.0
302 80.0
560 12.0
847 89.0
10 55.0
820 37.0
255 38.0
776 9.0
959 39.0
117 28.0
367 12.0
988 26.0
65 82.0
968 37.0
347 85.0
715 98.0
561 85.0
187 37.0
629 24.0
530 91.0
995 62.0
164 44.0
948 89.0
626 80.0
990 92.0
898 16.0
918 84.0
562 2.0
991 23.0
709 35.0
749 43.0
563 47.0
73 1.0
45 41.0
74 96.0
24 86.0
908 93.0
974 23.0
419 78.0
989 45.0
16 55.0
792 40.0
324 30.0
520 1.0
906 6.0
859 74.0
564 58.0
43 7.0
936 95.0
21 48.0
575 6.0
701 7.0
965 77.0
210 99.0
572 90.0
769 43.0
325 13.0
278 19.0
565 48.0
42 17.0
947 64.0
62 47.0
988 42.0
759 14.0
368 46.0
641 62.0
982 50.0
382 53.0
566 22.0
963 55.0
359 55.0
495 12.0
454 15.0
402 69.0
197 72.0
143 79.0
794 38.0
600 57.0
958 48.0
567 85.0
277 85.0
689 61.0
361 82.0
188 57.0
913 7.0
500 55.0
255 53.0
736 78.0
264 90.0
551 29.0
226 27.0
286 57.0
110 86.0
568 84.0
302 30.0
292 83.0
128 21.0
49 41.0
788 60.0
719 15.0
272 100.0
975 38.0
569 17.0
179 97.0
723 4.0
370 27.0
499 12.0
283 47.0
389 6.0
182 97.0
259 1.0
928 49.0
724 60.0
570 33.0
7 10.0
735 19.0
227 82.0
372 2.0
474 37.0
863 83.0
279 100.0
571 73.0
36 4.0
549 86.0
557 31.0
669 26.0
572 14.0
884 79.0
502 15.0
43 96.0
554 76.0
641 10.0
667 79.0
572 92.0
927 79.0
297 19.0
94 40.0
657 72.0
855 40.0
11 94.0
524 29.0
688 27.0
83 39.0
616 86.0
573 6.0
489 47.0
553 17.0
772 57.0
47 15.0
535 89.0
956 21.0
604 89.0
574 53.0
841 36.0
193 11.0
935 92.0
335 25.0
900 80.0
9 54.0
214 68.0
640 72.0
793 55.0
648 46.0
275 27.0
681 43.0
575 70.0
568 46.0
431 13.0
409 27.0
495 51.0
184 15.0
101 40.0
926 58.0
576 66.0
962 28.0
453 71.0
192 23.0
708 99.0
22 61.0
98 58.0
503 11.0
483 20.0
314 58.0
325 1.0
139 51.0
940 51.0
553 90.0
65 56.0
577 40.0
591 23.0
791 47.0
801 48.0
870 80.0
59 32.0
687 84.0
137 60.0
33 13.0
704 65.0
492 67.0
113 88.0
698 94.0
660 77.0
352 2.0
578 63.0
59 21.0
777 73.0
321 35.0
310 43.0
716 9.0
585 5.0
934 96.0
579 21.0
909 13.0
421 42.0
491 62.0
318 70.0
61 93.0
998 76.0
499 60.0
690 78.0
875 100.0
267 61.0
580 74.0
788 28.0
971 90.0
664 23.0
20 85.0
233 77.0
963 32.0
135 66.0
577 97.0
846 48.0
27 92.0
145 14.0
763 52.0
581 79.0
954 30.0
647 39.0
866 29.0
175 56.0
463 10.0
467 44.0
892 77.0
506 61.0
145 12.0
496 29.0
123 85.0
267 31.0
190 38.0
582 73.0
710 76.0
584 19.0
862 6.0
84 14.0
932 20.0
968 72.0
433 82.0
583 99.0
473 59.0
109 47.0
559 86.0
674 33.0
135 48.0
925 48.0
945 30.0
365 63.0
300 64.0
584 42.0
339 73.0
942 1.0
56 50.0
33 75.0
89 48.0
768 14.0
236 58.0
177 35.0
585 4.0
264 13.0
60 95.0
191 42.0
296 21.0
929 49.0
216 68.0
182 51.0
497 50.0
383 24.0
382 87.0
887 98.0
316 9.0
978 43.0
586 27.0
894 62.0
543 23.0
887 27.0
65 70.0
915 26.0
587 97.0
977 87.0
864 18.0
917 4.0
561 51.0
290 73.0
571 11.0
969 13.0
371 75.0
657 75.0
120 85.0
588 31.0
569 85.0
959 4.0
43 39.0
660 72.0
877 55.0
302 87.0
160 51.0
917 4.0
690 87.0
589 36.0
780 70.0
746 21.0
51 11.0
480 48.0
643 23.0
812 25.0
349 27.0
467 64.0
10 88.0
478 51.0
590 66.0
216 2.0
412 34.0
370 83.0
93 14.0
220 87.0
753 47.0
5 27.0
591 55.0
19 56.0
640 66.0
50 61.0
20 63.0
748 41.0
505 95.0
975 37.0
393 7.0
892 22.0
453 65.0
242 27.0
592 34.0
677 4.0
198 56.0
188 73.0
902 35.0
394 72.0
991 9.0
309 13.0
524 62.0
425 15.0
121 71.0
133 19.0
593 33.0
771 100.0
815 41.0
1000 81.0
749 70.0
951 2.0
924 36.0
694 51.0
631 13.0
838 35.0
594 50.0
500 32.0
854 73.0
204 10.0
135 46.0
869 67.0
711 78.0
861 38.0
545 89.0
787 48.0
776 4.0
292 74.0
595 53.0
871 24.0
248 37.0
215 72.0
868 34.0
145 79.0
590 13.0
267 66.0
985 78.0
301 1.0
790 87.0
356 93.0
497 99.0
341 9.0
388 79.0
810 85.0
690 5.0
451 24.0
596 56.0
191 19.0
997 87.0
570 56.0
174 19.0
37 85.0
976 87.0
198 12.0
83 2.0
879 66.0
112 24.0
623 18.0
597 41.0
955 49.0
853 36.0
675 18.0
241 99.0
989 92.0
973 35.0
430 53.0
648 11.0
438 1.0
75 57.0
441 60.0
598 58.0
971 8.0
913 72.0
699 53.0
729 94.0
652 53.0
737 16.0
313 25.0
32 60.0
105 48.0
617 5.0
577 34.0
59 56.0
599 25.0
613 89.0
531 24.0
315 66.0
357 41.0
92 82.0
819 52.0
960 65.0
703 90.0
600 62.0
575 92.0
12 47.0
90 35.0
811 2.0
738 3.0
459 97.0
192 34.0
49 61.0
358 11.0
732 36.0
360 82.0
601 72.0
105 60.0
872 4.0
834 19.0
919 96.0
403 25.0
602 92.0
298 22.0
39 32.0
46 29.0
49 64.0
671 62.0
52 28.0
477 44.0
158 57.0
276 9.0
603 64.0
203 90.0
319 28.0
434 70.0
67 80.0
348 4.0
110 92.0
468 71.0
604 42.0
138 11.0
882 80.0
686 72.0
183 75.0
532 48.0
333 90.0
664 42.0
543 59.0
828 84.0
78 35.0
782 59.0
692 41.0
826 2.0
945 51.0
701 48.0
8 6.0
290 5.0
565 33.0
605 87.0
962 34.0
608 15.0
328 73.0
338 40.0
998 20.0
867 23.0
770 70.0
784 8.0
345 87.0
896 44.0
606 87.0
309 19.0
537 6.0
708 17.0
6 86.0
167 28.0
607 95.0
411 39.0
222 91.0
554 75.0
865 84.0
608 84.0
522 36.0
408 52.0
348 56.0
10 47.0
14 33.0
991 48.0
676 88.0
303 96.0
615 60.0
735 9.0
510 79.0
573 97.0
169 42.0
870 57.0
609 47.0
382 71.0
504 89.0
307 84.0
665 17.0
108 85.0
214 28.0
607 65.0
395 88.0
610 17.0
120 17.0
82 37.0
859 1.0
611 97.0
839 23.0
591 30.0
807 3.0
407 82.0
725 86.0
723 14.0
219 31.0
20 68.0
808 71.0
885 64.0
786 83.0
426 5.0
612 32.0
115 14.0
285 34.0
820 95.0
511 45.0
685 81.0
634 45.0
492 58.0
714 40.0
994 77.0
23 42.0
613 87.0
56 52.0
182 87.0
701 1.0
506 1.0
674 88.0
942 55.0
673 99.0
312 39.0
14 29.0
138 65.0
614 41.0
547 25.0
525 25.0
161 22.0
195 66.0
748 39.0
251 81.0
884 53.0
537 47.0
750 87.0
889 92.0
615 13.0
583 75.0
107 66.0
861 10.0
623 66.0
532 12.0
902 8.0
814 100.0
370 56.0
633 63.0
323 77.0
862 47.0
616 44.0
683 85.0
625 86.0
962 2.0
369 64.0
990 53.0
617 43.0
766 69.0
30 100.0
291 74.0
301 48.0
239 75.0
846 18.0
101 10.0
950 58.0
767 8.0
618 75.0
683 86.0
576 62.0
422 46.0
792 95.0
398 61.0
842 64.0
670 17.0
312 2.0
94 42.0
15 74.0
224 27.0
824 13.0
176 34.0
619 60.0
63 20.0
337 47.0
433 67.0
750 11.0
912 19.0
869 74.0
241 83.0
539 72.0
620 58.0
617 3.0
690 9.0
191 11.0
753 80.0
148 69.0
708 74.0
551 15.0
517 35.0
621 56.0
925 77.0
509 41.0
829 100.0
858 64.0
527 47.0
709 48.0
768 74.0
220 12.0
664 96.0
526 41.0
253 85.0
101 53.0
622 45.0
69 88.0
846 74.0
144 46.0
934 80.0
509 76.0
274 25.0
318 24.0
312 84.0
623 41.0
237 38.0
803 38.0
395 74.0
471 46.0
215 29.0
542 52.0
757 11.0
644 20.0
404 3.0
222 92.0
330 58.0
736 98.0
624 60.0
409 94.0
170 50.0
668 75.0
581 29.0
411 1.0
338 8.0
838 12.0
636 71.0
207 70.0
372 11.0
625 53.0
726 44.0
182 42.0
845 17.0
429 91.0
685 81.0
132 74.0
857 49.0
947 68.0
93 98.0
626 50.0
944 21.0
893 7.0
785 5.0
263 67.0
333 64.0
627 75.0
670 23.0
888 12.0
627 30.0
257 69.0
884 57.0
400 64.0
204 43.0
143 88.0
595 65.0
775 59.0
628 70.0
972 41.0
953 32.0
675 43.0
291 89.0
209 4.0
566 40.0
30 58.0
432 44.0
655 68.0
58 68.0
539 84.0
230 31.0
372 43.0
652 17.0
173 50.0
831 78.0
536 12.0
629 25.0
386 14.0
41 66.0
833 79.0
343 52.0
309 39.0
768 37.0
431 50.0
964 15.0
706 26.0
908 72.0
474 84.0
635 65.0
630 19.0
545 71.0
892 9.0
672 16.0
46 49.0
819 76.0
734 74.0
298 23.0
240 20.0
682 52.0
436 79.0
777 81.0
631 3.0
599 60.0
973 55.0
358 77.0
972 94.0
672 11.0
978 89.0
432 86.0
632 59.0
373 4.0
89 8.0
344 8.0
672 72.0
370 34.0
934 88.0
882 34.0
8 21.0
633 20.0
494 4.0
338 72.0
992 31.0
895 5.0
96 56.0
522 63.0
208 13.0
634 34.0
614 38.0
643 52.0
253 73.0
272 2.0
805 50.0
74 68.0
720 68.0
245 94.0
274 66.0
751 43.0
891 86.0
536 39.0
635 1.0
965 15.0
850 53.0
903 56.0
921 70.0
947 24.0
240 21.0
636 5.0
389 42.0
322 8.0
247 15.0
264 32.0
121 9.0
845 14.0
511 11.0
175 6.0
886 17.0
874 4.0
637 34.0
296 38.0
26 34.0
7 76.0
891 82.0
366 47.0
202 88.0
491 13.0
372 86.0
30 55.0
748 70.0
519 59.0
590 17.0
818 12.0
638 52.0
149 47.0
764 12.0
701 22.0
618 17.0
157 68.0
932 67.0
442 99.0
175 99.0
870 9.0
846 59.0
639 6.0
720 45.0
412 52.0
554 31.0
903 36.0
628 87.0
174 53.0
886 66.0
374 2.0
445 38.0
825 81.0
407 41.0
85 24.0
640 79.0
557 22.0
250 12.0
116 34.0
889 87.0
616 48.0
303 96.0
841 14.0
584 92.0
137 55.0
641 58.0
126 25.0
901 84.0
215 62.0
553 11.0
340 33.0
761 33.0
123 11.0
125 62.0
111 54.0
373 26.0
388 33.0
391 77.0
28 41.0
642 62.0
532 22.0
768 8.0
987 85.0
277 42.0
15 86.0
868 5.0
193 89.0
316 84.0
730 19.0
921 45.0
700 2.0
643 59.0
196 34.0
917 40.0
273 59.0
599 77.0
300 58.0
597 83.0
897 38.0
207 72.0
130 96.0
226 55.0
919 71.0
975 49.0
527 14.0
96 67.0
644 51.0
731 31.0
360 35.0
352 76.0
916 72.0
335 2.0
421 57.0
742 5.0
9 55.0
645 35.0
941 18.0
335 41.0
162 31.0
718 3.0
475 61.0
574 17.0
646 49.0
635 86.0
345 7.0
319 75.0
408 77.0
785 17.0
889 12.0
129 20.0
789 95.0
155 16.0
553 47.0
815 89.0
647 69.0
908 84.0
691 70.0
693 17.0
982 62.0
858 73.0
750 35.0
552 22.0
57 70.0
786 80.0
279 58.0
902 9.0
648 73.0
993 18.0
243 21.0
119 71.0
683 65.0
712 44.0
85 47.0
16 26.0
66 8.0
320 51.0
649 87.0
397 1.0
249 73.0
889 4.0
641 35.0
975 36.0
535 15.0
600 14.0
819 32.0
528 74.0
67 97.0
650 36.0
67 33.0
479 63.0
453 95.0
780 24.0
331 72.0
533 75.0
703 100.0
352 19.0
296 42.0
572 95.0
419 13.0
829 27.0
769 10.0
651 21.0
925 22.0
962 29.0
612 47.0
134 89.0
1 68.0
170 32.0
568 78.0
905 14.0
178 72.0
871 94.0
652 59.0
163 36.0
864 34.0
81 22.0
773 45.0
446 82.0
611 59.0
278 47.0
554 61.0
386 93.0
908 56.0
148 94.0
286 80.0
273 96.0
141 62.0
430 65.0
653 84.0
30 10.0
618 90.0
133 80.0
520 91.0
269 34.0
209 88.0
951 4.0
75 50.0
673 25.0
415 39.0
942 97.0
993 61.0
700 34.0
654 57.0
525 57.0
586 48.0
751 95.0
605 47.0
380 62.0
708 13.0
626 93.0
748 38.0
93 46.0
976 29.0
655 31.0
921 30.0
760 54.0
230 63.0
739 21.0
687 51.0
809 51.0
996 100.0
380 4.0
187 36.0
290 100.0
192 97.0
99 2.0
19 91.0
729 16.0
181 78.0
969 4.0
656 84.0
727 1.0
237 84.0
946 34.0
805 84.0
452 20.0
100 86.0
972 23.0
873 56.0
638 20.0
752 72.0
427 1.0
552 90.0
797 62.0
49 32.0
185 62.0
729 76.0
657 24.0
178 72.0
600 28.0
917 6.0
822 1.0
912 50.0
553 20.0
720 5.0
371 89.0
157 16.0
752 98.0
977 52.0
658 18.0
39 18.0
303 100.0
454 51.0
161 66.0
329 54.0
306 48.0
683 52.0
974 43.0
382 13.0
342 68.0
815 38.0
659 54.0
431 92.0
416 31.0
610 33.0
543 56.0
238 50.0
640 37.0
301 28.0
27 74.0
507 81.0
332 72.0
195 94.0
660 33.0
613 90.0
510 50.0
821 59.0
720 14.0
494 59.0
536 4.0
867 29.0
169 81.0
339 49.0
370 45.0
767 71.0
733 17.0
796 87.0
194 19.0
661 68.0
500 59.0
466 9.0
522 8.0
474 18.0
34 53.0
282 16.0
136 28.0
648 56.0
891 68.0
92 71.0
556 6.0
150 4.0
748 33.0
513 83.0
662 83.0
30 84.0
536 20.0
731 46.0
331 37.0
655 49.0
561 32.0
876 53.0
375 79.0
910 35.0
663 68.0
479 57.0
187 65.0
330 2.0
774 96.0
875 53.0
644 11.0
281 38.0
664 50.0
816 82.0
205 26.0
578 63.0
187 68.0
673 12.0
904 13.0
823 56.0
665 29.0
595 96.0
131 86.0
802 14.0
666 13.0
815 46.0
90 69.0
189 36.0
243 13.0
895 91.0
184 6.0
667 8.0
181 9.0
543 75.0
699 6.0
185 45.0
888 75.0
942 94.0
119 64.0
101 50.0
59 60.0
342 90.0
547 75.0
85 45.0
393 54.0
802 97.0
501 89.0
668 40.0
528 81.0
820 97.0
263 17.0
210 9.0
740 36.0
253 100.0
300 59.0
177 18.0
119 13.0
697 24.0
757 67.0
279 15.0
783 54.0
669 19.0
757 23.0
978 8.0
24 89.0
745 6.0
407 88.0
653 19.0
345 77.0
443 89.0
969 4.0
665 12.0
670 39.0
408 85.0
830 59.0
657 94.0
10 58.0
64 1.0
607 2.0
293 93.0
410 44.0
638 95.0
303 26.0
671 83.0
690 96.0
304 22.0
201 59.0
472 84.0
361 79.0
354 75.0
672 3.0
57 91.0
680 17.0
574 44.0
962 40.0
563 33.0
434 13.0
673 37.0
424 82.0
746 68.0
519 14.0
142 78.0
15 94.0
491 70.0
700 79.0
28 9.0
660 91.0
941 7.0
949 89.0
674 1.0
945 49.0
362 34.0
453 13.0
868 5.0
937 34.0
546 46.0
675 37.0
199 22.0
578 6.0
241 96.0
525 36.0
832 13.0
476 6.0
56 19.0
316 65.0
435 100.0
511 9.0
676 87.0
573 57.0
980 81.0
447 87.0
858 77.0
436 68.0
892 39.0
416 45.0
168 66.0
634 43.0
240 97.0
993 39.0
332 72.0
677 87.0
601 4.0
713 80.0
904 6.0
977 45.0
278 25.0
604 41.0
145 84.0
947 24.0
633 4.0
678 96.0
688 40.0
619 86.0
845 95.0
508 26.0
60 98.0
691 25.0
497 17.0
159 83.0
114 14.0
32 28.0
457 29.0
222 31.0
104 17.0
679 50.0
852 34.0
636 77.0
866 4.0
486 97.0
873 28.0
77 12.0
943 49.0
44 26.0
937 4.0
680 73.0
618 34.0
841 61.0
940 51.0
239 88.0
902 4.0
582 66.0
489 97.0
681 93.0
520 25.0
923 51.0
954 31.0
917 74.0
241 28.0
612 70.0
332 53.0
512 34.0
445 28.0
682 61.0
776 69.0
113 76.0
139 16.0
262 46.0
474 88.0
767 40.0
716 23.0
1 56.0
741 83.0
577 79.0
683 87.0
462 49.0
51 95.0
590 44.0
339 65.0
915 7.0
28 44.0
684 62.0
757 85.0
985 50.0
14 14.0
133 25.0
598 88.0
685 75.0
406 34.0
417 92.0
659 78.0
652 27.0
755 18.0
442 4.0
760 90.0
122 50.0
106 14.0
424 58.0
215 11.0
179 65.0
847 81.0
272 5.0
818 71.0
211 71.0
156 74.0
686 81.0
972 92.0
575 48.0
137 16.0
505 88.0
645 58.0
807 91.0
41 6.0
702 50.0
585 95.0
385 57.0
636 12.0
687 43.0
164 19.0
296 4.0
106 71.0
224 5.0
703 10.0
586 83.0
514 16.0
63 61.0
492 37.0
512 57.0
822 73.0
59 87.0
278 46.0
681 19.0
688 87.0
825 74.0
3 60.0
378 62.0
963 49.0
401 21.0
131 15.0
99 18.0
949 2.0
748 85.0
335 29.0
511 94.0
689 89.0
941 57.0
586 76.0
667 77.0
782 86.0
555 77.0
144 30.0
543 28.0
188 95.0
944 36.0
634 5.0
738 38.0
690 95.0
520 23.0
503 93.0
408 77.0
691 28.0
851 65.0
685 53.0
973 88.0
428 34.0
305 48.0
746 79.0
417 53.0
8 76.0
139 50.0
703 65.0
692 1.0
650 94.0
965 90.0
687 83.0
598 93.0
634 25.0
790 16.0
718 30.0
693 30.0
915 61.0
756 32.0
9 28.0
57 50.0
567 43.0
731 61.0
627 24.0
293 31.0
965 54.0
626 18.0
865 73.0
694 77.0
550 68.0
6 20.0
982 50.0
118 3.0
465 56.0
776 34.0
242 59.0
695 27.0
409 21.0
695 21.0
452 80.0
871 64.0
645 81.0
986 35.0
341 27.0
201 54.0
763 89.0
405 39.0
129 42.0
487 44.0
829 36.0
566 27.0
696 90.0
781 27.0
560 78.0
604 5.0
244 78.0
262 68.0
390 49.0
697 53.0
882 24.0
816 19.0
375 42.0
58 28.0
159 94.0
380 16.0
461 10.0
319 51.0
698 87.0
754 38.0
97 69.0
874 50.0
699 86.0
108 83.0
689 3.0
438 6.0
630 51.0
906 57.0
923 18.0
252 96.0
14 60.0
397 6.0
700 51.0
12 64.0
830 45.0
949 27.0
683 57.0
375 85.0
680 43.0
19 40.0
701 96.0
83 39.0
76 57.0
915 5.0
702 33.0
720 81.0
412 5.0
781 54.0
816 85.0
902 45.0
514 90.0
198 38.0
34 41.0
831 93.0
703 55.0
636 1.0
240 19.0
745 39.0
221 88.0
352 12.0
249 32.0
941 88.0
303 85.0
856 100000.0
766 17.0
1 28.0
522 16.0
314 29.0
704 66.0
120 61.0
136 35.0
241 8.0
857 49.0
430 19.0
313 58.0
355 97.0
571 52.0
186 55.0
288 30.0
705 92.0
953 24.0
959 90.0
591 96.0
780 54.0
909 93.0
970 66.0
290 1.0
308 98.0
176 51.0
695 69.0
111 55.0
184 34.0
623 99.0
706 92.0
76 100.0
752 86.0
797 36.0
447 53.0
226 68.0
80 8.0
707 8.0
608 13.0
191 71.0
441 79.0
777 56.0
823 93.0
352 77.0
724 88.0
488 32.0
386 77.0
146 72.0
86 76.0
61 93.0
708 51.0
781 86.0
749 98.0
243 31.0
394 48.0
720 30.0
411 74.0
751 63.0
519 47.0
734 14.0
632 47.0
709 32.0
601 13.0
650 58.0
429 26.0
565 26.0
948 93.0
233 32.0
697 18.0
741 5.0
985 8.0
687 24.0
315 82.0
24 82.0
951 17.0
373 38.0
207 10.0
710 85.0
798 9.0
512 76.0
967 98.0
522 23.0
18 28.0
680 21.0
838 72.0
711 86.0
269 69.0
245 89.0
956 7.0
585 50.0
712 77.0
589 91.0
17 84.0
704 8.0
685 61.0
196 22.0
580 9.0
53 84.0
890 44.0
713 30.0
446 70.0
246 16.0
990 75.0
157 87.0
772 38.0
750 46.0
601 67.0
277 76.0
26 95.0
592 6.0
808 20.0
918 35.0
714 18.0
356 6.0
188 46.0
394 27.0
877 26.0
861 65.0
381 47.0
219 63.0
572 43.0
715 50.0
106 41.0
161 95.0
823 9.0
775 96.0
684 15.0
985 91.0
401 78.0
286 100.0
693 74.0
716 40.0
518 7.0
463 71.0
497 92.0
703 66.0
683 100.0
456 61.0
891 13.0
550 64.0
66 47.0
717 29.0
868 7.0
430 89.0
952 22.0
546 34.0
661 69.0
64 44.0
193 37.0
822 63.0
718 5.0
571 10.0
72 59.0
498 37.0
755 88.0
719 83.0
306 34.0
932 85.0
440 66.0
713 69.0
220 25.0
79 96.0
961 76.0
720 28.0
582 11.0
304 56.0
887 52.0
594 5.0
833 30.0
293 3.0
880 98.0
385 62.0
105 24.0
367 74.0
679 10.0
994 13.0
877 100.0
247 27.0
416 81.0
721 23.0
322 6.0
356 11.0
84 6.0
307 92.0
6 39.0
622 8.0
323 12.0
604 6.0
352 26.0
542 98.0
722 81.0
952 65.0
43 62.0
174 73.0
38 51.0
327 63.0
18 90.0
108 50.0
498 85.0
57 22.0
380 34.0
723 8.0
418 91.0
925 59.0
14 49.0
145 40.0
547 64.0
5 55.0
843 81.0
363 54.0
292 73.0
55 79.0
415 21.0
228 86.0
732 41.0
724 18.0
408 41.0
114 66.0
365 39.0
450 52.0
254 74.0
461 33.0
603 59.0
698 78.0
914 78.0
725 42.0
420 6.0
748 29.0
245 65.0
34 87.0
565 92.0
601 93.0
558 15.0
480 3.0
726 23.0
122 63.0
382 70.0
836 98.0
850 64.0
89 19.0
877 16.0
350 93.0
658 49.0
773 49.0
556 73.0
727 58.0
328 74.0
375 55.0
255 53.0
625 28.0
757 7.0
744 88.0
876 85.0
415 48.0
357 97.0
442 23.0
33 85.0
785 6.0
868 21.0
285 61.0
814 55.0
371 94.0
728 75.0
706 21.0
579 12.0
582 45.0
326 55.0
68 41.0
88 33.0
208 31.0
246 13.0
905 18.0
200 21.0
729 21.0
127 8.0
928 23.0
441 68.0
757 85.0
310 5.0
208 50.0
545 29.0
170 65.0
868 55.0
43 5.0
730 99.0
551 96.0
345 77.0
927 17.0
451 47.0
2 94.0
312 92.0
967 18.0
795 38.0
186 60.0
945 9.0
349 69.0
731 22.0
690 89.0
896 67.0
559 97.0
836 32.0
634 76.0
282 56.0
870 100.0
41 100.0
563 27.0
829 63.0
714 77.0
732 7.0
825 55.0
604 100.0
520 21.0
550 47.0
197 21.0
275 7.0
348 25.0
920 35.0
227 37.0
147 6.0
597 64.0
65 47.0
946 29.0
260 95.0
733 4.0
746 74.0
647 97.0
780 78.0
968 55.0
768 34.0
878 31.0
202 85.0
540 92.0
931 96.0
724 24.0
675 51.0
730 66.0
318 55.0
734 58.0
703 100.0
544 39.0
231 88.0
380 10.0
359 14.0
135 49.0
475 69.0
735 6.0
239 88.0
887 81.0
48 29.0
508 89.0
128 43.0
245 46.0
507 36.0
415 63.0
133 32.0
420 90.0
736 57.0
483 15.0
866 31.0
932 24.0
322 70.0
869 73.0
992 57.0
248 35.0
737 100.0
705 95.0
404 28.0
122 54.0
218 45.0
713 94.0
789 73.0
768 77.0
714 60.0
975 60.0
174 92.0
223 9.0
13 53.0
812 68.0
738 29.0
663 33.0
714 35.0
553 95.0
493 31.0
597 86.0
520 9.0
921 67.0
739 54.0
418 67.0
387 95.0
198 9.0
742 73.0
991 7.0
940 15.0
572 85.0
185 44.0
740 20.0
123 26.0
114 90.0
971 64.0
604 23.0
570 78.0
133 81.0
844 43.0
667 99.0
760 58.0
252 52.0
741 28.0
465 58.0
95 40.0
366 26.0
608 45.0
623 34.0
616 18.0
744 10.0
767 84.0
915 46.0
456 19.0
524 56.0
856 58.0
688 50.0
824 23.0
742 9.0
119 98.0
319 31.0
429 91.0
428 33.0
467 33.0
754 45.0
70 89.0
761 13.0
61 63.0
743 26.0
520 19.0
89 98.0
33 1.0
372 15.0
927 5.0
116 28.0
518 79.0
219 49.0
839 50.0
852 18.0
121 60.0
241 14.0
304 40.0
811 1.0
744 76.0
135 67.0
572 74.0
27 6.0
542 59.0
610 47.0
469 87.0
745 12.0
233 63.0
866 14.0
958 68.0
170 19.0
902 56.0
647 61.0
120 38.0
527 10.0
724 48.0
694 95.0
143 21.0
570 24.0
746 2.0
893 61.0
569 48.0
740 8.0
506 33.0
117 82.0
171 91.0
307 15.0
303 42.0
158 59.0
105 11.0
966 97.0
7 46.0
111 7.0
89 15.0
605 90.0
31 25.0
747 55.0
450 1.0
669 24.0
167 72.0
222 86.0
661 32.0
721 32.0
505 83.0
813 38.0
931 22.0
50 48.0
299 33.0
173 10.0
870 87.0
834 48.0
678 63.0
805 20.0
748 25.0
394 92.0
708 14.0
417 49.0
789 67.0
618 11.0
787 14.0
749 56.0
836 27.0
300 20.0
7 34.0
240 60.0
701 27.0
560 22.0
608 66.0
445 36.0
670 78.0
940 90.0
742 51.0
53 15.0
262 79.0
355 28.0
750 34.0
566 62.0
870 31.0
658 75.0
443 95.0
242 84.0
465 9.0
412 62.0
132 60.0
307 9.0
751 6.0
934 99.0
884 99.0
491 15.0
740 54.0
775 10.0
801 3.0
409 82.0
792 27.0
446 8.0
993 71.0
752 92.0
672 14.0
417 46.0
881 19.0
500 46.0
126 63.0
196 82.0
813 29.0
969 90.0
753 49.0
967 11.0
79 9.0
542 87.0
251 63.0
491 62.0
813 27.0
47 4.0
583 1.0
142 69.0
267 89.0
530 69.0
754 76.0
881 68.0
824 83.0
483 96.0
327 83.0
369 63.0
274 86.0
162 87.0
875 92.0
755 16.0
204 94.0
141 62.0
863 79.0
642 90.0
498 55.0
172 96.0
461 86.0
553 96.0
756 64.0
838 89.0
999 18.0
449 17.0
864 89.0
44 100.0
332 24.0
967 45.0
83 10.0
744 95.0
261 17.0
233 89.0
757 45.0
110 59.0
102 47.0
678 44.0
941 30.0
223 28.0
229 68.0
758 7.0
388 73.0
393 67.0
572 40.0
173 12.0
834 25.0
957 51.0
726 80.0
908 46.0
632 24.0
759 45.0
855 72.0
515 62.0
648 38.0
348 70.0
429 93.0
863 63.0
94 42.0
778 6.0
120 50.0
622 83.0
517 30.0
90 21.0
474 51.0
742 8.0
760 90.0
878 99.0
944 83.0
644 43.0
207 58.0
413 13.0
372 76.0
951 76.0
429 98.0
769 62.0
383 17.0
514 95.0
395 13.0
761 32.0
509 11.0
141 2.0
894 31.0
119 59.0
848 80.0
494 73.0
67 94.0
628 60.0
311 59.0
251 53.0
762 48.0
741 77.0
634 27.0
59 44.0
726 59.0
715 32.0
253 58.0
488 85.0
638 31.0
548 94.0
763 36.0
413 20.0
562 60.0
338 80.0
94 92.0
988 95.0
43 76.0
255 64.0
884 68.0
764 67.0
380 78.0
141 42.0
133 13.0
737 17.0
70 93.0
595 13.0
843 81.0
118 73.0
558 78.0
53 36.0
147 7.0
236 37.0
217 95.0
179 88.0
765 53.0
782 14.0
785 69.0
483 65.0
730 47.0
517 26.0
724 20.0
419 96.0
734 76.0
619 7.0
640 83.0
766 24.0
580 6.0
500 97.0
235 50.0
211 15.0
152 58.0
923 2.0
762 40.0
147 38.0
931 33.0
874 38.0
726 40.0
767 63.0
191 94.0
691 11.0
462 85.0
192 43.0
618 25.0
390 80.0
671 60.0
101 53.0
768 71.0
603 37.0
645 88.0
83 24.0
815 99.0
769 77.0
646 7.0
692 48.0
425 97.0
658 11.0
80 57.0
739 57.0
159 71.0
121 57.0
442 30.0
119 80.0
706 7.0
770 42.0
386 15.0
737 49.0
745 69.0
744 32.0
360 17.0
16 39.0
920 36.0
773 1.0
771 86.0
4 86.0
143 59.0
534 18.0
985 60.0
200 58.0
426 35.0
330 87.0
224 72.0
705 99.0
179 40.0
772 76.0
57 1.0
983 66.0
546 62.0
442 28.0
848 80.0
249 46.0
458 83.0
812 99.0
617 59.0
773 58.0
733 29.0
198 19.0
132 98.0
555 20.0
476 71.0
259 69.0
886 79.0
270 38.0
410 61.0
705 53.0
774 1.0
595 74.0
813 87.0
868 79.0
381 59.0
826 11.0
447 11.0
849 41.0
526 84.0
216 29.0
566 77.0
750 35.0
913 28.0
775 98.0
127 64.0
529 52.0
968 47.0
675 85.0
7 81.0
776 18.0
161 88.0
290 9.0
316 55.0
81 11.0
651 73.0
306 75.0
617 33.0
827 48.0
736 82.0
147 91.0
660 49.0
587 2.0
777 44.0
322 31.0
471 70.0
812 76.0
143 70.0
48 17.0
291 39.0
769 53.0
269 2.0
282 49.0
82 80.0
426 69.0
633 83.0
778 4.0
298 54.0
986 91.0
110 39.0
909 82.0
619 20.0
467 37.0
492 1.0
875 29.0
667 4.0
63 47.0
717 62.0
779 38.0
831 53.0
690 18.0
610 67.0
294 13.0
169 34.0
824 66.0
644 75.0
867 61.0
491 41.0
364 13.0
780 91.0
507 43.0
961 100.0
305 44.0
168 87.0
395 72.0
536 71.0
196 85.0
180 43.0
424 30.0
916 41.0
191 38.0
781 66.0
270 16.0
638 26.0
853 36.0
944 48.0
595 61.0
241 76.0
85 72.0
354 24.0
721 91.0
306 90.0
782 24.0
165 70.0
551 21.0
502 36.0
787 49.0
419 23.0
687 17.0
385 5.0
928 53.0
853 71.0
894 93.0
592 38.0
783 89.0
625 87.0
171 78.0
525 51.0
305 78.0
746 9.0
642 75.0
585 35.0
36 82.0
205 55.0
784 69.0
840 42.0
16 50.0
766 40.0
74 38.0
505 55.0
645 42.0
958 20.0
785 56.0
209 100.0
370 97.0
126 22.0
661 51.0
458 77.0
287 77.0
423 85.0
786 14.0
687 21.0
370 56.0
385 69.0
73 92.0
730 32.0
393 88.0
262 13.0
787 29.0
375 15.0
548 42.0
870 42.0
307 76.0
924 75.0
406 2.0
639 73.0
145 91.0
845 43.0
788 34.0
941 15.0
549 67.0
299 88.0
454 98.0
1 25.0
148 20.0
842 52.0
986 59.0
789 98.0
218 23.0
776 61.0
974 11.0
677 53.0
229 40.0
730 40.0
795 6.0
436 60.0
141 82.0
239 23.0
266 4.0
336 97.0
517 13.0
957 72.0
542 39.0
790 9.0
249 88.0
247 56.0
744 71.0
64 20.0
33 100.0
306 2.0
334 18.0
84 89.0
627 54.0
468 85.0
433 98.0
493 4.0
578 75.0
791 76.0
689 89.0
306 17.0
163 82.0
585 61.0
133 5.0
48 53.0
49 40.0
110 43.0
236 55.0
7 42.0
953 53.0
193 15.0
108 23.0
649 87.0
792 56.0
426 74.0
505 78.0
20 28.0
194 58.0
200 54.0
289 63.0
900 52.0
240 86.0
793 18.0
267 92.0
314 11.0
737 35.0
596 18.0
892 20.0
21 53.0
162 62.0
877 90.0
613 7.0
630 87.0
463 22.0
794 27.0
233 94.0
706 96.0
609 53.0
550 10.0
529 92.0
735 25.0
325 7.0
382 78.0
198 71.0
780 29.0
895 35.0
514 16.0
383 5.0
795 70.0
390 52.0
489 21.0
320 43.0
362 82.0
850 39.0
796 88.0
135 28.0
610 4.0
958 15.0
253 82.0
310 77.0
300 89.0
812 5.0
109 99.0
402 19.0
233 53.0
187 58.0
158 91.0
838 4.0
572 78.0
980 47.0
112 63.0
117 72.0
797 71.0
482 77.0
105 97.0
732 10.0
58 42.0
624 73.0
474 51.0
445 4.0
275 64.0
395 75.0
381 82.0
230 68.0
306 57.0
480 36.0
129 31.0
435 1.0
798 36.0
572 5.0
782 17.0
799 29.0
624 65.0
476 36.0
602 73.0
767 10.0
571 74.0
240 60.0
980 27.0
770 80.0
656 79.0
799 73.0
974 15.0
41 84.0
937 70.0
123 63.0
372 17.0
868 15.0
192 37.0
92 86.0
802 59.0
961 27.0
800 65.0
943 76.0
123 56.0
339 46.0
722 4.0
518 48.0
971 25.0
858 79.0
546 96.0
929 21.0
681 73.0
361 38.0
801 72.0
669 33.0
331 84.0
992 90.0
557 22.0
944 15.0
464 82.0
902 70.0
922 40.0
591 74.0
952 45.0
750 43.0
89 93.0
26 95.0
850 91.0
767 94.0
179 72.0
802 42.0
119 40.0
479 40.0
815 21.0
555 6.0
803 37.0
249 52.0
647 67.0
432 70.0
948 74.0
801 71.0
224 64.0
861 25.0
895 79.0
913 72.0
65 23.0
435 100.0
804 25.0
800 36.0
210 2.0
962 36.0
509 38.0
20 99.0
354 16.0
388 2.0
127 74.0
805 1.0
692 63.0
653 4.0
24 82.0
991 81.0
124 31.0
212 69.0
253 76.0
727 64.0
609 41.0
575 67.0
501 11.0
806 65.0
698 54.0
106 84.0
914 48.0
810 18.0
659 12.0
22 6.0
406 29.0
175 63.0
818 36.0
940 29.0
807 47.0
31 94.0
918 55.0
563 53.0
79 19.0
763 75.0
238 39.0
307 48.0
374 42.0
357 60.0
154 81.0
813 85.0
329 1.0
808 21.0
567 68.0
326 79.0
309 32.0
628 16.0
648 43.0
76 5.0
443 89.0
633 23.0
400 75.0
519 48.0
143 57.0
637 75.0
809 36.0
681 88.0
115 50.0
523 64.0
224 17.0
800 69.0
245 75.0
454 77.0
140 78.0
789 58.0
749 8.0
88 39.0
480 91.0
877 73.0
15 96.0
888 35.0
810 92.0
980 80.0
19 77.0
469 66.0
467 44.0
745 28.0
370 66.0
864 83.0
182 34.0
443 27.0
267 45.0
376 20.0
145 18.0
907 78.0
208 42.0
634 82.0
186 17.0
811 32.0
12 34.0
134 70.0
608 33.0
669 85.0
126 54.0
819 69.0
722 51.0
332 100.0
559 33.0
812 15.0
620 12.0
364 99.0
117 8.0
863 77.0
629 16.0
580 44.0
813 13.0
270 46.0
712 26.0
225 93.0
815 14.0
690 97.0
618 41.0
346 69.0
384 37.0
562 70.0
814 22.0
983 89.0
977 72.0
199 83.0
808 91.0
647 17.0
366 24.0
728 5.0
34 49.0
268 10.0
815 34.0
697 1.0
875 46.0
101 7.0
52 51.0
928 18.0
978 72.0
621 26.0
816 96.0
492 25.0
693 99.0
918 71.0
387 16.0
644 10.0
321 34.0
369 89.0
804 2.0
998 65.0
763 77.0
276 75.0
602 45.0
483 24.0
253 41.0
817 91.0
292 14.0
559 92.0
403 88.0
785 31.0
598 39.0
108 12.0
820 29.0
790 13.0
818 73.0
34 32.0
545 78.0
72 46.0
313 20.0
786 84.0
819 20.0
364 64.0
265 1.0
800 74.0
95 23.0
634 52.0
346 25.0
417 57.0
368 91.0
370 81.0
820 33.0
543 70.0
618 82.0
698 57.0
124 63.0
41 14.0
559 71.0
235 63.0
274 28.0
592 81.0
752 14.0
425 5.0
419 26.0
821 1.0
893 19.0
143 65.0
58 4.0
568 66.0
526 79.0
496 10.0
936 85.0
603 27.0
263 40.0
128 61.0
670 7.0
822 36.0
880 92.0
871 24.0
97 84.0
788 9.0
615 73.0
115 41.0
487 25.0
183 26.0
302 35.0
611 4.0
318 74.0
826 65.0
233 45.0
823 86.0
222 71.0
378 87.0
276 49.0
215 27.0
942 13.0
261 41.0
687 98.0
479 19.0
258 94.0
74 99.0
230 17.0
395 68.0
874 99.0
739 43.0
824 21.0
806 71.0
399 90.0
75 69.0
763 95.0
362 64.0
359 92.0
356 77.0
774 75.0
142 100.0
6 2.0
801 80.0
274 99.0
825 95.0
600 50.0
765 13.0
514 22.0
414 75.0
5 2.0
176 80.0
199 73.0
605 66.0
826 23.0
219 29.0
984 39.0
842 36.0
804 35.0
476 70.0
656 42.0
868 20.0
8 5.0
615 77.0
453 42.0
268 3.0
827 92.0
392 72.0
479 56.0
524 99.0
577 62.0
166 36.0
294 65.0
514 35.0
225 94.0
483 79.0
128 24.0
327 60.0
377 72.0
943 87.0
828 50.0
194 24.0
451 81.0
125 87.0
992 29.0
499 80.0
266 59.0
829 74.0
284 67.0
133 16.0
595 78.0
118 20.0
782 17.0
708 71.0
102 75.0
858 16.0
799 28.0
429 50.0
781 51.0
566 97.0
940 68.0
760 57.0
425 100.0
830 78.0
812 70.0
962 5.0
311 49.0
728 16.0
540 10.0
1000 90.0
742 50.0
17 94.0
907 2.0
826 78.0
831 30.0
737 74.0
286 25.0
760 61.0
426 57.0
412 49.0
861 68.0
184 75.0
15 37.0
959 76.0
949 38.0
199 72.0
698 69.0
756 2.0
832 19.0
724 55.0
435 82.0
800 98.0
659 61.0
835 9.0
935 3.0
617 34.0
833 75.0
783 25.0
374 58.0
996 86.0
27 19.0
589 50.0
375 62.0
900 55.0
966 71.0
714 23.0
83 63.0
80 77.0
834 11.0
492 89.0
314 44.0
784 60.0
15 93.0
463 93.0
208 17.0
358 65.0
257 44.0
835 24.0
856 67.0
772 35.0
234 10.0
711 5.0
868 30.0
851 20.0
547 96.0
836 66.0
591 88.0
329 95.0
337 40.0
102 26.0
306 20.0
917 46.0
872 57.0
837 61.0
790 1.0
982 17.0
65 38.0
405 54.0
318 27.0
5 65.0
565 23.0
838 70.0
813 17.0
130 83.0
788 43.0
319 54.0
71 52.0
107 99.0
114 26.0
895 3.0
96 68.0
560 44.0
290 11.0
380 9.0
839 48.0
776 6.0
933 54.0
225 51.0
558 83.0
545 75.0
582 30.0
316 78.0
17 32.0
684 95.0
380 100.0
676 76.0
290 27.0
248 33.0
286 37.0
840 54.0
630 39.0
619 39.0
693 96.0
214 10.0
898 73.0
291 37.0
537 73.0
915 87.0
641 96.0
325 27.0
112 72.0
785 71.0
337 24.0
841 83.0
194 7.0
280 45.0
724 77.0
682 66.0
391 9.0
149 26.0
725 88.0
787 33.0
295 92.0
545 38.0
904 44.0
428 69.0
590 2.0
842 2.0
290 4.0
84 61.0
946 17.0
596 61.0
78 12.0
397 91.0
59 42.0
136 98.0
43 75.0
770 21.0
121 61.0
551 39.0
131 57.0
577 26.0
843 83.0
353 33.0
315 26.0
657 3.0
357 75.0
395 69.0
424 10.0
282 54.0
804 50.0
860 2.0
775 3.0
603 50.0
974 32.0
545 48.0
28 33.0
844 74.0
958 51.0
253 86.0
125 86.0
96 21.0
714 51.0
31 48.0
177 100.0
701 56.0
628 65.0
859 48.0
845 58.0
644 77.0
984 47.0
408 14.0
738 22.0
505 33.0
766 12.0
914 73.0
427 77.0
256 21.0
983 30.0
439 37.0
846 7.0
485 39.0
755 12.0
257 39.0
340 7.0
262 42.0
265 82.0
276 61.0
814 30.0
568 9.0
218 91.0
847 59.0
214 17.0
183 22.0
461 94.0
696 11.0
216 25.0
105 33.0
399 66.0
515 91.0
254 90.0
799 85.0
767 51.0
848 45.0
755 85.0
731 32.0
692 41.0
865 55.0
821 35.0
340 25.0
728 41.0
673 2.0
479 1.0
805 6.0
939 22.0
439 98.0
335 35.0
250 38.0
849 3.0
399 62.0
699 68.0
724 59.0
528 41.0
394 42.0
947 3.0
816 37.0
688 29.0
850 27.0
809 41.0
425 53.0
707 94.0
562 30.0
620 35.0
5 81.0
100 3.0
861 93.0
851 95.0
224 43.0
303 77.0
87 61.0
200 71.0
259 78.0
754 81.0
64 10.0
920 54.0
911 4.0
84 76.0
520 36.0
4 23.0
379 74.0
711 14.0
217 37.0
254 86.0
270 3.0
852 10.0
762 4.0
611 9.0
470 30.0
395 16.0
103 43.0
702 50.0
234 62.0
196 47.0
489 36.0
410 46.0
399 87.0
232 23.0
875 35.0
653 100.0
853 79.0
612 31.0
383 94.0
112 7.0
843 76.0
854 3.0
414 78.0
543 73.0
95 64.0
415 98.0
16 26.0
69 88.0
412 89.0
717 31.0
873 94.0
57 76.0
855 100.0
771 35.0
514 6.0
870 9.0
123 53.0
745 55.0
823 51.0
916 49.0
856 47.0
135 28.0
656 94.0
293 49.0
573 96.0
498 83.0
736 26.0
653 11.0
165 78.0
857 43.0
73 54.0
951 83.0
413 41.0
568 80.0
423 100000.0
654 52.0
858 14.0
680 51.0
63 33.0
979 69.0
654 97.0
103 5.0
777 38.0
906 59.0
160 100000.0
278 39.0
859 38.0
798 35.0
955 62.0
438 92.0
881 34.0
424 82.0
540 97.0
199 94.0
801 12.0
81 19.0
978 90.0
216 33.0
934 25.0
860 26.0
847 45.0
541 87.0
768 34.0
341 72.0
248 64.0
740 81.0
922 81.0
377 60.0
330 73.0
838 38.0
967 71.0
861 98.0
371 10.0
176 2.0
858 94.0
143 59.0
201 65.0
897 4.0
561 88.0
743 56.0
367 30.0
118 92.0
346 33.0
994 57.0
862 30.0
407 97.0
477 23.0
77 80.0
542 66.0
307 56.0
271 64.0
459 34.0
81 60.0
954 45.0
293 47.0
751 78.0
35 100.0
11 97.0
976 100.0
360 17.0
766 22.0
863 71.0
300 24.0
966 7.0
692 89.0
185 35.0
560 55.0
74 61.0
979 85.0
61 78.0
103 30.0
420 77.0
425 34.0
54 29.0
771 98.0
864 48.0
790 66.0
893 28.0
297 94.0
825 16.0
13 42.0
391 75.0
591 47.0
434 77.0
648 78.0
865 80.0
59 88.0
737 27.0
447 49.0
281 82.0
357 55.0
969 14.0
316 85.0
153 97.0
772 70.0
693 37.0
564 36.0
958 10.0
866 12.0
95 59.0
424 79.0
28 21.0
573 11.0
418 48.0
56 82.0
877 78.0
408 83.0
949 62.0
867 75.0
990 88.0
381 79.0
314 44.0
57 7.0
753 43.0
60 77.0
501 30.0
742 85.0
765 79.0
142 71.0
868 52.0
588 52.0
798 77.0
783 48.0
752 52.0
605 30.0
348 5.0
925 38.0
611 54.0
682 58.0
497 77.0
331 53.0
421 55.0
679 18.0
905 48.0
529 96.0
869 51.0
26 93.0
636 76.0
27 73.0
733 28.0
166 55.0
712 10.0
424 61.0
870 97.0
891 16.0
819 5.0
862 80.0
786 58.0
520 86.0
645 34.0
147 72.0
671 1.0
163 94.0
62 26.0
871 94.0
168 26.0
329 83.0
892 69.0
123 43.0
600 81.0
922 88.0
732 76.0
99 40.0
184 55.0
614 8.0
872 26.0
908 47.0
110 76.0
124 52.0
199 80.0
260 50.0
429 43.0
208 99.0
873 53.0
762 44.0
81 73.0
718 14.0
534 52.0
842 70.0
801 61.0
952 21.0
558 69.0
874 1.0
464 61.0
909 45.0
173 61.0
759 44.0
358 48.0
867 50.0
204 23.0
220 5.0
667 52.0
975 90.0
709 31.0
833 67.0
127 13.0
728 4.0
407 15.0
981 91.0
209 40.0
875 94.0
999 99.0
364 64.0
637 80.0
587 98.0
363 62.0
458 1.0
705 28.0
504 87.0
931 24.0
876 72.0
623 3.0
884 69.0
350 9.0
299 73.0
507 65.0
707 72.0
877 42.0
639 59.0
743 90.0
726 64.0
129 65.0
64 41.0
437 57.0
725 32.0
878 46.0
458 93.0
286 87.0
508 62.0
131 33.0
917 28.0
380 24.0
689 72.0
473 69.0
523 83.0
711 86.0
879 51.0
666 37.0
210 80.0
658 11.0
761 1.0
681 3.0
88 65.0
85 69.0
294 78.0
226 90.0
19 20.0
553 30.0
880 71.0
758 90.0
771 91.0
831 66.0
868 13.0
185 45.0
716 33.0
881 57.0
270 64.0
218 55.0
631 51.0
713 88.0
472 63.0
272 27.0
193 71.0
62 53.0
400 41.0
302 6.0
882 23.0
408 7.0
618 36.0
715 19.0
254 83.0
751 28.0
302 27.0
71 68.0
23 38.0
250 72.0
13 68.0
280 55.0
8 23.0
208 48.0
883 52.0
676 71.0
35 70.0
121 53.0
262 29.0
458 11.0
542 72.0
800 77.0
510 28.0
461 61.0
464 4.0
543 7.0
48 23.0
677 34.0
884 67.0
565 60.0
288 88.0
299 1.0
719 20.0
998 67.0
775 13.0
717 93.0
498 7.0
903 80.0
885 7.0
714 88.0
272 5.0
103 68.0
666 6.0
131 50.0
819 67.0
451 47.0
894 10.0
930 75.0
591 19.0
21 25.0
842 84.0
544 75.0
203 47.0
893 63.0
886 87.0
186 17.0
425 52.0
759 59.0
285 68.0
147 94.0
388 41.0
874 59.0
547 5.0
887 62.0
467 40.0
620 87.0
158 67.0
774 53.0
230 62.0
131 50.0
366 21.0
196 30.0
653 57.0
906 71.0
807 12.0
104 52.0
183 82.0
352 53.0
607 14.0
888 17.0
173 67.0
324 48.0
15 89.0
532 91.0
91 43.0
187 52.0
551 57.0
889 21.0
949 29.0
261 34.0
103 68.0
390 73.0
886 49.0
17 23.0
946 28.0
601 47.0
675 84.0
316 95.0
890 38.0
536 90.0
793 83.0
254 22.0
137 40.0
362 91.0
353 49.0
906 25.0
141 23.0
107 37.0
63 27.0
938 34.0
891 8.0
258 42.0
927 9.0
799 32.0
312 38.0
567 83.0
774 51.0
475 66.0
304 99.0
485 78.0
892 45.0
882 5.0
227 94.0
117 41.0
478 46.0
787 58.0
102 60.0
532 34.0
329 16.0
793 43.0
359 64.0
893 57.0
852 75.0
91 77.0
107 95.0
500 52.0
960 23.0
192 39.0
472 55.0
428 16.0
894 51.0
714 85.0
399 80.0
194 75.0
215 2.0
932 4.0
777 23.0
873 70.0
752 29.0
647 25.0
895 45.0
113 22.0
807 33.0
286 27.0
486 83.0
524 93.0
960 50.0
150 55.0
814 58.0
896 86.0
16 21.0
884 90.0
205 14.0
684 44.0
132 61.0
124 26.0
447 51.0
612 18.0
502 74.0
507 13.0
349 92.0
262 9.0
897 25.0
394 68.0
922 35.0
833 99.0
224 70.0
790 80.0
709 42.0
898 8.0
661 41.0
501 46.0
494 67.0
129 24.0
918 94.0
402 82.0
927 81.0
885 63.0
117 66.0
45 24.0
588 73.0
290 40.0
899 61.0
930 41.0
832 39.0
766 49.0
425 16.0
230 78.0
977 28.0
869 96.0
900 6.0
119 12.0
53 85.0
351 65.0
358 10.0
374 49.0
446 24.0
296 45.0
901 5.0
626 30.0
670 10.0
213 9.0
352 21.0
943 24.0
241 52.0
446 31.0
11 17.0
340 78.0
284 44.0
200 70.0
564 13.0
439 72.0
330 85.0
642 2.0
902 23.0
732 35.0
770 34.0
604 75.0
613 63.0
348 42.0
507 34.0
581 27.0
195 95.0
903 85.0
843 82.0
601 1.0
593 86.0
906 91.0
641 40.0
982 82.0
637 10.0
904 13.0
618 97.0
112 17.0
800 30.0
724 36.0
986 42.0
734 27.0
905 55.0
905 66.0
89 63.0
792 66.0
694 59.0
481 46.0
934 68.0
562 72.0
474 87.0
597 17.0
627 62.0
118 97.0
537 4.0
200 76.0
906 21.0
369 4.0
655 96.0
902 22.0
473 60.0
966 70.0
5 41.0
987 23.0
210 95.0
512 79.0
590 56.0
733 97.0
838 26.0
907 48.0
689 89.0
895 74.0
465 82.0
956 62.0
987 29.0
371 66.0
855 5.0
942 41.0
757 20.0
681 85.0
678 28.0
908 70.0
486 34.0
395 70.0
425 38.0
380 98.0
182 79.0
156 57.0
569 99.0
944 41.0
761 44.0
909 3.0
381 8.0
270 24.0
835 63.0
156 19.0
299 67.0
420 71.0
729 56.0
825 76.0
761 66.0
910 12.0
552 93.0
546 74.0
872 59.0
399 83.0
677 93.0
71 29.0
607 2.0
832 25.0
688 23.0
680 5.0
474 13.0
76 6.0
263 17.0
223 25.0
905 49.0
911 60.0
268 1.0
706 91.0
636 62.0
606 30.0
75 23.0
146 77.0
52 68.0
411 4.0
269 24.0
815 50.0
370 11.0
184 29.0
846 25.0
367 44.0
912 85.0
601 48.0
444 99.0
607 5.0
383 86.0
761 68.0
473 89.0
6 85.0
561 84.0
347 81.0
296 4.0
848 73.0
770 78.0
454 18.0
913 53.0
225 70.0
403 81.0
415 78.0
684 57.0
596 34.0
202 23.0
872 14.0
566 67.0
726 57.0
125 43.0
247 5.0
380 83.0
914 4.0
262 2.0
285 4.0
530 49.0
148 70.0
529 80.0
702 100.0
915 79.0
888 56.0
881 13.0
874 97.0
434 48.0
9 18.0
819 29.0
588 69.0
272 15.0
939 90.0
444 76.0
43 52.0
584 41.0
943 21.0
886 44.0
916 47.0
215 14.0
226 89.0
80 61.0
567 31.0
186 18.0
372 94.0
517 34.0
804 12.0
790 24.0
574 52.0
694 89.0
304 56.0
125 52.0
320 35.0
534 34.0
15 94.0
917 71.0
627 97.0
540 73.0
504 68.0
439 37.0
196 8.0
852 9.0
262 77.0
701 85.0
967 45.0
918 8.0
242 36.0
203 57.0
671 14.0
28 40.0
62 13.0
284 38.0
217 82.0
714 35.0
574 43.0
998 60.0
122 18.0
224 41.0
50 26.0
782 51.0
919 21.0
139 14.0
939 86.0
567 25.0
3 91.0
764 71.0
762 8.0
273 2.0
824 99.0
524 95.0
920 14.0
822 18.0
694 42.0
728 100.0
446 5.0
317 39.0
414 30.0
329 20.0
490 53.0
410 96.0
89 50.0
109 60.0
921 5.0
270 63.0
108 8.0
655 9.0
265 41.0
740 68.0
927 63.0
531 72.0
240 52.0
360 49.0
752 54.0
123 9.0
274 46.0
297 85.0
465 1.0
142 53.0
922 39.0
663 31.0
655 85.0
859 32.0
503 59.0
247 84.0
533 51.0
234 55.0
876 74.0
56 59.0
179 94.0
577 49.0
819 38.0
923 53.0
468 58.0
812 39.0
352 47.0
143 47.0
732 44.0
924 60.0
165 96.0
814 88.0
903 4.0
719 27.0
5 78.0
408 24.0
67 80.0
941 81.0
839 53.0
60 22.0
458 22.0
925 80.0
952 65.0
297 17.0
596 47.0
834 17.0
926 94.0
729 98.0
469 96.0
603 85.0
635 19.0
229 39.0
962 80.0
670 25.0
870 31.0
519 44.0
886 19.0
873 46.0
779 24.0
927 65.0
552 7.0
607 73.0
405 71.0
176 80.0
415 92.0
248 15.0
45 25.0
367 97.0
928 66.0
316 15.0
527 30.0
929 85.0
692 88.0
318 30.0
474 56.0
805 44.0
929 93.0
114 94.0
884 24.0
340 53.0
824 31.0
746 45.0
670 65.0
415 79.0
46 6.0
930 52.0
923 73.0
384 71.0
328 22.0
623 27.0
307 3.0
715 38.0
833 87.0
548 57.0
291 31.0
121 74.0
760 36.0
113 12.0
931 51.0
56 67.0
430 46.0
42 13.0
270 90.0
747 13.0
500 68.0
939 40.0
295 83.0
615 63.0
944 62.0
788 53.0
932 15.0
227 42.0
22 95.0
467 17.0
117 40.0
595 92.0
573 34.0
294 22.0
774 73.0
672 68.0
933 52.0
555 88.0
99 60.0
660 75.0
30 56.0
723 57.0
733 84.0
617 6.0
920 8.0
21 97.0
104 11.0
934 89.0
695 80.0
868 20.0
160 5.0
366 45.0
571 92.0
915 9.0
692 31.0
994 91.0
645 100.0
329 82.0
581 37.0
935 13.0
588 64.0
424 50.0
198 39.0
205 11.0
602 70.0
183 91.0
402 20.0
848 92.0
631 59.0
704 6.0
872 20.0
716 80.0
372 66.0
876 35.0
566 1.0
936 62.0
611 1.0
759 34.0
937 95.0
336 34.0
792 20.0
23 100.0
594 9.0
592 39.0
106 77.0
669 2.0
939 21.0
740 64.0
604 95.0
869 59.0
108 99.0
576 18.0
425 99.0
938 3.0
858 61.0
708 91.0
551 13.0
662 16.0
187 88.0
377 8.0
388 78.0
508 72.0
569 66.0
101 61.0
944 99.0
939 39.0
506 69.0
526 65.0
762 76.0
18 46.0
303 50.0
104 78.0
595 77.0
38 73.0
597 44.0
113 76.0
917 77.0
420 67.0
87 1.0
433 89.0
534 99.0
505 94.0
940 70.0
571 59.0
235 22.0
424 7.0
584 98.0
345 24.0
941 83.0
623 79.0
689 59.0
251 40.0
850 39.0
308 25.0
942 86.0
495 5.0
326 70.0
69 25.0
471 63.0
857 91.0
872 88.0
197 81.0
768 47.0
869 99.0
943 85.0
72 18.0
340 21.0
659 60.0
897 70.0
851 79.0
514 29.0
788 69.0
707 82.0
838 16.0
301 62.0
728 42.0
482 65.0
944 85.0
258 14.0
45 52.0
466 52.0
895 80.0
643 10.0
523 92.0
955 74.0
287 90.0
179 60.0
945 66.0
396 8.0
425 51.0
118 31.0
562 59.0
328 74.0
602 36.0
946 61.0
870 94.0
61 26.0
112 24.0
457 71.0
994 72.0
200 6.0
696 79.0
578 4.0
947 15.0
513 31.0
265 91.0
594 78.0
171 36.0
617 12.0
338 39.0
200 59.0
596 70.0
269 42.0
350 49.0
948 23.0
567 4.0
41 86.0
820 10.0
333 88.0
214 11.0
862 46.0
728 73.0
524 85.0
100 17.0
371 50.0
609 90.0
606 60.0
949 6.0
738 81.0
777 81.0
309 51.0
875 77.0
499 91.0
86 79.0
512 48.0
240 27.0
10 82.0
490 1.0
828 82.0
757 32.0
552 78.0
919 10.0
126 1.0
950 78.0
393 41.0
953 1.0
586 93.0
144 80.0
886 51.0
761 11.0
198 75.0
951 53.0
377 17.0
790 61.0
217 20.0
335 62.0
364 26.0
17 58.0
952 76.0
254 43.0
940 100.0
791 4.0
638 1.0
635 99.0
751 99.0
632 3.0
376 66.0
809 26.0
85 41.0
933 52.0
58 9.0
953 16.0
705 89.0
671 19.0
886 95.0
843 88.0
614 28.0
776 43.0
643 44.0
177 15.0
373 77.0
788 86.0
738 1.0
954 50.0
283 95.0
348 16.0
855 70.0
437 22.0
364 18.0
135 56.0
362 61.0
323 77.0
815 5.0
897 98.0
955 41.0
455 46.0
876 77.0
808 27.0
657 88.0
819 51.0
702 100.0
606 48.0
956 74.0
349 21.0
741 86.0
683 66.0
999 64.0
178 35.0
871 45.0
604 27.0
611 29.0
668 67.0
957 19.0
344 11.0
751 40.0
479 92.0
478 72.0
183 49.0
202 39.0
193 89.0
827 57.0
221 94.0
959 1.0
27 50.0
958 95.0
640 74.0
272 2.0
843 46.0
586 56.0
940 50.0
796 46.0
833 95.0
773 15.0
597 20.0
398 73.0
204 43.0
948 11.0
61 70.0
271 65.0
823 62.0
491 42.0
48 52.0
959 83.0
93 15.0
816 42.0
549 73.0
312 13.0
436 17.0
379 88.0
765 14.0
451 40.0
587 50.0
76 53.0
252 30.0
54 52.0
960 35.0
457 90.0
161 11.0
776 5.0
94 73.0
366 36.0
961 20.0
47 23.0
223 59.0
19 21.0
838 19.0
320 85.0
811 98.0
357 73.0
680 43.0
144 96.0
676 3.0
103 75.0
33 69.0
68 6.0
388 42.0
879 19.0
991 93.0
401 90.0
305 91.0
831 61.0
512 97.0
720 57.0
962 19.0
143 89.0
560 73.0
885 24.0
678 86.0
525 31.0
2 49.0
740 72.0
76 87.0
236 73.0
516 51.0
308 31.0
251 39.0
608 29.0
574 7.0
870 69.0
626 59.0
788 64.0
963 8.0
465 3.0
342 30.0
731 32.0
854 12.0
445 4.0
129 79.0
809 40.0
402 66.0
964 64.0
381 68.0
253 57.0
33 52.0
538 31.0
324 13.0
200 5.0
232 83.0
801 38.0
699 93.0
202 60.0
797 13.0
965 23.0
40 55.0
92 69.0
957 83.0
763 34.0
416 92.0
859 81.0
409 35.0
125 34.0
948 92.0
483 15.0
222 52.0
71 91.0
966 57.0
991 40.0
887 54.0
473 94.0
186 75.0
990 62.0
897 60.0
892 49.0
60 90.0
548 20.0
980 54.0
967 17.0
191 29.0
104 23.0
529 28.0
20 13.0
827 74.0
404 23.0
213 35.0
438 9.0
74 92.0
652 43.0
683 56.0
968 11.0
143 52.0
657 84.0
613 26.0
805 8.0
244 31.0
797 9.0
298 81.0
6 83.0
410 83.0
920 1.0
170 71.0
512 73.0
969 47.0
791 19.0
879 17.0
42 41.0
370 45.0
302 20.0
811 48.0
970 91.0
531 45.0
239 79.0
185 8.0
949 69.0
972 26.0
114 84.0
49 71.0
955 36.0
487 79.0
964 95.0
470 100000.0
430 52.0
191 93.0
895 93.0
842 93.0
971 70.0
179 75.0
221 65.0
213 80.0
416 31.0
92 32.0
752 44.0
602 22.0
560 20.0
703 47.0
972 57.0
607 34.0
310 54.0
978 45.0
127 3.0
320 67.0
176 27.0
398 18.0
979 58.0
409 43.0
648 41.0
274 7.0
868 64.0
458 24.0
887 9.0
973 50.0
134 5.0
94 65.0
685 1.0
21 12.0
93 79.0
127 14.0
543 94.0
74 90.0
960 75.0
875 63.0
974 3.0
726 34.0
766 7.0
785 73.0
317 39.0
121 43.0
219 27.0
453 98.0
187 14.0
584 2.0
975 94.0
647 63.0
170 52.0
146 98.0
20 36.0
143 46.0
964 7.0
496 13.0
291 49.0
931 8.0
837 80.0
225 82.0
445 31.0
184 91.0
552 85.0
976 25.0
146 100.0
821 46.0
232 8.0
912 42.0
749 98.0
750 55.0
450 20.0
371 14.0
61 23.0
717 76.0
321 66.0
426 1.0
996 44.0
977 59.0
461 41.0
155 22.0
767 48.0
928 80.0
871 37.0
744 80.0
978 12.0
997 87.0
648 91.0
672 42.0
373 41.0
395 73.0
754 7.0
606 80.0
437 12.0
532 37.0
161 59.0
675 90.0
353 47.0
872 93.0
322 89.0
979 75.0
706 82.0
779 48.0
704 9.0
502 60.0
619 87.0
514 47.0
252 54.0
899 12.0
980 57.0
463 63.0
120 16.0
690 55.0
966 52.0
852 91.0
222 24.0
600 97.0
981 24.0
338 57.0
778 35.0
482 26.0
858 72.0
209 4.0
985 60.0
688 36.0
610 50.0
982 14.0
564 2.0
521 73.0
227 15.0
337 91.0
958 70.0
670 10.0
225 19.0
338 24.0
357 63.0
804 32.0
710 64.0
239 41.0
778 93.0
11 44.0
515 83.0
211 3.0
983 52.0
509 6.0
891 76.0
612 71.0
279 6.0
452 19.0
313 12.0
728 26.0
781 79.0
984 27.0
330 1.0
552 30.0
117 67.0
772 41.0
602 33.0
874 66.0
656 33.0
85 66.0
368 14.0
722 62.0
494 30.0
121 50.0
985 64.0
81 41.0
827 60.0
696 71.0
889 13.0
784 52.0
252 81.0
477 30.0
536 90.0
158 48.0
132 69.0
986 81.0
495 82.0
396 15.0
926 33.0
402 33.0
940 32.0
904 15.0
987 68.0
428 54.0
66 45.0
961 95.0
363 1.0
819 35.0
572 6.0
322 5.0
282 31.0
86 85.0
840 41.0
285 17.0
988 6.0
5 98.0
990 55.0
482 87.0
306 21.0
593 23.0
295 23.0
225 71.0
498 84.0
344 69.0
989 42.0
482 35.0
672 23.0
92 99.0
729 65.0
953 30.0
745 81.0
355 54.0
830 8.0
990 4.0
170 72.0
299 74.0
219 69.0
99 63.0
474 27.0
248 69.0
391 49.0
252 61.0
372 72.0
991 38.0
521 96.0
579 16.0
431 20.0
578 11.0
742 67.0
75 60.0
630 38.0
828 60.0
498 30.0
489 26.0
619 83.0
112 17.0
633 88.0
769 2.0
562 79.0
548 48.0
992 94.0
200 77.0
496 100.0
526 5.0
675 8.0
937 95.0
259 96.0
199 81.0
931 11.0
430 54.0
628 52.0
995 10.0
993 97.0
1000 72.0
873 91.0
5 85.0
457 97.0
274 57.0
252 3.0
634 42.0
312 78.0
324 5.0
154 70.0
994 95.0
368 58.0
960 27.0
42 23.0
874 47.0
663 44.0
282 15.0
711 82.0
610 19.0
669 82.0
337 64.0
125 71.0
995 30.0
162 80.0
600 64.0
692 77.0
578 45.0
394 33.0
700 67.0
168 48.0
423 81.0
7 61.0
797 22.0
819 33.0
468 6.0
609 40.0
996 62.0
306 56.0
346 6.0
875 28.0
618 63.0
111 77.0
447 65.0
997 93.0
339 11.0
938 93.0
250 4.0
686 43.0
543 47.0
28 100.0
251 14.0
760 65.0
646 48.0
256 80.0
482 36.0
244 45.0
998 40.0
901 45.0
631 84.0
215 97.0
396 10.0
431 4.0
927 47.0
771 76.0
999 6.0
238 14.0
915 93.0
367 38.0
424 95.0
856 51.0
485 69.0
841 66.0
744 90.0
256 99.0
662 59.0
158 34.0
783 31.0
807 89.0
1000 55.0
979 29.0
487 29.0
718 5.0
250 33.0
824 98.0
987 36.0
480 12.0
897 39.0
762 21.0
234 97.0
204 7.0
131 93.0
304 67.0
470 3.0
969
429
1 969
4 959 104 660 470
5 994 484 303 275 545
4 893 278 44 510
5 312 121 417 979 702
5 685 308 927 20 856
5 86 196 136 359 423
5 884 577 139 468 857
5 808 568 705 522 160
4 661 475 731 422
4 235 918 206 362
1 429
