1000 10989 0  0 3
11
13
23
7
10
7
10
7
10
13
9
7
13
15
9
9
7
14
13
15
15
13
17
13
14
12
10
11
13
7
11
15
9
10
6
8
16
14
11
11
14
8
9
13
10
12
7
18
17
7
12
9
14
7
13
12
9
17
11
7
5
19
11
15
13
14
9
15
11
20
12
8
14
12
8
13
13
14
15
15
9
10
11
10
9
12
6
12
7
9
9
11
17
14
11
15
13
9
9
10
9
7
9
10
10
14
6
9
13
4
15
16
17
8
17
7
15
16
8
14
7
6
16
4
12
10
14
16
16
13
9
14
7
9
12
10
6
16
12
8
9
12
9
17
12
11
18
11
10
12
15
6
11
11
18
13
9
8
6
10
13
12
8
11
17
12
5
7
11
16
9
18
8
11
15
9
12
8
16
7
11
7
8
8
13
11
17
7
12
9
12
11
9
11
12
7
11
8
11
14
7
11
7
12
13
11
12
12
10
13
12
15
6
10
13
15
11
11
8
11
12
11
20
14
10
11
10
14
10
11
16
10
13
11
7
14
12
14
8
9
12
15
11
8
7
8
6
7
17
12
11
15
15
13
15
12
14
9
13
9
8
13
8
16
15
12
11
9
11
11
11
10
14
9
12
9
11
10
9
11
8
12
14
7
3
18
10
12
6
11
8
7
10
14
12
10
14
12
18
7
18
14
8
9
11
11
6
9
12
17
7
11
8
8
12
14
10
10
9
9
15
11
11
6
8
8
10
6
11
8
9
11
7
14
11
10
10
9
15
8
12
10
14
16
15
13
11
9
10
7
9
8
12
11
15
8
11
10
8
14
11
20
11
12
14
10
8
15
11
5
5
13
17
13
9
15
7
15
13
14
8
11
17
10
11
11
4
18
11
7
14
17
10
8
11
11
11
12
14
12
10
8
11
12
14
15
7
6
13
9
10
17
14
10
7
11
14
9
8
10
5
18
10
10
10
7
10
12
12
15
17
4
9
11
12
9
10
9
11
10
16
10
9
12
13
8
12
14
11
12
11
16
13
12
11
8
15
8
11
11
13
21
13
7
10
13
14
18
13
8
9
15
11
6
12
11
17
11
8
10
8
6
14
17
10
8
10
10
9
14
10
10
17
13
16
9
15
13
8
8
12
14
9
11
17
13
8
12
6
12
15
12
16
9
13
12
13
11
7
6
13
13
15
11
11
17
13
16
10
13
6
8
15
8
9
12
10
8
7
8
10
8
14
17
23
9
15
10
5
10
10
12
12
4
9
11
6
9
8
11
8
10
5
6
10
9
9
11
14
11
10
9
9
10
3
11
9
12
13
13
15
8
12
12
10
18
6
7
11
7
10
10
10
13
14
11
11
10
8
16
14
13
11
14
10
7
12
9
9
14
10
11
12
11
6
8
9
12
12
17
7
17
14
10
11
9
11
12
14
11
13
13
12
12
14
14
11
12
14
3
13
8
7
9
12
12
9
12
11
10
12
10
6
9
12
12
15
20
16
11
11
11
10
6
12
11
12
9
11
5
13
9
16
11
7
17
11
7
10
13
14
14
15
13
7
6
11
15
12
8
16
8
12
10
9
12
8
11
10
10
14
9
14
10
18
10
17
9
7
8
10
10
11
10
12
8
12
11
8
13
12
4
8
9
11
13
10
9
9
10
16
6
14
8
13
11
10
10
11
11
11
14
10
17
14
19
16
9
12
8
12
14
11
7
14
8
9
15
14
8
14
11
12
9
8
9
12
8
14
10
20
7
12
10
10
10
12
5
12
16
11
13
9
14
9
14
10
13
6
7
13
13
9
10
11
15
11
9
9
7
6
8
9
9
11
13
9
12
11
8
8
13
9
19
13
10
16
10
10
4
10
13
15
13
17
6
7
5
10
9
6
7
13
14
8
11
5
9
11
11
9
12
11
6
10
8
9
16
14
11
10
9
11
7
16
12
11
15
9
8
14
8
8
15
6
11
9
13
9
9
8
8
14
7
13
7
10
7
12
12
13
9
15
7
10
6
13
10
14
9
11
13
8
8
4
12
16
10
10
10
8
13
14
7
11
8
8
6
6
9
11
10
12
6
11
10
12
9
12
17
8
15
9
14
13
9
12
15
11
13
7
8
6
12
8
21
7
12
12
10
19
9
7
8
14
13
7
14
9
10
14
5
8
18
7
17
10
8
11
10
9
14
10
13
6
13
10
10
9
12
10
10
10
8
10
11
11
17
13
5
5
10
9
9
9
14
12
15
11
9
12
6
15
11
8
14
17
8
10
14
2 64.0
385 10.0
43 68.0
575 2.0
137 29.0
467 37.0
775 86.0
147 13.0
170 51.0
392 8.0
503 38.0
3 98.0
993 88.0
411 20.0
707 81.0
564 58.0
664 10.0
811 26.0
996 4.0
900 4.0
580 12.0
785 2.0
881 74.0
559 39.0
4 30.0
460 83.0
935 12.0
321 33.0
45 70.0
452 55.0
454 87.0
780 70.0
633 90.0
51 4.0
82 51.0
179 60.0
243 16.0
24 39.0
512 99.0
957 52.0
268 34.0
956 56.0
274 68.0
970 60.0
677 16.0
737 26.0
61 70.0
5 87.0
660 53.0
130 90.0
236 44.0
29 37.0
21 81.0
728 5.0
6 3.0
396 74.0
108 56.0
977 11.0
668 5.0
603 2.0
958 43.0
403 85.0
186 26.0
708 46.0
7 48.0
473 41.0
260 91.0
860 75.0
712 33.0
542 36.0
412 33.0
8 21.0
472 97.0
768 26.0
116 97.0
162 91.0
153 74.0
26 81.0
358 11.0
717 16.0
459 44.0
9 70.0
210 18.0
551 41.0
358 73.0
886 4.0
185 65.0
114 64.0
10 80.0
647 54.0
86 81.0
100 46.0
193 15.0
433 33.0
541 15.0
831 64.0
119 78.0
93 83.0
11 22.0
813 34.0
195 3.0
455 90.0
891 28.0
198 55.0
687 41.0
590 69.0
598 83.0
238 96.0
676 99.0
410 36.0
719 70.0
12 16.0
896 75.0
601 47.0
128 3.0
642 54.0
839 61.0
734 94.0
463 2.0
436 48.0
13 43.0
995 37.0
942 93.0
945 15.0
735 14.0
199 84.0
560 21.0
14 45.0
109 17.0
375 61.0
262 24.0
82 23.0
980 24.0
639 31.0
538 70.0
366 19.0
948 25.0
282 53.0
23 15.0
835 38.0
15 22.0
959 26.0
660 58.0
853 41.0
619 10.0
719 21.0
624 96.0
223 83.0
671 82.0
886 12.0
36 52.0
750 26.0
981 98.0
383 36.0
78 36.0
16 6.0
418 66.0
159 76.0
973 48.0
577 62.0
922 99.0
305 92.0
913 27.0
346 12.0
17 73.0
996 14.0
92 57.0
313 9.0
962 35.0
321 9.0
744 70.0
489 74.0
683 73.0
18 71.0
745 51.0
512 9.0
142 26.0
198 70.0
49 18.0
397 64.0
19 56.0
279 19.0
371 1.0
574 16.0
205 45.0
998 53.0
847 31.0
383 25.0
86 54.0
506 50.0
332 19.0
663 52.0
183 34.0
613 17.0
20 9.0
565 77.0
964 25.0
704 74.0
372 23.0
827 3.0
304 39.0
284 62.0
868 35.0
50 9.0
991 40.0
743 16.0
422 79.0
21 37.0
529 90.0
165 25.0
797 74.0
457 4.0
449 29.0
984 94.0
608 24.0
316 93.0
858 68.0
751 75.0
543 34.0
119 24.0
467 24.0
788 58.0
22 37.0
340 34.0
537 6.0
743 27.0
207 78.0
221 45.0
776 56.0
212 3.0
125 26.0
937 78.0
88 45.0
234 30.0
960 64.0
584 25.0
949 76.0
23 62.0
396 82.0
365 34.0
179 17.0
851 85.0
112 56.0
496 24.0
167 3.0
478 36.0
303 30.0
867 6.0
58 24.0
113 49.0
24 61.0
114 40.0
557 65.0
798 46.0
424 99.0
695 17.0
184 34.0
203 85.0
800 75.0
489 11.0
166 26.0
427 30.0
916 31.0
978 36.0
678 38.0
47 22.0
271 96.0
25 37.0
389 47.0
460 54.0
820 35.0
115 52.0
417 1.0
209 36.0
577 53.0
369 62.0
896 48.0
778 87.0
993 6.0
937 49.0
26 86.0
532 31.0
835 51.0
978 80.0
520 72.0
130 58.0
495 55.0
567 38.0
544 94.0
429 63.0
685 51.0
243 60.0
285 38.0
139 67.0
27 35.0
316 61.0
483 2.0
679 77.0
829 13.0
635 61.0
99 99.0
828 2.0
530 47.0
627 81.0
344 87.0
847 14.0
28 38.0
689 74.0
261 25.0
969 23.0
141 36.0
262 85.0
426 33.0
78 93.0
558 38.0
635 64.0
29 87.0
735 86.0
510 9.0
574 56.0
120 37.0
999 17.0
956 2.0
410 10.0
840 41.0
276 73.0
865 74.0
30 47.0
696 20.0
87 99.0
586 38.0
99 2.0
66 24.0
221 25.0
635 53.0
982 56.0
796 15.0
627 76.0
680 31.0
308 67.0
31 95.0
243 36.0
978 69.0
342 65.0
439 11.0
330 54.0
839 10.0
32 65.0
128 51.0
701 92.0
138 88.0
218 90.0
52 96.0
258 73.0
778 66.0
664 32.0
583 63.0
533 68.0
33 75.0
458 64.0
674 10.0
721 22.0
918 72.0
605 3.0
913 99.0
226 29.0
586 53.0
490 91.0
886 37.0
156 22.0
620 12.0
332 36.0
568 72.0
34 8.0
116 87.0
31 45.0
584 78.0
164 18.0
179 99.0
984 64.0
203 24.0
909 68.0
35 91.0
723 35.0
930 3.0
91 33.0
357 67.0
894 81.0
485 3.0
980 44.0
837 58.0
255 35.0
36 61.0
25 51.0
986 46.0
285 99.0
6 38.0
583 38.0
37 97.0
343 80.0
943 80.0
67 21.0
646 49.0
120 15.0
296 39.0
564 94.0
38 17.0
683 59.0
432 18.0
315 35.0
360 3.0
346 45.0
96 39.0
897 80.0
960 59.0
412 6.0
641 9.0
842 38.0
25 46.0
114 15.0
604 2.0
378 20.0
39 87.0
258 40.0
134 17.0
112 24.0
689 85.0
245 96.0
108 18.0
362 33.0
82 94.0
436 80.0
15 83.0
402 92.0
590 43.0
317 11.0
40 3.0
223 45.0
303 18.0
298 32.0
112 85.0
862 17.0
811 36.0
313 36.0
465 39.0
1 77.0
506 94.0
41 99.0
796 46.0
224 50.0
432 11.0
852 62.0
150 10.0
780 25.0
68 26.0
907 47.0
544 21.0
506 50.0
42 25.0
127 89.0
692 76.0
651 82.0
291 62.0
889 75.0
940 98.0
379 65.0
465 9.0
340 30.0
659 95.0
486 25.0
93 81.0
393 55.0
43 29.0
121 32.0
679 52.0
791 22.0
390 15.0
403 57.0
775 9.0
200 67.0
44 100.0
490 91.0
556 92.0
699 76.0
106 51.0
153 58.0
796 24.0
858 71.0
58 68.0
45 100.0
455 35.0
988 93.0
104 45.0
237 20.0
985 98.0
90 40.0
817 98.0
712 79.0
18 22.0
766 86.0
177 55.0
568 89.0
46 8.0
967 86.0
764 57.0
842 56.0
434 67.0
682 77.0
837 51.0
973 51.0
513 88.0
50 26.0
47 40.0
296 52.0
127 59.0
619 45.0
183 76.0
323 19.0
70 10.0
810 43.0
597 21.0
750 86.0
752 47.0
20 68.0
48 32.0
266 71.0
17 78.0
123 84.0
500 86.0
326 81.0
522 95.0
49 30.0
558 45.0
581 48.0
590 93.0
936 86.0
341 9.0
713 7.0
515 50.0
662 77.0
860 8.0
574 65.0
892 50.0
74 95.0
18 80.0
679 95.0
759 93.0
336 56.0
305 56.0
50 76.0
852 48.0
240 49.0
718 97.0
271 12.0
384 88.0
189 76.0
762 43.0
360 94.0
829 15.0
783 7.0
809 52.0
371 67.0
684 13.0
565 26.0
927 86.0
206 60.0
51 4.0
677 35.0
978 80.0
150 64.0
109 79.0
167 27.0
19 29.0
52 25.0
586 98.0
313 83.0
818 99.0
5 3.0
407 27.0
402 98.0
341 52.0
411 42.0
204 13.0
349 12.0
781 87.0
53 55.0
676 26.0
920 95.0
274 72.0
384 53.0
21 43.0
60 75.0
810 12.0
391 93.0
54 71.0
133 2.0
118 81.0
179 18.0
370 56.0
354 51.0
107 38.0
3 44.0
825 15.0
776 32.0
468 47.0
522 100.0
712 15.0
553 5.0
55 83.0
262 54.0
495 8.0
852 9.0
772 14.0
276 21.0
33 78.0
56 67.0
516 7.0
921 66.0
59 61.0
57 64.0
893 85.0
653 86.0
937 26.0
447 93.0
571 96.0
614 94.0
474 89.0
104 7.0
57 32.0
375 28.0
447 71.0
921 58.0
182 9.0
63 9.0
634 45.0
243 8.0
247 80.0
720 64.0
377 79.0
766 62.0
58 91.0
444 42.0
213 84.0
453 74.0
925 55.0
849 74.0
69 26.0
491 60.0
445 13.0
59 91.0
453 83.0
740 87.0
73 22.0
612 66.0
141 45.0
958 16.0
182 28.0
83 70.0
418 92.0
581 100.0
652 92.0
432 66.0
373 15.0
26 46.0
691 95.0
458 86.0
60 24.0
256 96.0
94 88.0
712 55.0
132 48.0
336 48.0
585 46.0
942 75.0
280 5.0
813 11.0
101 91.0
61 2.0
135 8.0
283 23.0
572 38.0
206 90.0
628 44.0
200 65.0
62 58.0
417 38.0
857 54.0
492 74.0
362 72.0
63 37.0
398 75.0
923 75.0
790 30.0
997 6.0
714 87.0
985 1.0
701 2.0
498 45.0
168 70.0
438 55.0
635 56.0
526 44.0
902 69.0
22 56.0
531 48.0
765 77.0
20 56.0
899 64.0
64 86.0
916 22.0
409 32.0
887 7.0
907 70.0
560 95.0
270 62.0
621 50.0
4 84.0
641 99.0
719 89.0
65 29.0
585 36.0
862 19.0
277 7.0
240 62.0
216 67.0
349 7.0
567 46.0
570 20.0
775 21.0
35 81.0
438 45.0
413 13.0
869 25.0
504 79.0
66 14.0
249 60.0
52 84.0
666 77.0
885 79.0
194 4.0
157 63.0
465 20.0
186 7.0
492 79.0
624 25.0
511 91.0
461 54.0
67 97.0
111 99.0
361 38.0
319 71.0
292 100.0
159 2.0
39 90.0
21 53.0
581 43.0
960 71.0
415 23.0
385 30.0
352 26.0
24 72.0
68 83.0
608 3.0
14 18.0
919 32.0
652 94.0
112 60.0
910 88.0
310 67.0
731 82.0
69 52.0
720 22.0
912 48.0
551 43.0
611 22.0
15 53.0
598 55.0
876 56.0
773 92.0
329 26.0
866 26.0
584 3.0
715 97.0
113 11.0
189 7.0
70 60.0
752 2.0
697 26.0
203 19.0
37 77.0
283 42.0
956 51.0
344 84.0
189 13.0
205 34.0
397 37.0
71 52.0
992 66.0
764 13.0
744 1.0
282 66.0
540 42.0
953 42.0
12 46.0
53 26.0
772 4.0
748 92.0
932 24.0
391 18.0
409 8.0
834 94.0
405 97.0
846 25.0
741 84.0
237 81.0
551 93.0
72 26.0
542 53.0
558 69.0
449 42.0
113 5.0
405 50.0
704 21.0
822 85.0
621 47.0
955 5.0
749 31.0
451 20.0
73 71.0
609 32.0
509 55.0
841 100.0
999 44.0
740 36.0
828 4.0
97 59.0
74 87.0
807 84.0
462 24.0
645 89.0
737 71.0
318 33.0
457 96.0
648 49.0
285 71.0
944 71.0
764 5.0
320 12.0
951 47.0
786 98.0
75 84.0
710 84.0
526 68.0
30 65.0
882 30.0
58 11.0
270 95.0
283 56.0
655 21.0
98 41.0
803 3.0
938 13.0
76 23.0
292 62.0
442 41.0
183 79.0
620 96.0
27 85.0
117 87.0
956 57.0
77 30.0
16 100.0
124 64.0
280 43.0
705 19.0
609 15.0
183 72.0
137 49.0
579 15.0
846 65.0
747 94.0
571 8.0
874 80.0
78 76.0
773 12.0
422 19.0
525 8.0
452 58.0
325 75.0
166 41.0
476 21.0
520 72.0
391 13.0
688 43.0
283 25.0
5 51.0
79 73.0
416 82.0
353 40.0
203 9.0
268 33.0
464 14.0
274 85.0
440 44.0
702 96.0
525 74.0
396 59.0
143 47.0
783 30.0
735 37.0
80 24.0
427 1.0
159 25.0
185 97.0
453 77.0
970 66.0
545 5.0
483 37.0
220 13.0
952 61.0
497 49.0
468 23.0
555 42.0
937 60.0
357 9.0
81 93.0
27 96.0
565 17.0
403 59.0
970 32.0
820 84.0
814 59.0
336 17.0
77 17.0
604 19.0
765 64.0
290 77.0
493 100.0
51 42.0
64 80.0
82 90.0
659 52.0
666 13.0
459 40.0
815 51.0
914 40.0
413 79.0
809 75.0
923 80.0
83 7.0
926 24.0
704 14.0
447 41.0
18 19.0
268 23.0
383 11.0
512 99.0
220 100.0
591 51.0
84 62.0
890 89.0
418 46.0
417 56.0
243 97.0
839 100.0
614 94.0
197 5.0
275 15.0
324 40.0
285 80.0
85 45.0
196 91.0
189 84.0
820 59.0
490 39.0
601 50.0
27 91.0
528 39.0
276 95.0
783 98.0
86 62.0
558 5.0
480 21.0
781 44.0
34 63.0
540 23.0
77 46.0
16 55.0
973 80.0
87 63.0
460 31.0
509 82.0
766 8.0
696 99.0
563 21.0
859 13.0
38 2.0
948 68.0
448 89.0
986 22.0
732 92.0
88 39.0
953 84.0
681 82.0
488 65.0
641 84.0
795 6.0
89 68.0
779 76.0
637 96.0
280 37.0
516 1.0
636 4.0
194 67.0
195 25.0
785 89.0
67 68.0
716 44.0
107 37.0
90 90.0
419 87.0
456 85.0
469 57.0
339 94.0
753 36.0
15 5.0
91 47.0
814 38.0
832 18.0
43 83.0
531 17.0
797 100.0
52 21.0
964 90.0
414 53.0
92 53.0
863 29.0
388 35.0
10 6.0
473 33.0
590 22.0
488 99.0
907 69.0
537 14.0
93 41.0
250 77.0
753 43.0
414 34.0
960 52.0
257 77.0
221 79.0
563 92.0
96 74.0
434 92.0
766 6.0
94 11.0
317 38.0
779 100.0
64 10.0
993 34.0
73 45.0
255 75.0
157 57.0
21 86.0
754 90.0
455 97.0
769 85.0
610 92.0
790 62.0
59 31.0
581 61.0
880 38.0
95 14.0
74 75.0
456 99.0
474 50.0
875 49.0
99 33.0
164 75.0
713 75.0
560 12.0
59 98.0
841 79.0
843 52.0
816 83.0
601 34.0
96 48.0
597 99.0
405 45.0
392 27.0
328 38.0
162 39.0
246 42.0
60 22.0
576 57.0
105 46.0
516 45.0
97 35.0
159 51.0
178 78.0
271 83.0
347 97.0
258 50.0
150 42.0
118 66.0
187 4.0
812 1.0
907 68.0
585 63.0
377 47.0
711 16.0
291 71.0
98 61.0
502 59.0
939 56.0
309 83.0
303 88.0
330 73.0
222 46.0
826 64.0
843 81.0
521 23.0
403 52.0
199 18.0
936 55.0
99 41.0
186 48.0
567 36.0
116 33.0
834 88.0
451 30.0
677 88.0
655 39.0
905 5.0
100 65.0
277 23.0
544 13.0
363 37.0
526 86.0
373 67.0
5 100.0
964 22.0
112 60.0
101 4.0
151 99.0
292 55.0
244 15.0
672 77.0
96 23.0
406 69.0
9 27.0
945 8.0
625 46.0
102 64.0
562 100.0
25 54.0
729 49.0
322 58.0
280 60.0
736 86.0
701 40.0
986 56.0
103 76.0
776 94.0
980 97.0
463 82.0
119 40.0
610 33.0
418 84.0
104 16.0
686 61.0
672 43.0
125 50.0
864 15.0
732 23.0
587 27.0
202 73.0
581 9.0
105 29.0
765 9.0
911 70.0
25 49.0
423 21.0
638 51.0
511 91.0
840 70.0
544 17.0
898 56.0
106 37.0
735 26.0
746 79.0
399 80.0
24 43.0
74 91.0
705 63.0
259 20.0
48 33.0
122 74.0
107 33.0
993 15.0
841 30.0
384 82.0
506 50.0
48 91.0
543 1.0
607 55.0
153 72.0
63 10.0
387 1.0
126 46.0
265 89.0
271 13.0
108 71.0
617 90.0
917 27.0
447 16.0
235 37.0
422 36.0
109 55.0
278 74.0
991 72.0
875 83.0
635 35.0
222 82.0
262 55.0
358 42.0
732 64.0
110 75.0
436 27.0
636 100.0
165 100.0
718 52.0
366 60.0
595 17.0
523 25.0
441 52.0
996 11.0
489 62.0
455 99.0
301 66.0
111 83.0
554 32.0
692 46.0
885 58.0
112 67.0
637 14.0
885 56.0
41 99.0
747 36.0
254 89.0
16 92.0
663 26.0
486 65.0
906 36.0
456 20.0
350 98.0
773 15.0
431 4.0
233 91.0
113 68.0
748 26.0
500 50.0
646 32.0
226 50.0
936 38.0
95 1.0
374 85.0
608 68.0
453 35.0
313 18.0
182 71.0
658 61.0
300 67.0
214 27.0
839 85.0
114 4.0
216 60.0
84 38.0
604 37.0
74 76.0
785 8.0
860 14.0
164 51.0
145 58.0
37 12.0
181 5.0
405 18.0
112 78.0
141 98.0
360 8.0
29 19.0
866 7.0
115 66.0
251 32.0
777 66.0
890 16.0
197 98.0
304 68.0
387 88.0
841 36.0
116 80.0
654 68.0
802 5.0
526 98.0
594 19.0
198 72.0
97 10.0
801 58.0
566 24.0
797 49.0
147 5.0
521 19.0
992 23.0
451 67.0
961 47.0
720 18.0
821 5.0
117 70.0
588 44.0
846 72.0
563 42.0
113 83.0
360 2.0
420 94.0
118 17.0
67 62.0
830 96.0
618 69.0
530 95.0
755 97.0
967 36.0
219 64.0
111 9.0
869 46.0
804 76.0
971 58.0
730 76.0
1000 59.0
433 86.0
119 81.0
375 8.0
524 45.0
444 70.0
10 54.0
276 23.0
432 60.0
251 11.0
351 81.0
185 36.0
507 82.0
578 66.0
573 14.0
333 41.0
618 13.0
196 29.0
120 66.0
285 21.0
136 11.0
389 77.0
723 65.0
424 71.0
296 17.0
755 52.0
121 22.0
125 31.0
198 27.0
36 59.0
492 85.0
707 21.0
836 64.0
299 47.0
179 94.0
154 31.0
101 65.0
289 11.0
500 52.0
249 11.0
122 25.0
361 23.0
189 22.0
278 68.0
72 55.0
845 61.0
181 16.0
123 22.0
818 100.0
264 84.0
207 7.0
430 19.0
608 32.0
124 91.0
297 45.0
545 80.0
246 25.0
37 22.0
692 14.0
91 71.0
917 100.0
390 97.0
758 3.0
957 31.0
425 46.0
848 74.0
135 78.0
44 78.0
951 71.0
125 93.0
101 100.0
237 78.0
122 31.0
126 97.0
866 22.0
91 56.0
625 35.0
294 50.0
608 46.0
389 85.0
985 22.0
458 95.0
749 67.0
861 1.0
336 15.0
127 37.0
419 2.0
371 69.0
347 38.0
888 33.0
33 46.0
34 33.0
302 49.0
196 14.0
885 33.0
128 100.0
935 31.0
796 73.0
626 45.0
413 21.0
884 53.0
101 43.0
66 83.0
800 63.0
789 25.0
369 94.0
384 76.0
519 46.0
671 6.0
129 48.0
574 53.0
190 42.0
182 74.0
87 46.0
805 60.0
500 3.0
214 2.0
658 91.0
167 32.0
359 78.0
594 67.0
413 13.0
180 82.0
569 5.0
727 38.0
130 53.0
376 77.0
350 37.0
16 12.0
857 34.0
255 41.0
740 75.0
989 27.0
639 17.0
490 18.0
549 57.0
405 21.0
430 37.0
342 78.0
204 55.0
396 99.0
131 25.0
931 68.0
406 56.0
294 4.0
513 50.0
506 68.0
163 24.0
992 21.0
539 88.0
399 99.0
737 48.0
909 66.0
73 89.0
132 21.0
909 91.0
956 17.0
616 32.0
402 40.0
34 89.0
872 87.0
524 57.0
987 81.0
133 34.0
699 17.0
853 21.0
866 14.0
122 45.0
137 68.0
109 87.0
897 86.0
9 19.0
103 68.0
645 48.0
491 6.0
219 66.0
577 63.0
134 27.0
855 86.0
137 38.0
381 76.0
941 17.0
333 5.0
703 86.0
135 66.0
175 34.0
173 42.0
37 73.0
793 47.0
942 49.0
560 57.0
152 67.0
637 62.0
136 12.0
758 25.0
458 37.0
95 100.0
975 5.0
175 55.0
594 88.0
835 62.0
889 46.0
120 22.0
555 55.0
749 68.0
137 1.0
823 12.0
880 46.0
252 89.0
232 54.0
392 31.0
325 74.0
499 20.0
415 81.0
271 83.0
138 39.0
897 3.0
334 77.0
347 46.0
833 99.0
996 88.0
139 58.0
325 83.0
958 54.0
273 16.0
271 49.0
52 28.0
167 62.0
867 53.0
955 35.0
44 42.0
87 20.0
420 21.0
546 56.0
682 96.0
334 51.0
396 74.0
140 89.0
522 75.0
800 23.0
348 74.0
11 19.0
245 31.0
924 17.0
197 36.0
113 32.0
621 40.0
527 87.0
302 49.0
141 63.0
1 16.0
58 78.0
506 18.0
293 41.0
664 85.0
874 96.0
101 73.0
142 15.0
645 48.0
93 51.0
660 51.0
583 76.0
271 34.0
925 90.0
445 41.0
838 45.0
143 75.0
872 16.0
498 86.0
261 70.0
527 10.0
551 76.0
707 42.0
877 88.0
109 2.0
545 82.0
625 98.0
851 25.0
144 28.0
433 75.0
702 43.0
585 52.0
897 19.0
4 51.0
976 26.0
526 61.0
731 93.0
145 76.0
202 22.0
179 75.0
278 41.0
45 5.0
662 18.0
9 89.0
61 22.0
784 79.0
366 75.0
506 23.0
544 51.0
330 73.0
639 75.0
458 78.0
563 33.0
391 27.0
146 59.0
594 100.0
360 99.0
868 29.0
530 35.0
567 12.0
65 31.0
996 70.0
255 93.0
268 68.0
133 51.0
240 46.0
147 1.0
482 84.0
894 39.0
20 57.0
387 13.0
514 14.0
374 48.0
314 28.0
542 11.0
419 86.0
579 57.0
148 56.0
937 13.0
87 86.0
376 54.0
465 54.0
424 12.0
482 92.0
798 38.0
564 99.0
14 9.0
609 44.0
864 83.0
378 47.0
639 92.0
131 31.0
987 19.0
410 27.0
266 40.0
149 40.0
40 66.0
630 64.0
10 85.0
548 42.0
479 60.0
591 13.0
387 90.0
581 59.0
176 13.0
170 98.0
150 23.0
628 8.0
114 47.0
968 24.0
88 97.0
809 73.0
438 63.0
588 52.0
369 36.0
727 63.0
151 83.0
373 24.0
158 66.0
485 9.0
694 39.0
137 5.0
462 71.0
737 88.0
80 60.0
449 16.0
195 28.0
116 55.0
152 92.0
704 13.0
371 30.0
133 3.0
679 14.0
818 53.0
505 49.0
238 6.0
624 62.0
521 15.0
142 43.0
158 53.0
274 27.0
649 99.0
343 99.0
153 85.0
661 31.0
893 28.0
630 1.0
135 41.0
801 39.0
154 59.0
17 15.0
78 69.0
583 47.0
20 63.0
234 15.0
342 49.0
233 79.0
85 94.0
538 69.0
433 55.0
155 48.0
835 3.0
798 79.0
702 68.0
46 20.0
926 22.0
701 15.0
43 82.0
37 11.0
969 24.0
441 17.0
156 22.0
180 56.0
265 92.0
826 89.0
249 61.0
193 21.0
570 100.0
562 91.0
50 11.0
168 36.0
345 61.0
490 65.0
247 91.0
382 88.0
856 46.0
627 13.0
529 95.0
255 94.0
157 34.0
538 58.0
600 26.0
226 13.0
127 21.0
967 31.0
359 22.0
623 1.0
851 65.0
576 1.0
94 95.0
23 17.0
46 56.0
158 96.0
869 84.0
282 51.0
479 7.0
508 30.0
325 79.0
645 78.0
239 63.0
501 48.0
159 16.0
520 63.0
656 80.0
5 48.0
83 38.0
364 88.0
302 3.0
889 77.0
160 91.0
314 61.0
38 40.0
744 62.0
8 93.0
721 77.0
161 81.0
607 81.0
822 97.0
168 15.0
269 86.0
224 10.0
10 83.0
215 30.0
157 54.0
837 75.0
162 51.0
991 99.0
102 13.0
550 83.0
187 65.0
441 59.0
723 13.0
432 33.0
480 73.0
544 43.0
368 83.0
222 20.0
887 92.0
163 65.0
936 57.0
471 69.0
953 60.0
616 54.0
517 15.0
634 1.0
781 97.0
102 17.0
736 46.0
57 28.0
245 19.0
164 68.0
496 23.0
66 57.0
827 9.0
884 79.0
964 34.0
928 53.0
427 60.0
165 23.0
626 64.0
922 77.0
288 45.0
19 4.0
204 79.0
4 95.0
479 94.0
144 24.0
91 61.0
40 25.0
166 6.0
283 62.0
474 69.0
75 93.0
630 99.0
444 53.0
326 31.0
329 32.0
866 43.0
235 18.0
818 93.0
788 60.0
415 65.0
362 100.0
888 27.0
203 25.0
715 76.0
167 5.0
944 38.0
324 40.0
902 46.0
185 12.0
892 30.0
796 15.0
209 79.0
864 94.0
904 4.0
976 37.0
501 10.0
168 58.0
910 23.0
819 64.0
742 87.0
900 27.0
169 33.0
194 59.0
284 4.0
651 75.0
549 4.0
999 46.0
63 6.0
170 15.0
492 92.0
555 61.0
943 19.0
505 12.0
892 15.0
758 82.0
236 36.0
138 73.0
824 77.0
363 92.0
171 10.0
437 42.0
412 100.0
767 73.0
997 6.0
784 13.0
222 21.0
422 89.0
991 19.0
62 40.0
101 49.0
394 86.0
426 69.0
481 43.0
564 53.0
978 50.0
172 17.0
803 8.0
859 62.0
667 56.0
503 29.0
862 7.0
904 17.0
771 36.0
548 70.0
173 55.0
705 48.0
904 25.0
962 11.0
847 100.0
74 23.0
798 41.0
405 73.0
777 19.0
153 97.0
295 58.0
443 52.0
543 31.0
268 88.0
400 54.0
692 44.0
581 19.0
213 85.0
174 25.0
391 84.0
304 50.0
208 61.0
387 42.0
847 84.0
388 97.0
819 68.0
175 17.0
358 9.0
671 12.0
337 12.0
874 50.0
186 35.0
527 79.0
540 92.0
368 34.0
984 12.0
62 52.0
176 78.0
221 14.0
626 93.0
856 28.0
21 27.0
224 36.0
803 43.0
40 11.0
839 30.0
255 40.0
369 10.0
808 97.0
516 52.0
74 19.0
972 47.0
177 46.0
661 85.0
194 80.0
7 26.0
253 25.0
806 79.0
251 32.0
675 18.0
130 34.0
178 18.0
879 38.0
779 74.0
880 27.0
574 50.0
927 15.0
301 86.0
329 9.0
440 74.0
932 19.0
826 74.0
19 46.0
179 88.0
376 22.0
574 66.0
361 38.0
592 89.0
533 95.0
912 66.0
821 4.0
180 38.0
207 2.0
39 11.0
315 22.0
442 14.0
212 50.0
991 59.0
477 80.0
576 52.0
392 28.0
928 65.0
293 56.0
984 32.0
729 33.0
965 86.0
815 79.0
181 75.0
701 95.0
368 66.0
310 8.0
818 43.0
129 71.0
178 48.0
182 47.0
750 36.0
472 26.0
113 48.0
46 98.0
842 37.0
549 6.0
985 2.0
901 89.0
103 25.0
822 79.0
183 5.0
36 15.0
859 29.0
603 19.0
512 39.0
907 25.0
230 23.0
184 30.0
406 16.0
960 9.0
611 17.0
482 11.0
436 41.0
192 16.0
421 12.0
185 34.0
141 38.0
951 100.0
331 96.0
340 64.0
477 29.0
58 34.0
437 70.0
186 19.0
547 88.0
236 16.0
228 28.0
452 65.0
750 99.0
57 45.0
494 100.0
696 45.0
217 7.0
199 11.0
886 25.0
434 63.0
187 86.0
74 10.0
172 47.0
420 43.0
728 82.0
546 59.0
224 29.0
903 39.0
222 31.0
426 82.0
408 65.0
188 69.0
44 24.0
872 42.0
60 82.0
415 75.0
860 74.0
764 71.0
904 48.0
801 5.0
622 30.0
545 2.0
997 24.0
268 10.0
817 73.0
606 38.0
604 53.0
514 41.0
189 44.0
938 64.0
565 32.0
493 18.0
533 57.0
650 52.0
297 100.0
190 72.0
931 12.0
753 97.0
616 73.0
644 16.0
765 14.0
507 48.0
740 95.0
847 58.0
777 16.0
241 96.0
731 89.0
191 19.0
194 90.0
692 94.0
946 50.0
259 11.0
198 25.0
381 9.0
193 89.0
580 56.0
192 95.0
199 61.0
704 57.0
509 91.0
832 57.0
94 77.0
237 94.0
289 20.0
687 68.0
91 92.0
4 54.0
829 77.0
193 22.0
367 33.0
39 70.0
199 79.0
768 64.0
328 31.0
318 38.0
501 60.0
212 3.0
764 5.0
778 64.0
194 59.0
996 7.0
350 20.0
258 92.0
875 12.0
982 56.0
895 57.0
980 63.0
75 95.0
195 7.0
12 64.0
832 66.0
595 32.0
247 87.0
953 49.0
7 78.0
826 45.0
522 18.0
285 98.0
622 74.0
196 23.0
582 85.0
872 1.0
4 72.0
59 26.0
170 84.0
363 11.0
295 49.0
153 16.0
611 76.0
7 27.0
171 6.0
197 87.0
279 98.0
290 71.0
655 6.0
49 68.0
526 54.0
134 60.0
198 85.0
209 93.0
341 14.0
6 47.0
849 47.0
883 72.0
767 49.0
949 70.0
135 59.0
221 53.0
452 23.0
199 79.0
810 59.0
88 35.0
583 88.0
922 33.0
634 2.0
169 12.0
42 62.0
200 98.0
249 69.0
621 71.0
136 72.0
902 68.0
91 47.0
483 64.0
633 10.0
177 65.0
770 22.0
776 54.0
201 10.0
366 61.0
978 32.0
396 91.0
260 2.0
990 61.0
701 6.0
368 13.0
317 35.0
144 41.0
733 80.0
616 23.0
912 80.0
261 100.0
202 44.0
780 86.0
31 23.0
140 10.0
236 7.0
547 51.0
10 96.0
203 84.0
493 23.0
28 26.0
573 89.0
803 34.0
167 10.0
657 48.0
925 67.0
704 7.0
876 92.0
632 8.0
204 59.0
330 73.0
259 9.0
326 53.0
121 44.0
324 77.0
9 35.0
205 67.0
407 78.0
320 35.0
2 12.0
484 15.0
24 99.0
31 5.0
738 22.0
760 78.0
392 59.0
553 13.0
453 86.0
206 55.0
236 90.0
15 12.0
99 42.0
672 24.0
38 41.0
433 41.0
334 60.0
884 6.0
194 19.0
165 98.0
511 14.0
842 5.0
207 94.0
305 88.0
171 84.0
825 33.0
37 2.0
959 90.0
500 86.0
384 65.0
686 56.0
428 30.0
223 55.0
208 79.0
548 83.0
935 21.0
879 88.0
980 20.0
842 66.0
545 89.0
580 6.0
712 85.0
799 47.0
835 62.0
18 82.0
209 65.0
631 80.0
554 62.0
743 91.0
61 75.0
472 41.0
276 25.0
39 98.0
882 39.0
777 19.0
470 62.0
44 84.0
210 68.0
958 67.0
364 66.0
686 81.0
35 79.0
341 3.0
173 76.0
568 36.0
548 74.0
321 56.0
211 30.0
363 23.0
617 20.0
692 94.0
680 39.0
159 27.0
694 45.0
637 97.0
931 4.0
115 30.0
7 75.0
458 41.0
75 83.0
212 16.0
644 88.0
199 34.0
195 24.0
745 72.0
971 22.0
70 18.0
949 40.0
99 38.0
549 43.0
35 82.0
628 10.0
213 27.0
649 25.0
254 30.0
188 56.0
744 53.0
147 57.0
435 13.0
685 31.0
551 52.0
758 79.0
948 81.0
501 99.0
157 60.0
670 35.0
74 46.0
214 3.0
958 96.0
122 52.0
556 52.0
738 13.0
316 91.0
215 90.0
468 54.0
618 9.0
729 83.0
887 2.0
445 43.0
308 60.0
858 30.0
283 86.0
2 95.0
216 46.0
201 16.0
252 82.0
136 69.0
285 34.0
49 83.0
835 88.0
762 100.0
675 83.0
427 8.0
461 19.0
32 28.0
751 17.0
217 41.0
671 74.0
355 50.0
175 89.0
323 59.0
964 70.0
658 75.0
935 41.0
771 32.0
570 34.0
278 15.0
824 44.0
263 58.0
456 81.0
899 88.0
218 23.0
52 43.0
887 39.0
338 95.0
353 4.0
442 32.0
247 23.0
913 89.0
529 56.0
934 18.0
292 48.0
219 42.0
325 50.0
126 64.0
946 52.0
654 34.0
292 13.0
624 86.0
446 38.0
326 44.0
517 27.0
306 76.0
220 79.0
249 81.0
949 100.0
392 85.0
382 13.0
270 56.0
882 59.0
897 3.0
221 93.0
292 85.0
911 32.0
377 60.0
907 26.0
721 1.0
975 63.0
791 40.0
771 9.0
861 27.0
608 44.0
222 14.0
372 25.0
201 8.0
911 40.0
325 54.0
167 45.0
504 84.0
406 90.0
680 12.0
486 74.0
523 27.0
525 89.0
223 4.0
508 77.0
808 8.0
184 44.0
829 80.0
681 11.0
297 97.0
87 35.0
870 8.0
410 56.0
604 81.0
224 60.0
375 51.0
582 100.0
759 14.0
576 97.0
711 32.0
777 59.0
2 49.0
77 94.0
78 26.0
334 6.0
290 62.0
84 39.0
354 5.0
856 94.0
563 85.0
105 21.0
665 36.0
300 58.0
389 49.0
225 5.0
180 98.0
863 13.0
36 40.0
79 16.0
600 49.0
703 77.0
699 4.0
456 99.0
822 79.0
69 49.0
1 20.0
39 53.0
174 75.0
226 71.0
172 93.0
505 5.0
835 36.0
578 95.0
188 61.0
925 75.0
832 21.0
670 74.0
695 66.0
227 10.0
508 63.0
806 9.0
606 29.0
39 95.0
766 51.0
87 40.0
621 41.0
141 2.0
821 5.0
782 42.0
228 40.0
352 87.0
459 62.0
25 68.0
52 1.0
218 71.0
345 9.0
433 89.0
784 26.0
198 40.0
229 84.0
679 81.0
760 8.0
287 6.0
982 100.0
464 74.0
94 73.0
333 28.0
372 94.0
609 58.0
194 10.0
790 71.0
708 78.0
410 57.0
230 59.0
159 27.0
979 23.0
139 91.0
790 79.0
377 37.0
254 13.0
808 18.0
239 10.0
242 83.0
231 3.0
769 78.0
797 26.0
186 86.0
683 11.0
934 93.0
273 3.0
187 61.0
26 98.0
802 24.0
359 44.0
232 35.0
261 87.0
463 5.0
351 7.0
479 39.0
543 23.0
752 65.0
163 12.0
675 37.0
916 26.0
521 32.0
230 69.0
518 92.0
336 54.0
823 8.0
685 32.0
233 94.0
780 50.0
376 47.0
328 35.0
79 73.0
710 81.0
571 60.0
431 37.0
105 83.0
281 89.0
234 30.0
619 14.0
351 60.0
308 28.0
195 95.0
270 59.0
452 36.0
267 57.0
433 72.0
318 57.0
587 71.0
467 56.0
754 12.0
235 3.0
273 48.0
339 48.0
970 46.0
75 12.0
465 94.0
281 49.0
898 80.0
518 7.0
557 95.0
450 100.0
236 70.0
170 10.0
260 19.0
582 95.0
828 47.0
493 16.0
302 57.0
237 88.0
274 6.0
631 67.0
467 61.0
359 12.0
120 82.0
987 64.0
845 1.0
122 90.0
297 29.0
647 99.0
796 20.0
821 56.0
875 67.0
238 34.0
649 12.0
94 75.0
320 4.0
382 46.0
912 17.0
643 19.0
313 22.0
927 7.0
329 45.0
396 86.0
709 12.0
239 96.0
102 20.0
129 40.0
799 41.0
836 29.0
396 19.0
328 90.0
644 95.0
472 2.0
917 96.0
121 85.0
501 86.0
251 14.0
117 35.0
240 98.0
793 35.0
519 50.0
7 13.0
783 48.0
176 31.0
577 60.0
446 41.0
241 80.0
719 70.0
708 67.0
55 57.0
922 84.0
223 88.0
129 26.0
45 8.0
246 25.0
242 4.0
762 95.0
987 61.0
149 31.0
696 63.0
922 12.0
163 80.0
945 87.0
84 57.0
662 3.0
114 32.0
846 30.0
243 55.0
282 64.0
658 97.0
589 51.0
133 58.0
90 22.0
548 13.0
684 74.0
289 1.0
482 64.0
255 80.0
465 97.0
728 76.0
353 19.0
894 19.0
244 34.0
453 98.0
522 14.0
883 71.0
970 93.0
217 100.0
982 40.0
797 80.0
408 87.0
2 28.0
447 1.0
245 56.0
492 25.0
54 71.0
209 100.0
682 37.0
554 59.0
484 31.0
665 89.0
246 76.0
443 80.0
596 5.0
367 83.0
72 22.0
348 31.0
82 52.0
247 30.0
227 91.0
881 59.0
41 76.0
200 46.0
448 91.0
731 86.0
774 98.0
248 72.0
906 9.0
938 1.0
829 20.0
646 22.0
910 89.0
249 28.0
320 93.0
969 1.0
87 85.0
914 89.0
740 94.0
140 32.0
250 26.0
508 28.0
18 35.0
923 79.0
608 57.0
132 32.0
114 29.0
305 46.0
719 18.0
738 66.0
431 19.0
502 63.0
730 60.0
158 49.0
748 15.0
664 74.0
585 6.0
251 27.0
4 29.0
507 7.0
875 66.0
737 24.0
952 26.0
367 83.0
133 97.0
451 69.0
342 84.0
525 10.0
876 62.0
252 56.0
659 6.0
813 9.0
976 79.0
646 28.0
33 85.0
189 1.0
74 1.0
830 25.0
307 71.0
625 61.0
253 51.0
891 70.0
765 23.0
803 15.0
585 2.0
611 70.0
276 6.0
347 35.0
509 6.0
298 36.0
38 45.0
637 52.0
187 3.0
184 29.0
244 42.0
254 81.0
619 69.0
241 12.0
832 2.0
445 99.0
467 87.0
94 2.0
929 8.0
47 43.0
255 97.0
897 100.0
569 3.0
825 52.0
158 42.0
500 59.0
255 90.0
531 14.0
247 29.0
296 21.0
561 39.0
57 85.0
287 59.0
339 79.0
414 64.0
299 83.0
831 37.0
767 38.0
570 65.0
256 7.0
418 85.0
565 10.0
391 55.0
26 67.0
61 35.0
834 24.0
641 59.0
933 73.0
57 4.0
992 37.0
619 51.0
215 96.0
788 55.0
49 84.0
257 1.0
928 61.0
200 9.0
530 78.0
829 34.0
45 89.0
845 42.0
673 54.0
568 76.0
645 32.0
334 66.0
746 74.0
258 42.0
385 36.0
322 34.0
753 60.0
849 14.0
597 3.0
186 40.0
657 44.0
682 32.0
518 89.0
288 50.0
815 95.0
497 60.0
380 81.0
259 38.0
741 68.0
526 30.0
324 68.0
137 93.0
767 95.0
670 72.0
793 72.0
888 93.0
260 14.0
853 46.0
753 11.0
915 48.0
797 55.0
633 44.0
975 7.0
503 25.0
723 32.0
564 33.0
664 88.0
179 9.0
833 15.0
261 32.0
883 48.0
174 50.0
562 80.0
435 99.0
18 20.0
697 24.0
811 49.0
407 45.0
262 42.0
7 20.0
767 45.0
432 79.0
508 87.0
521 88.0
835 84.0
648 22.0
263 24.0
851 77.0
941 69.0
226 62.0
187 84.0
815 67.0
638 77.0
21 77.0
665 19.0
685 29.0
42 41.0
616 75.0
863 80.0
264 11.0
348 2.0
523 26.0
304 96.0
997 3.0
805 73.0
225 29.0
923 72.0
265 20.0
121 96.0
812 76.0
50 90.0
482 64.0
972 59.0
525 67.0
84 6.0
809 48.0
781 65.0
232 90.0
117 8.0
527 57.0
875 92.0
756 70.0
899 73.0
266 11.0
13 74.0
57 60.0
374 48.0
528 62.0
964 49.0
621 60.0
756 24.0
773 16.0
774 14.0
114 83.0
82 72.0
556 73.0
633 9.0
950 56.0
267 57.0
175 99.0
144 27.0
287 44.0
710 42.0
879 61.0
30 45.0
698 78.0
174 98.0
32 98.0
958 91.0
592 32.0
268 21.0
340 88.0
685 22.0
143 27.0
996 69.0
803 48.0
404 38.0
646 42.0
212 2.0
49 12.0
77 35.0
269 71.0
634 74.0
349 84.0
236 83.0
612 54.0
19 14.0
957 5.0
255 32.0
496 24.0
270 35.0
915 93.0
264 100.0
111 21.0
989 69.0
308 33.0
187 33.0
642 83.0
686 63.0
446 36.0
488 13.0
271 17.0
254 49.0
29 47.0
116 64.0
315 100.0
38 71.0
812 13.0
740 77.0
443 64.0
160 2.0
653 48.0
272 25.0
201 58.0
541 60.0
162 36.0
699 78.0
225 80.0
629 5.0
665 13.0
613 29.0
534 64.0
322 57.0
273 52.0
836 13.0
15 96.0
181 100.0
166 10.0
791 39.0
8 64.0
691 4.0
530 39.0
300 49.0
274 42.0
500 14.0
250 8.0
536 20.0
455 72.0
42 97.0
463 59.0
624 80.0
458 37.0
341 34.0
280 20.0
4 22.0
93 24.0
817 6.0
275 10.0
907 88.0
191 57.0
957 25.0
916 23.0
399 1.0
240 89.0
518 56.0
108 100.0
276 37.0
594 76.0
105 97.0
925 63.0
476 28.0
215 16.0
245 78.0
855 46.0
766 17.0
338 1.0
681 20.0
928 5.0
277 60.0
268 58.0
210 73.0
71 94.0
532 93.0
8 98.0
810 56.0
146 81.0
92 77.0
278 91.0
46 98.0
222 4.0
167 79.0
262 58.0
464 82.0
667 46.0
358 25.0
661 12.0
264 89.0
212 58.0
279 51.0
255 87.0
434 69.0
310 83.0
687 42.0
59 51.0
90 61.0
526 98.0
547 85.0
328 75.0
280 88.0
441 45.0
226 16.0
674 45.0
4 49.0
402 36.0
569 40.0
228 2.0
80 72.0
281 26.0
494 22.0
584 9.0
409 26.0
618 53.0
463 84.0
512 93.0
848 40.0
774 67.0
853 84.0
998 21.0
282 81.0
735 79.0
455 86.0
260 36.0
213 5.0
622 78.0
380 72.0
618 37.0
283 63.0
51 62.0
532 55.0
564 12.0
2 28.0
353 7.0
277 5.0
263 49.0
452 9.0
98 29.0
531 43.0
431 71.0
284 53.0
239 34.0
885 28.0
923 74.0
382 100.0
806 45.0
999 43.0
85 88.0
728 53.0
181 63.0
917 3.0
68 10.0
909 7.0
180 74.0
285 93.0
756 97.0
509 25.0
691 86.0
271 8.0
264 24.0
435 57.0
286 41.0
666 29.0
268 66.0
287 27.0
98 78.0
22 75.0
694 51.0
226 77.0
623 21.0
732 50.0
250 11.0
175 28.0
428 37.0
531 97.0
282 19.0
516 49.0
150 9.0
979 67.0
351 97.0
863 40.0
854 85.0
288 23.0
667 84.0
587 16.0
508 86.0
821 81.0
727 82.0
917 95.0
846 95.0
686 79.0
862 84.0
289 49.0
562 79.0
517 10.0
419 72.0
726 100.0
991 97.0
529 40.0
924 34.0
1 78.0
805 60.0
335 41.0
556 10.0
290 80.0
541 72.0
275 88.0
786 46.0
829 28.0
549 52.0
291 79.0
636 59.0
403 26.0
683 7.0
363 39.0
386 21.0
715 47.0
951 37.0
699 20.0
288 94.0
668 65.0
292 95.0
105 71.0
368 55.0
168 36.0
599 64.0
772 32.0
307 42.0
65 12.0
293 4.0
614 35.0
591 37.0
484 51.0
42 70.0
163 23.0
17 68.0
294 63.0
115 55.0
423 40.0
166 65.0
944 55.0
695 61.0
116 45.0
734 3.0
538 33.0
597 77.0
295 85.0
806 65.0
592 29.0
612 9.0
198 18.0
145 1.0
714 93.0
393 79.0
353 89.0
42 2.0
181 99.0
538 93.0
201 94.0
684 48.0
296 80.0
653 91.0
101 85.0
299 97.0
217 67.0
861 6.0
633 62.0
239 2.0
103 24.0
519 60.0
707 34.0
390 99.0
297 3.0
539 14.0
861 81.0
103 8.0
71 69.0
544 46.0
263 81.0
623 69.0
335 28.0
971 59.0
298 77.0
565 44.0
244 44.0
71 75.0
620 36.0
80 1.0
31 64.0
525 89.0
468 61.0
30 10.0
311 36.0
125 56.0
423 64.0
264 87.0
299 94.0
373 30.0
464 70.0
286 84.0
287 50.0
424 81.0
680 3.0
880 28.0
381 22.0
801 87.0
99 70.0
406 70.0
300 37.0
83 31.0
455 82.0
666 99.0
325 53.0
565 7.0
706 18.0
95 36.0
373 18.0
443 29.0
984 15.0
160 71.0
496 81.0
717 60.0
375 99.0
243 52.0
832 23.0
286 24.0
301 90.0
58 76.0
574 89.0
637 11.0
505 44.0
982 79.0
821 25.0
302 13.0
202 15.0
764 23.0
78 42.0
66 96.0
952 75.0
115 12.0
711 48.0
365 47.0
814 80.0
586 32.0
976 54.0
932 56.0
921 62.0
438 37.0
364 28.0
389 35.0
630 3.0
303 29.0
570 27.0
214 6.0
946 73.0
546 58.0
848 77.0
958 17.0
970 35.0
247 83.0
389 34.0
51 97.0
576 45.0
361 83.0
801 88.0
304 67.0
606 37.0
704 14.0
750 96.0
701 25.0
899 99.0
728 10.0
86 32.0
305 57.0
438 52.0
266 32.0
676 95.0
183 37.0
555 88.0
243 20.0
809 88.0
72 15.0
306 24.0
495 45.0
892 9.0
37 4.0
789 35.0
102 55.0
898 96.0
732 82.0
853 32.0
295 78.0
575 51.0
307 91.0
261 100.0
820 15.0
183 5.0
586 13.0
65 72.0
545 25.0
329 45.0
168 39.0
999 41.0
673 78.0
308 61.0
162 98.0
640 100.0
917 60.0
837 67.0
601 56.0
309 66.0
865 51.0
434 49.0
323 70.0
306 61.0
38 25.0
962 92.0
597 99.0
131 16.0
310 17.0
692 91.0
512 21.0
350 52.0
402 50.0
437 17.0
33 20.0
774 89.0
727 34.0
85 14.0
639 60.0
246 52.0
311 79.0
770 69.0
697 16.0
998 6.0
677 24.0
98 46.0
678 67.0
169 65.0
560 74.0
890 6.0
100 72.0
742 77.0
707 41.0
453 78.0
497 89.0
657 93.0
782 98.0
312 61.0
96 61.0
362 26.0
389 4.0
714 8.0
947 14.0
112 8.0
313 97.0
597 8.0
920 55.0
988 28.0
825 80.0
976 62.0
157 5.0
589 3.0
407 62.0
935 69.0
437 36.0
314 43.0
80 50.0
135 11.0
797 58.0
869 15.0
935 74.0
581 35.0
556 34.0
315 77.0
309 57.0
665 25.0
630 28.0
357 46.0
172 53.0
573 4.0
952 64.0
316 56.0
447 100.0
16 76.0
89 46.0
777 49.0
109 60.0
228 46.0
534 65.0
615 46.0
591 59.0
982 72.0
532 59.0
317 40.0
167 87.0
702 53.0
285 81.0
69 90.0
71 85.0
199 44.0
698 24.0
533 13.0
425 94.0
283 79.0
386 38.0
746 95.0
301 39.0
318 53.0
459 22.0
134 91.0
401 94.0
881 57.0
92 20.0
530 53.0
952 76.0
662 55.0
567 62.0
319 92.0
262 68.0
8 46.0
924 55.0
328 39.0
858 81.0
714 20.0
175 31.0
52 86.0
180 91.0
320 31.0
679 74.0
842 68.0
154 22.0
415 55.0
378 21.0
524 10.0
149 45.0
351 29.0
321 78.0
488 61.0
459 57.0
893 74.0
852 93.0
979 6.0
73 8.0
349 70.0
236 28.0
322 38.0
1 66.0
665 45.0
188 40.0
432 8.0
827 31.0
805 34.0
715 48.0
493 41.0
854 46.0
5 10.0
492 5.0
70 20.0
948 8.0
753 30.0
323 61.0
118 21.0
105 11.0
949 71.0
445 69.0
971 85.0
127 1.0
352 24.0
158 59.0
5 50.0
218 10.0
324 38.0
395 19.0
135 65.0
573 2.0
842 45.0
224 73.0
158 59.0
887 44.0
134 54.0
468 9.0
734 91.0
325 85.0
681 61.0
853 24.0
241 27.0
458 60.0
221 6.0
326 2.0
478 14.0
251 2.0
268 98.0
915 85.0
926 44.0
906 98.0
752 73.0
327 33.0
188 77.0
252 61.0
4 4.0
65 26.0
285 6.0
507 31.0
364 5.0
328 84.0
186 55.0
934 35.0
892 32.0
842 77.0
293 61.0
345 90.0
702 60.0
797 45.0
359 86.0
329 54.0
671 11.0
670 54.0
856 16.0
562 51.0
193 52.0
330 56.0
702 17.0
902 26.0
459 6.0
156 69.0
363 44.0
478 95.0
979 73.0
174 25.0
193 20.0
271 67.0
331 55.0
460 97.0
494 34.0
273 26.0
315 68.0
993 26.0
759 63.0
108 77.0
332 91.0
537 83.0
554 61.0
486 18.0
217 77.0
787 31.0
920 60.0
980 97.0
865 51.0
333 62.0
163 86.0
22 18.0
588 28.0
227 93.0
561 70.0
610 20.0
458 27.0
415 89.0
464 55.0
552 40.0
334 5.0
108 66.0
6 44.0
773 63.0
324 13.0
941 3.0
609 90.0
335 62.0
653 56.0
855 42.0
748 6.0
434 34.0
257 28.0
502 35.0
346 97.0
57 64.0
42 8.0
73 79.0
931 27.0
924 83.0
429 43.0
336 91.0
399 83.0
577 22.0
16 4.0
965 45.0
861 50.0
794 29.0
177 73.0
887 21.0
280 44.0
659 2.0
337 37.0
926 35.0
213 59.0
56 2.0
994 98.0
289 67.0
764 7.0
939 4.0
714 32.0
243 3.0
338 2.0
250 59.0
541 49.0
831 57.0
523 18.0
440 81.0
150 33.0
345 31.0
303 13.0
473 49.0
339 88.0
157 71.0
273 87.0
592 9.0
454 37.0
979 65.0
254 88.0
693 89.0
359 87.0
340 14.0
12 96.0
228 49.0
292 10.0
839 35.0
72 4.0
136 17.0
338 51.0
445 53.0
976 10.0
78 54.0
914 90.0
323 45.0
701 6.0
763 36.0
341 15.0
715 3.0
342 91.0
767 28.0
109 63.0
637 4.0
525 94.0
409 47.0
342 72.0
990 61.0
727 21.0
344 61.0
340 51.0
377 54.0
380 17.0
389 100.0
693 12.0
315 1.0
601 61.0
236 31.0
343 95.0
484 74.0
718 70.0
925 59.0
924 87.0
372 85.0
65 29.0
779 23.0
606 50.0
233 53.0
344 10.0
276 89.0
609 18.0
714 81.0
533 26.0
632 34.0
656 81.0
390 60.0
685 37.0
242 48.0
7 92.0
201 6.0
727 30.0
978 65.0
345 6.0
364 63.0
292 55.0
689 31.0
356 3.0
299 45.0
993 7.0
392 62.0
414 15.0
789 3.0
992 88.0
939 90.0
479 12.0
842 7.0
492 82.0
828 83.0
346 71.0
975 38.0
456 43.0
397 39.0
574 58.0
230 30.0
711 84.0
302 32.0
632 7.0
206 63.0
788 5.0
507 27.0
702 23.0
738 99.0
495 14.0
347 87.0
837 34.0
875 86.0
374 11.0
955 58.0
160 16.0
654 45.0
238 61.0
813 98.0
605 43.0
496 74.0
163 41.0
478 37.0
348 20.0
652 28.0
775 3.0
699 63.0
866 82.0
653 18.0
41 95.0
81 41.0
407 99.0
542 49.0
946 82.0
349 89.0
805 90.0
574 21.0
931 91.0
845 54.0
637 58.0
2 90.0
980 81.0
235 97.0
350 24.0
510 20.0
999 3.0
547 58.0
896 18.0
558 63.0
903 95.0
79 18.0
70 49.0
428 52.0
351 74.0
265 51.0
961 80.0
436 14.0
762 2.0
551 53.0
629 99.0
352 18.0
446 94.0
196 34.0
532 45.0
761 28.0
838 47.0
846 46.0
318 95.0
40 19.0
353 70.0
296 9.0
104 99.0
887 32.0
696 18.0
71 88.0
612 10.0
422 36.0
354 37.0
123 70.0
885 50.0
686 31.0
313 59.0
955 32.0
382 85.0
388 52.0
371 18.0
411 35.0
117 9.0
95 87.0
355 26.0
900 90.0
954 1.0
299 44.0
997 76.0
523 37.0
54 74.0
394 46.0
194 74.0
38 22.0
727 75.0
356 12.0
402 98.0
460 62.0
540 84.0
281 2.0
782 64.0
144 25.0
554 86.0
973 65.0
511 98.0
650 25.0
193 2.0
384 6.0
359 77.0
112 43.0
357 84.0
708 44.0
347 1.0
469 47.0
84 3.0
630 75.0
171 40.0
24 87.0
358 29.0
764 43.0
503 23.0
595 11.0
482 78.0
27 50.0
374 11.0
284 88.0
871 94.0
411 4.0
861 28.0
359 31.0
12 90.0
172 31.0
270 52.0
723 23.0
93 7.0
55 81.0
569 78.0
519 18.0
545 93.0
360 62.0
762 82.0
627 44.0
138 57.0
647 65.0
77 76.0
397 59.0
52 53.0
361 44.0
477 30.0
382 53.0
904 15.0
786 88.0
7 35.0
717 26.0
441 98.0
319 98.0
704 49.0
373 75.0
454 30.0
136 48.0
929 7.0
362 5.0
981 12.0
795 51.0
920 66.0
564 95.0
392 16.0
993 31.0
346 42.0
146 51.0
992 92.0
359 83.0
363 89.0
913 7.0
563 67.0
889 27.0
259 80.0
373 95.0
280 92.0
836 21.0
976 97.0
334 76.0
170 59.0
952 86.0
224 64.0
651 14.0
77 33.0
931 93.0
142 19.0
112 98.0
454 80.0
880 38.0
364 53.0
849 67.0
148 33.0
675 55.0
898 73.0
914 20.0
877 63.0
783 28.0
620 99.0
380 25.0
109 50.0
365 2.0
909 37.0
72 73.0
479 97.0
541 61.0
242 29.0
415 59.0
372 52.0
894 47.0
271 7.0
767 36.0
13 67.0
366 47.0
880 33.0
137 14.0
730 42.0
734 35.0
312 53.0
775 7.0
84 55.0
604 77.0
854 59.0
583 73.0
769 93.0
410 75.0
162 41.0
367 65.0
206 97.0
123 59.0
677 47.0
13 73.0
179 83.0
708 5.0
456 75.0
690 69.0
371 25.0
368 74.0
110 46.0
704 86.0
529 27.0
880 31.0
572 7.0
62 10.0
179 71.0
369 23.0
111 52.0
974 96.0
416 82.0
504 32.0
633 73.0
244 45.0
937 13.0
834 35.0
689 46.0
22 5.0
323 21.0
423 74.0
123 61.0
251 37.0
370 74.0
265 40.0
573 1.0
322 26.0
543 46.0
562 74.0
185 73.0
463 83.0
735 38.0
406 93.0
673 27.0
371 38.0
102 76.0
804 58.0
753 99.0
1000 74.0
372 83.0
291 93.0
567 48.0
34 19.0
298 98.0
373 6.0
961 77.0
233 79.0
54 88.0
566 77.0
545 54.0
647 39.0
160 55.0
513 80.0
636 93.0
43 69.0
676 62.0
957 58.0
374 72.0
144 29.0
266 16.0
592 81.0
556 12.0
916 79.0
515 69.0
449 51.0
146 93.0
459 64.0
448 73.0
989 35.0
239 68.0
659 37.0
337 34.0
766 66.0
431 67.0
375 21.0
885 20.0
843 89.0
16 77.0
508 51.0
41 4.0
452 97.0
568 25.0
992 95.0
753 45.0
898 10.0
219 12.0
928 70.0
376 53.0
585 71.0
817 11.0
988 43.0
111 99.0
504 3.0
166 16.0
867 9.0
10 34.0
377 14.0
585 47.0
869 99.0
514 80.0
17 62.0
349 6.0
31 10.0
705 89.0
472 86.0
673 39.0
296 68.0
315 46.0
936 44.0
988 74.0
502 7.0
378 5.0
811 20.0
133 20.0
982 61.0
35 29.0
182 78.0
38 44.0
379 69.0
445 90.0
340 68.0
382 14.0
677 46.0
810 99.0
190 65.0
418 45.0
239 53.0
623 24.0
834 53.0
198 6.0
197 98.0
86 42.0
120 25.0
380 14.0
93 86.0
408 77.0
772 84.0
485 26.0
523 91.0
793 21.0
160 35.0
417 79.0
431 70.0
881 3.0
964 26.0
487 24.0
381 79.0
842 76.0
552 24.0
926 44.0
851 94.0
877 36.0
457 81.0
477 51.0
918 72.0
809 30.0
255 30.0
673 4.0
363 81.0
298 58.0
382 33.0
149 93.0
700 66.0
978 96.0
862 20.0
144 24.0
386 34.0
111 91.0
383 6.0
552 65.0
360 89.0
827 9.0
750 11.0
190 72.0
607 10.0
251 55.0
638 94.0
853 67.0
398 61.0
384 44.0
50 92.0
274 16.0
465 27.0
892 93.0
314 10.0
170 54.0
392 97.0
491 36.0
12 42.0
998 82.0
746 100.0
807 85.0
308 98.0
213 86.0
339 97.0
570 11.0
385 91.0
831 33.0
514 60.0
105 77.0
139 41.0
193 49.0
39 7.0
785 87.0
69 80.0
621 70.0
386 18.0
968 70.0
509 41.0
667 32.0
829 2.0
26 2.0
304 90.0
315 100.0
203 78.0
141 26.0
446 80.0
387 45.0
591 53.0
508 37.0
900 81.0
743 42.0
806 79.0
256 44.0
667 8.0
846 92.0
87 50.0
170 13.0
388 55.0
593 47.0
484 27.0
229 81.0
389 90.0
867 12.0
514 65.0
841 18.0
921 52.0
771 9.0
675 88.0
381 26.0
651 55.0
255 1.0
336 95.0
233 37.0
929 54.0
656 17.0
689 100.0
14 67.0
593 40.0
208 72.0
390 54.0
238 98.0
879 44.0
106 16.0
21 100.0
151 45.0
237 64.0
803 55.0
349 16.0
94 88.0
209 16.0
391 94.0
893 58.0
483 82.0
508 26.0
577 42.0
489 42.0
463 19.0
392 74.0
290 19.0
57 33.0
556 100.0
471 95.0
359 43.0
579 16.0
731 32.0
510 2.0
286 41.0
56 31.0
346 1.0
824 79.0
468 100.0
393 26.0
75 98.0
143 83.0
512 56.0
155 42.0
699 28.0
641 11.0
876 29.0
194 58.0
990 63.0
818 67.0
407 43.0
732 92.0
836 42.0
266 95.0
529 87.0
118 41.0
394 46.0
129 40.0
794 37.0
216 47.0
920 17.0
250 92.0
797 65.0
742 3.0
745 36.0
698 2.0
395 56.0
860 14.0
193 61.0
689 65.0
139 52.0
663 61.0
703 92.0
170 40.0
396 85.0
110 40.0
33 5.0
974 37.0
143 70.0
568 69.0
767 74.0
636 10.0
220 57.0
892 25.0
169 100.0
397 19.0
519 12.0
297 8.0
6 24.0
463 94.0
673 56.0
487 13.0
373 40.0
290 100.0
385 5.0
867 10.0
398 100.0
284 55.0
94 72.0
422 50.0
773 16.0
328 98.0
52 13.0
311 70.0
477 56.0
113 90.0
132 14.0
399 25.0
33 25.0
263 100.0
73 100.0
14 80.0
360 48.0
77 56.0
395 42.0
807 22.0
639 97.0
544 21.0
242 6.0
400 96.0
369 50.0
448 32.0
744 30.0
477 95.0
245 14.0
807 28.0
35 84.0
41 77.0
715 89.0
919 97.0
396 5.0
828 85.0
913 24.0
401 38.0
123 53.0
442 68.0
328 95.0
908 14.0
882 41.0
434 36.0
591 25.0
976 1.0
80 11.0
933 78.0
38 97.0
402 73.0
23 73.0
99 5.0
713 55.0
320 38.0
815 20.0
817 74.0
793 53.0
973 79.0
345 69.0
403 22.0
613 25.0
948 20.0
819 27.0
960 95.0
457 12.0
198 60.0
98 69.0
404 52.0
339 95.0
659 78.0
837 93.0
346 96.0
91 38.0
397 77.0
992 1.0
577 72.0
216 30.0
17 26.0
405 19.0
7 49.0
504 14.0
93 19.0
314 40.0
132 13.0
535 62.0
339 19.0
594 7.0
953 37.0
942 51.0
997 99.0
406 90.0
681 11.0
609 2.0
503 2.0
382 31.0
506 16.0
938 94.0
116 13.0
617 54.0
682 24.0
595 30.0
328 8.0
823 47.0
969 31.0
407 24.0
332 85.0
557 100.0
551 20.0
752 22.0
655 54.0
193 64.0
531 77.0
941 63.0
272 83.0
256 81.0
726 15.0
348 69.0
762 49.0
978 39.0
408 34.0
683 36.0
84 82.0
923 91.0
608 9.0
248 42.0
727 19.0
409 27.0
102 33.0
485 76.0
223 99.0
109 71.0
833 14.0
410 35.0
528 15.0
114 7.0
889 68.0
252 33.0
231 81.0
95 55.0
648 4.0
302 78.0
845 28.0
55 3.0
84 45.0
627 12.0
411 91.0
85 10.0
333 44.0
492 19.0
631 30.0
206 71.0
849 53.0
560 17.0
839 76.0
412 20.0
885 19.0
774 91.0
431 11.0
711 76.0
461 98.0
548 24.0
419 45.0
920 97.0
93 100.0
413 58.0
863 35.0
873 68.0
66 61.0
220 19.0
253 72.0
805 80.0
267 9.0
391 48.0
132 32.0
124 49.0
917 42.0
542 71.0
880 58.0
840 49.0
366 67.0
233 44.0
414 60.0
755 25.0
40 87.0
496 99.0
629 92.0
378 4.0
847 11.0
912 78.0
844 27.0
582 33.0
494 14.0
137 84.0
645 79.0
639 79.0
415 46.0
880 71.0
23 10.0
77 100.0
724 44.0
59 46.0
900 43.0
657 2.0
398 47.0
813 41.0
416 25.0
838 51.0
117 73.0
89 6.0
159 40.0
439 2.0
617 55.0
417 79.0
505 21.0
643 10.0
602 94.0
793 18.0
826 60.0
206 66.0
557 8.0
747 92.0
503 46.0
172 26.0
418 29.0
273 71.0
416 76.0
77 36.0
124 23.0
314 38.0
776 93.0
760 44.0
1000 18.0
945 24.0
613 6.0
537 42.0
104 29.0
660 83.0
419 77.0
846 2.0
651 73.0
798 54.0
622 46.0
415 55.0
566 79.0
395 29.0
234 20.0
420 16.0
104 8.0
336 47.0
404 88.0
486 36.0
681 98.0
389 60.0
103 77.0
421 96.0
409 100.0
904 30.0
893 43.0
819 35.0
429 32.0
275 20.0
597 63.0
637 96.0
809 27.0
422 35.0
37 11.0
263 55.0
777 25.0
859 93.0
423 3.0
934 8.0
115 98.0
936 77.0
546 9.0
487 15.0
230 45.0
965 13.0
382 11.0
270 85.0
493 90.0
756 86.0
774 9.0
395 43.0
980 71.0
518 95.0
725 45.0
81 97.0
424 2.0
489 87.0
825 39.0
283 35.0
592 42.0
256 53.0
300 31.0
583 98.0
86 12.0
813 55.0
425 32.0
377 11.0
843 83.0
966 91.0
95 47.0
300 66.0
791 99.0
281 25.0
61 69.0
120 62.0
426 71.0
354 16.0
946 31.0
494 95.0
578 85.0
875 68.0
849 49.0
465 75.0
391 43.0
931 45.0
427 4.0
242 59.0
727 18.0
601 48.0
574 47.0
535 17.0
990 61.0
428 41.0
871 86.0
565 70.0
480 11.0
310 14.0
935 42.0
267 68.0
413 86.0
841 85.0
223 18.0
429 53.0
586 73.0
824 76.0
812 42.0
894 73.0
448 100.0
878 47.0
681 94.0
274 38.0
897 11.0
672 4.0
423 81.0
430 98.0
73 85.0
439 27.0
224 93.0
890 53.0
254 15.0
169 51.0
885 6.0
380 11.0
344 47.0
653 99.0
70 71.0
431 51.0
841 9.0
998 94.0
303 82.0
854 73.0
685 73.0
443 21.0
530 71.0
33 98.0
887 11.0
880 65.0
915 51.0
602 4.0
235 76.0
44 52.0
432 70.0
496 83.0
556 32.0
710 64.0
336 28.0
667 72.0
922 68.0
266 23.0
151 27.0
364 44.0
360 7.0
226 41.0
875 35.0
722 10.0
716 43.0
435 80.0
775 2.0
433 67.0
79 65.0
539 82.0
698 49.0
434 72.0
249 60.0
397 34.0
239 24.0
366 33.0
795 21.0
682 20.0
452 88.0
663 89.0
435 73.0
407 62.0
164 60.0
808 55.0
997 20.0
466 89.0
581 85.0
608 76.0
512 37.0
624 61.0
516 45.0
436 48.0
574 100.0
115 73.0
772 79.0
595 18.0
805 91.0
533 99.0
18 61.0
892 71.0
632 69.0
898 14.0
192 19.0
437 56.0
983 65.0
842 67.0
226 71.0
507 70.0
506 8.0
837 9.0
802 8.0
132 28.0
438 34.0
339 98.0
949 73.0
846 23.0
935 37.0
286 3.0
449 19.0
336 49.0
850 65.0
221 29.0
439 8.0
720 30.0
348 62.0
404 57.0
230 3.0
131 13.0
136 79.0
161 24.0
41 56.0
440 74.0
833 22.0
297 27.0
791 58.0
288 22.0
534 17.0
537 27.0
508 74.0
411 74.0
148 31.0
848 94.0
441 99.0
744 51.0
733 77.0
904 6.0
747 77.0
243 8.0
719 70.0
659 92.0
155 17.0
403 6.0
442 64.0
913 55.0
964 71.0
311 58.0
698 48.0
905 58.0
454 63.0
27 18.0
963 85.0
281 81.0
113 49.0
158 37.0
721 33.0
895 25.0
217 33.0
212 95.0
443 67.0
106 93.0
4 53.0
236 5.0
732 71.0
516 13.0
361 84.0
336 50.0
450 89.0
424 93.0
444 70.0
727 33.0
577 97.0
928 61.0
243 74.0
218 56.0
292 67.0
353 34.0
886 14.0
445 55.0
748 26.0
212 63.0
380 98.0
997 78.0
69 93.0
611 95.0
974 64.0
210 92.0
98 43.0
545 39.0
906 53.0
446 18.0
638 72.0
583 59.0
479 24.0
193 26.0
199 71.0
618 14.0
226 81.0
857 63.0
402 11.0
107 97.0
180 61.0
966 100.0
447 42.0
306 42.0
488 76.0
539 84.0
663 97.0
825 48.0
995 31.0
292 37.0
448 59.0
987 30.0
347 81.0
619 34.0
495 92.0
542 21.0
839 81.0
579 11.0
149 49.0
856 33.0
820 56.0
324 70.0
449 26.0
1000 55.0
556 47.0
762 29.0
957 45.0
306 31.0
103 46.0
631 54.0
984 3.0
12 40.0
663 36.0
907 3.0
272 48.0
920 88.0
450 5.0
380 63.0
354 83.0
294 56.0
83 98.0
173 2.0
837 38.0
116 23.0
310 79.0
490 62.0
620 4.0
451 5.0
176 74.0
914 70.0
274 20.0
374 100.0
512 95.0
342 53.0
52 15.0
746 95.0
300 90.0
48 23.0
849 12.0
452 57.0
448 81.0
773 55.0
796 41.0
473 5.0
71 78.0
690 50.0
819 29.0
965 20.0
815 85.0
832 8.0
453 44.0
823 37.0
542 79.0
466 68.0
24 66.0
585 93.0
451 11.0
520 50.0
953 36.0
246 99.0
252 79.0
791 39.0
696 40.0
771 84.0
509 82.0
147 78.0
454 62.0
168 76.0
517 25.0
528 24.0
63 29.0
689 38.0
991 95.0
615 8.0
205 62.0
367 65.0
594 22.0
62 87.0
361 27.0
455 86.0
782 47.0
904 12.0
537 95.0
360 42.0
213 40.0
174 24.0
363 62.0
552 20.0
548 14.0
493 64.0
126 78.0
456 73.0
718 22.0
15 6.0
437 70.0
19 74.0
271 34.0
170 82.0
671 76.0
712 84.0
174 68.0
748 20.0
457 77.0
125 71.0
571 46.0
210 62.0
524 36.0
868 17.0
887 5.0
188 31.0
458 76.0
630 87.0
62 58.0
606 89.0
207 99.0
242 38.0
764 38.0
381 9.0
283 73.0
429 24.0
866 55.0
701 70.0
466 66.0
127 66.0
785 41.0
459 49.0
645 34.0
258 61.0
376 16.0
462 6.0
624 7.0
969 16.0
291 67.0
460 40.0
743 26.0
231 66.0
932 75.0
4 79.0
878 33.0
450 30.0
492 45.0
145 77.0
498 98.0
110 51.0
461 28.0
885 49.0
11 28.0
169 30.0
315 86.0
214 76.0
550 66.0
326 18.0
760 66.0
541 10.0
982 72.0
462 87.0
386 12.0
848 54.0
303 45.0
344 23.0
675 95.0
960 29.0
489 69.0
742 6.0
265 48.0
134 69.0
309 1.0
999 96.0
463 90.0
302 91.0
635 78.0
113 29.0
944 88.0
580 50.0
977 78.0
804 79.0
519 96.0
623 74.0
799 93.0
549 68.0
646 40.0
231 10.0
448 73.0
105 52.0
368 1.0
782 82.0
807 71.0
872 91.0
280 54.0
464 69.0
664 27.0
741 81.0
412 61.0
526 59.0
680 16.0
104 57.0
296 81.0
47 1.0
930 48.0
669 84.0
894 73.0
241 97.0
465 68.0
440 99.0
750 40.0
932 16.0
848 47.0
422 58.0
477 21.0
466 96.0
184 43.0
179 90.0
294 27.0
350 4.0
66 56.0
766 67.0
646 41.0
326 98.0
361 5.0
467 68.0
897 67.0
341 11.0
681 16.0
909 34.0
655 50.0
940 84.0
112 9.0
375 18.0
669 76.0
730 5.0
489 93.0
320 59.0
468 72.0
152 72.0
747 28.0
720 31.0
47 59.0
90 32.0
586 36.0
3 79.0
134 100.0
837 55.0
546 98.0
107 53.0
609 69.0
812 40.0
469 45.0
660 84.0
910 13.0
643 81.0
369 63.0
830 86.0
879 45.0
838 86.0
261 48.0
890 66.0
81 69.0
447 2.0
318 69.0
877 39.0
610 50.0
492 9.0
487 97.0
603 70.0
470 71.0
454 53.0
327 10.0
686 38.0
58 49.0
796 34.0
463 39.0
43 52.0
78 84.0
584 100.0
212 63.0
27 69.0
741 19.0
471 16.0
432 42.0
184 87.0
420 27.0
779 72.0
5 42.0
982 5.0
854 7.0
472 86.0
398 25.0
799 39.0
875 97.0
781 3.0
792 44.0
619 28.0
89 95.0
526 75.0
473 18.0
606 2.0
219 80.0
394 93.0
539 21.0
517 100.0
542 30.0
415 45.0
685 13.0
408 78.0
121 60.0
705 28.0
898 93.0
193 9.0
575 85.0
474 7.0
631 17.0
747 37.0
97 38.0
906 7.0
34 28.0
574 7.0
362 55.0
423 85.0
524 93.0
854 18.0
475 72.0
40 53.0
405 83.0
913 75.0
294 87.0
642 30.0
476 28.0
183 62.0
765 78.0
304 77.0
731 89.0
833 71.0
148 32.0
49 96.0
327 84.0
123 21.0
526 99.0
425 29.0
477 90.0
597 100.0
853 10.0
244 27.0
902 84.0
858 99.0
192 11.0
903 54.0
582 80.0
268 16.0
717 96.0
478 87.0
290 89.0
603 23.0
808 32.0
529 40.0
183 68.0
515 52.0
406 60.0
10 78.0
853 58.0
132 37.0
961 65.0
316 36.0
541 21.0
710 80.0
779 86.0
826 17.0
479 72.0
503 48.0
919 63.0
921 57.0
159 32.0
908 35.0
890 32.0
458 91.0
562 72.0
488 73.0
489 74.0
480 8.0
932 21.0
233 6.0
735 77.0
49 33.0
759 40.0
440 42.0
48 52.0
481 45.0
958 52.0
15 21.0
734 44.0
672 75.0
400 71.0
698 3.0
826 51.0
657 92.0
563 9.0
482 53.0
323 45.0
709 94.0
733 80.0
903 28.0
102 99.0
422 72.0
281 2.0
483 6.0
789 18.0
755 29.0
539 85.0
744 100.0
721 35.0
484 14.0
498 42.0
399 100.0
852 80.0
139 34.0
268 75.0
917 74.0
725 29.0
822 24.0
343 8.0
236 70.0
500 72.0
843 18.0
512 40.0
485 65.0
210 98.0
879 88.0
52 9.0
158 14.0
604 47.0
64 86.0
51 62.0
251 38.0
731 50.0
893 2.0
942 35.0
371 91.0
470 86.0
842 3.0
579 25.0
410 49.0
486 89.0
943 74.0
514 6.0
546 88.0
568 25.0
411 46.0
911 82.0
539 98.0
519 54.0
73 82.0
487 43.0
162 55.0
245 4.0
117 89.0
422 47.0
73 66.0
757 100.0
916 78.0
488 33.0
252 70.0
49 17.0
135 47.0
837 90.0
711 36.0
493 84.0
154 34.0
458 85.0
213 3.0
489 53.0
826 28.0
156 25.0
411 30.0
102 83.0
717 88.0
921 79.0
426 31.0
476 83.0
303 90.0
490 99.0
927 29.0
308 9.0
41 83.0
104 21.0
833 64.0
575 35.0
309 20.0
244 75.0
491 73.0
117 15.0
624 74.0
512 38.0
695 84.0
896 24.0
708 20.0
236 72.0
264 35.0
435 88.0
263 38.0
746 87.0
968 30.0
738 78.0
492 45.0
971 33.0
999 17.0
349 41.0
756 91.0
836 91.0
164 80.0
813 30.0
915 86.0
774 95.0
493 51.0
209 56.0
490 96.0
640 56.0
78 72.0
292 18.0
826 30.0
722 32.0
805 31.0
838 9.0
494 13.0
569 36.0
558 66.0
296 21.0
675 50.0
593 92.0
262 3.0
808 78.0
243 94.0
691 80.0
662 82.0
440 49.0
937 91.0
383 7.0
292 97.0
355 51.0
705 46.0
495 63.0
952 60.0
80 44.0
374 38.0
146 68.0
920 9.0
534 1.0
522 7.0
176 71.0
318 93.0
167 59.0
785 23.0
804 18.0
496 71.0
846 69.0
951 60.0
339 50.0
30 40.0
20 3.0
913 13.0
565 61.0
765 4.0
85 23.0
534 9.0
666 22.0
929 3.0
521 3.0
266 96.0
741 27.0
497 92.0
271 55.0
680 32.0
812 93.0
368 28.0
153 55.0
130 9.0
283 86.0
171 15.0
498 38.0
735 34.0
505 62.0
208 36.0
134 72.0
164 53.0
337 96.0
682 63.0
10 67.0
722 42.0
188 48.0
935 79.0
683 25.0
857 72.0
777 68.0
499 55.0
384 17.0
821 64.0
943 2.0
534 43.0
737 95.0
688 81.0
173 41.0
826 20.0
72 93.0
185 56.0
169 93.0
391 39.0
500 69.0
574 3.0
839 8.0
106 17.0
961 51.0
408 60.0
854 70.0
668 54.0
501 21.0
216 75.0
106 7.0
215 71.0
267 77.0
580 81.0
779 40.0
280 76.0
502 29.0
308 58.0
789 86.0
978 50.0
845 89.0
530 9.0
442 1.0
366 75.0
2 83.0
538 66.0
788 81.0
660 81.0
503 100.0
561 92.0
799 10.0
46 61.0
942 35.0
904 89.0
773 40.0
822 86.0
56 81.0
918 39.0
927 43.0
707 55.0
705 26.0
303 60.0
504 94.0
200 5.0
567 29.0
32 5.0
498 94.0
386 72.0
462 1.0
157 79.0
136 95.0
505 21.0
727 24.0
680 20.0
408 48.0
396 70.0
20 11.0
800 80.0
281 79.0
485 55.0
594 74.0
1 76.0
506 12.0
636 80.0
972 51.0
475 5.0
283 59.0
744 9.0
48 38.0
116 95.0
25 61.0
249 4.0
878 13.0
781 61.0
495 65.0
464 61.0
974 86.0
740 88.0
664 63.0
507 30.0
863 60.0
99 95.0
764 46.0
203 95.0
305 84.0
492 51.0
576 29.0
835 72.0
277 90.0
844 93.0
71 84.0
270 17.0
508 75.0
68 65.0
136 93.0
118 53.0
891 54.0
192 63.0
812 95.0
307 29.0
509 59.0
108 59.0
520 1.0
249 87.0
206 60.0
831 45.0
135 26.0
935 11.0
26 12.0
374 48.0
720 81.0
381 33.0
510 93.0
89 25.0
660 24.0
915 40.0
792 93.0
252 26.0
511 38.0
684 27.0
469 22.0
714 86.0
664 5.0
577 91.0
61 1.0
583 76.0
543 35.0
300 83.0
661 71.0
955 25.0
512 90.0
72 55.0
896 32.0
415 94.0
249 9.0
818 100.0
231 87.0
218 100.0
692 2.0
366 5.0
845 86.0
837 61.0
538 71.0
138 37.0
408 39.0
513 52.0
998 16.0
613 77.0
950 47.0
924 51.0
872 44.0
907 43.0
465 19.0
878 86.0
529 93.0
467 52.0
805 46.0
514 5.0
394 70.0
440 93.0
420 91.0
769 2.0
978 2.0
890 13.0
624 67.0
405 52.0
654 54.0
787 44.0
834 68.0
92 2.0
91 73.0
733 19.0
687 12.0
515 81.0
30 99.0
708 97.0
85 15.0
132 21.0
700 21.0
219 5.0
696 1.0
726 38.0
516 60.0
801 47.0
888 29.0
918 76.0
169 9.0
995 77.0
706 91.0
700 18.0
766 74.0
218 69.0
73 99.0
206 2.0
576 78.0
517 38.0
341 30.0
811 87.0
720 58.0
669 98.0
347 93.0
230 23.0
365 52.0
163 12.0
868 65.0
25 89.0
787 2.0
518 35.0
623 67.0
694 14.0
971 21.0
235 94.0
383 58.0
484 49.0
4 16.0
804 12.0
525 100.0
734 78.0
670 60.0
457 84.0
519 95.0
992 81.0
136 97.0
436 4.0
321 41.0
995 33.0
699 22.0
958 9.0
524 60.0
133 63.0
72 53.0
520 43.0
573 6.0
822 52.0
531 30.0
364 69.0
94 64.0
803 39.0
521 24.0
44 57.0
992 3.0
814 12.0
860 20.0
584 74.0
522 45.0
303 11.0
382 14.0
205 17.0
984 50.0
133 64.0
816 72.0
722 28.0
102 97.0
544 66.0
147 38.0
35 88.0
220 24.0
523 17.0
300 45.0
811 82.0
317 17.0
906 49.0
771 98.0
838 54.0
815 15.0
894 87.0
168 23.0
149 29.0
293 48.0
4 80.0
524 95.0
295 75.0
232 71.0
89 39.0
404 64.0
836 80.0
532 97.0
321 7.0
25 41.0
544 55.0
66 80.0
494 21.0
208 29.0
925 30.0
657 81.0
525 7.0
345 54.0
592 70.0
199 35.0
673 42.0
930 85.0
691 91.0
412 98.0
118 99.0
394 84.0
128 20.0
526 64.0
950 90.0
124 28.0
116 55.0
66 14.0
488 93.0
630 65.0
469 9.0
753 32.0
154 31.0
590 7.0
527 9.0
972 94.0
795 99.0
948 69.0
460 96.0
114 9.0
432 1.0
841 13.0
161 64.0
592 31.0
64 33.0
680 74.0
862 100.0
358 73.0
581 41.0
970 94.0
229 53.0
528 100.0
171 95.0
362 88.0
708 45.0
803 50.0
18 25.0
460 87.0
244 54.0
158 17.0
176 53.0
779 32.0
357 58.0
43 93.0
529 22.0
267 28.0
292 28.0
325 24.0
521 85.0
719 86.0
623 57.0
469 41.0
539 62.0
985 70.0
777 22.0
569 50.0
167 35.0
202 39.0
870 10.0
817 85.0
530 43.0
888 56.0
725 10.0
565 65.0
97 50.0
526 51.0
523 90.0
251 15.0
109 13.0
760 28.0
531 87.0
667 79.0
661 73.0
603 23.0
756 60.0
327 74.0
779 54.0
99 95.0
201 39.0
437 69.0
842 30.0
54 43.0
65 11.0
532 44.0
291 6.0
85 28.0
773 65.0
512 9.0
96 32.0
533 32.0
593 20.0
384 63.0
375 67.0
970 2.0
747 2.0
306 18.0
799 65.0
534 52.0
35 4.0
355 86.0
774 77.0
928 77.0
235 76.0
639 62.0
147 37.0
542 36.0
979 13.0
395 3.0
116 69.0
768 39.0
190 11.0
867 86.0
535 65.0
701 86.0
665 79.0
883 50.0
71 29.0
675 57.0
910 95.0
607 16.0
536 53.0
615 88.0
765 85.0
486 29.0
399 83.0
57 68.0
855 45.0
491 53.0
325 13.0
537 29.0
496 90.0
999 92.0
164 72.0
654 78.0
729 61.0
51 63.0
91 52.0
734 12.0
652 37.0
912 39.0
585 98.0
538 27.0
823 6.0
806 47.0
383 36.0
164 8.0
746 70.0
222 7.0
900 57.0
172 79.0
326 15.0
539 11.0
429 48.0
459 23.0
329 88.0
80 42.0
116 16.0
121 65.0
472 34.0
540 82.0
675 80.0
518 98.0
750 53.0
781 29.0
946 88.0
67 51.0
541 51.0
212 79.0
610 14.0
486 96.0
61 45.0
515 85.0
167 91.0
818 54.0
542 50.0
611 42.0
909 15.0
643 20.0
707 38.0
145 68.0
51 68.0
446 63.0
864 5.0
576 82.0
543 79.0
901 96.0
209 65.0
937 58.0
989 100.0
308 28.0
418 24.0
40 67.0
544 25.0
267 27.0
376 86.0
745 99.0
262 65.0
945 4.0
663 62.0
145 15.0
130 73.0
405 5.0
2 36.0
1000 1.0
985 51.0
28 91.0
545 12.0
679 56.0
37 93.0
304 89.0
293 65.0
563 96.0
934 47.0
726 91.0
395 95.0
298 59.0
54 31.0
213 43.0
890 61.0
142 56.0
352 48.0
786 3.0
862 42.0
546 65.0
654 38.0
491 93.0
979 10.0
630 18.0
609 62.0
155 18.0
248 98.0
114 88.0
725 56.0
340 16.0
456 55.0
536 52.0
522 23.0
516 64.0
186 23.0
362 86.0
72 78.0
781 63.0
126 72.0
916 79.0
39 97.0
495 70.0
547 51.0
443 36.0
334 93.0
327 63.0
53 73.0
480 45.0
787 47.0
392 26.0
344 33.0
548 29.0
368 49.0
500 39.0
459 71.0
841 13.0
66 24.0
6 86.0
989 90.0
352 90.0
154 38.0
579 80.0
443 23.0
709 50.0
560 55.0
807 43.0
549 6.0
351 65.0
965 16.0
282 2.0
734 7.0
50 4.0
201 65.0
200 65.0
458 30.0
13 78.0
550 26.0
142 9.0
501 9.0
48 21.0
799 4.0
551 61.0
373 69.0
468 60.0
684 63.0
649 26.0
8 45.0
873 47.0
974 27.0
264 78.0
951 34.0
552 41.0
285 85.0
760 25.0
237 69.0
737 91.0
45 51.0
776 29.0
987 50.0
215 16.0
625 30.0
553 52.0
268 59.0
443 95.0
165 67.0
119 27.0
195 64.0
976 79.0
831 16.0
388 36.0
383 33.0
185 24.0
936 79.0
554 68.0
722 78.0
179 26.0
468 81.0
550 54.0
914 92.0
132 55.0
458 51.0
241 50.0
15 13.0
87 95.0
26 87.0
555 98.0
907 22.0
96 81.0
24 8.0
556 77.0
344 16.0
347 83.0
144 33.0
317 91.0
968 73.0
72 66.0
406 69.0
41 80.0
557 9.0
157 72.0
874 93.0
969 84.0
476 35.0
460 41.0
77 82.0
318 79.0
388 2.0
972 2.0
392 87.0
558 46.0
711 7.0
918 24.0
788 88.0
404 2.0
792 100.0
559 2.0
693 54.0
630 46.0
270 35.0
737 69.0
874 3.0
434 69.0
334 2.0
616 73.0
560 15.0
663 20.0
29 72.0
680 91.0
270 49.0
331 48.0
389 62.0
71 19.0
561 29.0
756 100.0
68 31.0
539 36.0
237 13.0
825 10.0
882 57.0
361 5.0
753 66.0
311 57.0
736 12.0
562 14.0
8 71.0
238 54.0
494 71.0
765 24.0
627 27.0
565 2.0
771 100.0
563 22.0
215 22.0
400 64.0
590 86.0
742 81.0
569 66.0
161 27.0
43 89.0
377 80.0
273 46.0
564 64.0
76 48.0
485 35.0
293 49.0
164 80.0
565 88.0
771 73.0
769 93.0
317 98.0
585 37.0
845 81.0
566 48.0
783 54.0
371 92.0
466 79.0
538 14.0
511 76.0
256 85.0
458 53.0
381 14.0
236 56.0
567 82.0
501 11.0
680 30.0
559 71.0
149 85.0
847 88.0
479 80.0
731 43.0
192 25.0
568 53.0
85 94.0
497 32.0
578 65.0
785 76.0
644 93.0
890 87.0
564 57.0
776 4.0
569 69.0
659 66.0
108 49.0
305 12.0
540 12.0
76 44.0
348 20.0
236 81.0
721 52.0
886 6.0
648 78.0
570 69.0
598 91.0
695 50.0
9 44.0
576 15.0
125 25.0
913 41.0
450 66.0
95 84.0
981 12.0
961 27.0
707 6.0
737 46.0
41 24.0
571 69.0
184 64.0
818 15.0
36 100.0
206 18.0
235 20.0
712 18.0
760 74.0
632 78.0
1 78.0
831 98.0
572 59.0
168 22.0
878 94.0
304 30.0
359 20.0
750 58.0
382 82.0
208 6.0
735 35.0
551 63.0
573 22.0
630 59.0
384 43.0
312 34.0
265 98.0
798 52.0
865 85.0
411 64.0
18 59.0
574 1.0
892 27.0
543 14.0
439 17.0
64 50.0
839 52.0
749 86.0
28 23.0
378 95.0
575 10.0
39 4.0
351 51.0
284 70.0
275 97.0
172 4.0
985 81.0
108 72.0
989 8.0
914 39.0
576 23.0
687 11.0
455 1.0
577 48.0
736 8.0
706 89.0
220 87.0
124 4.0
230 5.0
129 78.0
490 75.0
197 31.0
633 38.0
487 35.0
578 36.0
545 74.0
573 56.0
854 49.0
714 81.0
623 47.0
519 75.0
600 95.0
993 87.0
579 16.0
895 76.0
513 50.0
928 46.0
276 48.0
473 47.0
537 78.0
609 85.0
228 56.0
729 76.0
187 73.0
860 53.0
580 58.0
30 41.0
761 94.0
243 40.0
314 68.0
447 71.0
203 98.0
676 13.0
316 17.0
415 89.0
539 75.0
763 38.0
274 37.0
581 29.0
618 24.0
114 47.0
383 15.0
304 38.0
978 52.0
139 66.0
703 65.0
464 2.0
891 38.0
405 52.0
687 42.0
31 61.0
582 23.0
7 2.0
781 4.0
76 4.0
613 93.0
345 94.0
826 34.0
74 3.0
945 86.0
35 85.0
711 46.0
361 44.0
118 69.0
920 36.0
320 83.0
583 1.0
403 3.0
310 90.0
503 90.0
653 99.0
632 10.0
499 75.0
295 6.0
584 34.0
449 29.0
73 3.0
639 93.0
217 77.0
500 50.0
638 98.0
403 95.0
133 83.0
962 77.0
625 8.0
102 94.0
585 71.0
386 34.0
739 67.0
145 85.0
444 88.0
50 62.0
269 3.0
539 53.0
241 60.0
427 44.0
233 73.0
883 12.0
586 72.0
432 3.0
310 99.0
777 35.0
559 5.0
798 15.0
391 6.0
204 27.0
540 94.0
353 56.0
587 75.0
625 32.0
800 26.0
338 11.0
24 48.0
871 81.0
72 40.0
473 86.0
518 85.0
647 8.0
341 6.0
195 32.0
468 52.0
354 15.0
639 91.0
99 87.0
214 17.0
373 94.0
588 62.0
601 66.0
187 32.0
147 92.0
188 19.0
991 31.0
589 83.0
130 21.0
880 9.0
397 63.0
250 86.0
636 21.0
235 55.0
590 54.0
625 8.0
636 96.0
766 89.0
280 40.0
800 66.0
533 24.0
22 68.0
365 87.0
831 79.0
380 99.0
591 65.0
671 30.0
100 63.0
814 49.0
265 28.0
809 8.0
302 79.0
592 63.0
384 84.0
816 17.0
205 37.0
648 66.0
119 100.0
291 32.0
423 12.0
280 64.0
550 8.0
593 94.0
828 33.0
955 28.0
59 90.0
995 99.0
288 69.0
699 2.0
864 46.0
538 80.0
339 62.0
594 51.0
884 75.0
491 14.0
818 90.0
618 25.0
437 30.0
717 49.0
170 41.0
145 74.0
394 65.0
595 30.0
546 49.0
505 25.0
663 36.0
837 73.0
517 2.0
288 18.0
330 64.0
469 92.0
955 99.0
542 77.0
990 58.0
934 43.0
596 88.0
704 39.0
904 27.0
356 56.0
195 11.0
85 5.0
231 73.0
196 36.0
185 24.0
540 56.0
535 74.0
526 9.0
175 51.0
167 82.0
597 17.0
413 80.0
267 17.0
1000 46.0
996 63.0
28 76.0
447 92.0
674 4.0
288 25.0
731 70.0
657 10.0
598 17.0
237 47.0
86 63.0
102 9.0
333 16.0
132 4.0
777 37.0
88 94.0
880 61.0
911 88.0
566 75.0
599 77.0
657 8.0
799 15.0
439 22.0
162 77.0
997 95.0
446 32.0
12 81.0
63 66.0
81 58.0
600 51.0
645 82.0
374 74.0
773 50.0
529 21.0
713 67.0
382 46.0
171 39.0
601 8.0
425 84.0
708 56.0
71 49.0
733 96.0
171 81.0
759 30.0
448 61.0
712 98.0
433 35.0
177 99.0
725 8.0
12 15.0
556 64.0
815 18.0
854 7.0
602 93.0
324 96.0
914 23.0
117 83.0
727 29.0
752 95.0
384 7.0
520 31.0
290 58.0
720 23.0
997 98.0
391 89.0
645 3.0
114 83.0
603 18.0
342 2.0
624 61.0
996 81.0
196 30.0
618 33.0
444 1.0
639 95.0
542 65.0
786 14.0
858 86.0
331 56.0
182 11.0
604 69.0
871 54.0
496 87.0
436 45.0
442 55.0
477 49.0
532 56.0
242 82.0
867 65.0
644 88.0
135 64.0
605 83.0
57 22.0
682 38.0
617 2.0
965 50.0
115 41.0
370 79.0
299 85.0
951 63.0
616 97.0
841 27.0
742 95.0
339 10.0
8 95.0
606 55.0
334 7.0
116 75.0
73 45.0
15 7.0
635 97.0
936 86.0
860 8.0
383 61.0
575 50.0
607 13.0
126 47.0
569 56.0
378 17.0
409 17.0
137 42.0
169 88.0
608 40.0
914 83.0
670 69.0
315 35.0
532 38.0
662 25.0
132 61.0
235 86.0
802 10.0
56 1.0
416 25.0
456 23.0
609 86.0
446 87.0
484 76.0
305 85.0
371 82.0
133 57.0
925 2.0
217 13.0
652 3.0
610 34.0
321 88.0
537 23.0
692 66.0
175 42.0
664 49.0
682 28.0
239 81.0
297 45.0
611 58.0
347 99.0
493 82.0
196 62.0
86 12.0
342 57.0
256 76.0
496 66.0
678 84.0
910 45.0
400 74.0
173 5.0
272 99.0
872 23.0
612 76.0
772 40.0
610 84.0
649 82.0
166 65.0
489 42.0
47 50.0
511 11.0
222 90.0
211 73.0
613 39.0
939 87.0
729 30.0
311 19.0
408 91.0
200 55.0
856 60.0
51 89.0
96 84.0
77 56.0
840 71.0
614 34.0
762 92.0
860 74.0
310 56.0
861 24.0
325 94.0
403 83.0
46 81.0
904 49.0
892 97.0
342 21.0
967 48.0
615 23.0
525 95.0
355 48.0
400 15.0
59 37.0
100 67.0
430 75.0
673 42.0
39 62.0
128 26.0
213 23.0
616 95.0
724 66.0
601 75.0
404 85.0
265 6.0
24 60.0
617 47.0
629 89.0
249 86.0
9 86.0
143 54.0
17 14.0
119 47.0
715 37.0
618 28.0
539 82.0
379 82.0
476 32.0
667 93.0
5 42.0
284 60.0
426 80.0
134 17.0
619 94.0
754 86.0
717 80.0
32 14.0
370 58.0
437 58.0
334 72.0
954 13.0
755 88.0
420 36.0
877 55.0
714 18.0
620 77.0
831 12.0
437 46.0
646 37.0
23 7.0
640 36.0
825 7.0
33 19.0
863 67.0
334 37.0
108 16.0
815 30.0
621 6.0
831 66.0
590 79.0
692 30.0
1 36.0
855 8.0
19 44.0
105 52.0
677 69.0
715 33.0
779 88.0
146 34.0
613 99.0
962 85.0
13 5.0
791 62.0
24 51.0
622 91.0
751 89.0
987 13.0
493 60.0
673 68.0
550 41.0
665 4.0
623 82.0
801 11.0
357 9.0
523 12.0
402 66.0
236 87.0
400 57.0
154 33.0
471 71.0
326 96.0
291 90.0
843 68.0
562 26.0
631 75.0
303 23.0
810 3.0
365 86.0
624 32.0
824 39.0
577 35.0
345 24.0
877 11.0
458 9.0
122 98.0
552 94.0
8 87.0
98 2.0
833 78.0
43 72.0
557 85.0
939 46.0
625 63.0
62 55.0
997 51.0
356 57.0
477 46.0
998 16.0
279 6.0
283 55.0
937 96.0
665 46.0
626 100.0
788 11.0
691 97.0
272 30.0
862 20.0
234 7.0
333 64.0
384 74.0
223 25.0
577 64.0
803 63.0
627 45.0
933 66.0
371 85.0
502 23.0
705 78.0
418 92.0
937 15.0
819 94.0
505 58.0
628 87.0
574 38.0
742 40.0
353 45.0
544 51.0
185 89.0
410 18.0
898 78.0
878 81.0
556 28.0
762 77.0
629 64.0
430 55.0
486 80.0
895 47.0
945 80.0
950 16.0
242 20.0
344 15.0
908 95.0
335 62.0
739 27.0
229 57.0
630 49.0
500 4.0
298 8.0
354 53.0
384 65.0
667 45.0
754 58.0
187 94.0
103 67.0
912 83.0
111 39.0
329 76.0
124 96.0
226 93.0
631 72.0
837 86.0
492 92.0
811 75.0
302 38.0
282 31.0
294 87.0
70 91.0
573 44.0
798 55.0
810 59.0
632 99.0
567 83.0
601 90.0
998 53.0
380 92.0
270 3.0
272 68.0
899 60.0
480 66.0
586 40.0
952 60.0
106 97.0
165 74.0
633 61.0
184 54.0
284 76.0
728 99.0
409 36.0
794 20.0
662 44.0
266 16.0
152 11.0
456 11.0
536 34.0
736 84.0
839 40.0
634 72.0
641 54.0
950 51.0
34 83.0
733 76.0
727 83.0
14 79.0
452 34.0
508 62.0
787 76.0
35 21.0
102 27.0
635 10.0
164 14.0
650 79.0
139 46.0
829 92.0
191 32.0
144 1.0
54 5.0
827 1.0
853 62.0
656 99.0
25 65.0
636 48.0
952 72.0
997 56.0
955 54.0
27 3.0
771 40.0
569 8.0
449 55.0
43 49.0
366 100.0
947 53.0
389 68.0
353 95.0
15 10.0
637 6.0
541 26.0
123 28.0
716 96.0
80 53.0
627 2.0
154 16.0
112 74.0
132 97.0
247 60.0
970 54.0
707 94.0
653 22.0
121 42.0
638 67.0
241 99.0
888 45.0
896 84.0
770 88.0
722 25.0
589 39.0
544 39.0
738 34.0
708 24.0
950 17.0
639 100.0
890 61.0
447 39.0
885 21.0
175 26.0
606 83.0
908 49.0
27 19.0
281 66.0
249 7.0
557 50.0
194 94.0
640 75.0
540 51.0
743 85.0
954 42.0
873 75.0
101 80.0
656 61.0
309 73.0
701 14.0
635 48.0
119 94.0
999 16.0
741 31.0
376 51.0
641 37.0
948 8.0
513 98.0
642 66.0
441 92.0
741 18.0
760 16.0
182 74.0
16 22.0
80 15.0
443 91.0
726 83.0
813 30.0
463 86.0
740 67.0
787 17.0
643 18.0
822 79.0
512 66.0
245 53.0
258 36.0
364 32.0
690 6.0
108 33.0
644 94.0
712 18.0
575 76.0
131 75.0
620 30.0
252 62.0
791 17.0
645 32.0
127 13.0
775 70.0
681 75.0
845 95.0
11 10.0
396 14.0
499 84.0
581 61.0
646 28.0
653 97.0
107 59.0
641 79.0
236 40.0
413 53.0
655 94.0
469 27.0
590 73.0
877 28.0
600 26.0
990 12.0
647 3.0
3 58.0
859 73.0
407 11.0
842 20.0
872 76.0
717 50.0
418 70.0
446 5.0
152 48.0
752 13.0
356 98.0
648 32.0
400 38.0
945 35.0
640 45.0
537 19.0
280 2.0
177 37.0
628 40.0
762 16.0
649 29.0
852 12.0
476 84.0
696 62.0
475 32.0
670 40.0
358 4.0
71 35.0
169 23.0
366 17.0
695 45.0
911 25.0
650 40.0
443 78.0
919 20.0
730 94.0
166 46.0
957 69.0
307 22.0
138 99.0
904 64.0
155 55.0
304 86.0
651 21.0
319 47.0
504 11.0
578 66.0
776 86.0
788 2.0
715 1.0
99 89.0
214 67.0
338 28.0
652 31.0
861 52.0
953 62.0
362 19.0
332 71.0
703 57.0
692 5.0
716 3.0
784 29.0
250 74.0
263 93.0
697 24.0
653 46.0
403 20.0
673 7.0
879 81.0
808 65.0
943 35.0
293 30.0
52 34.0
864 65.0
978 28.0
654 5.0
968 13.0
367 32.0
613 43.0
735 78.0
586 65.0
655 32.0
394 42.0
725 67.0
969 48.0
530 12.0
985 59.0
652 61.0
610 64.0
524 82.0
656 53.0
638 27.0
297 31.0
612 94.0
650 75.0
466 92.0
20 6.0
105 66.0
130 20.0
509 4.0
165 1.0
194 58.0
657 40.0
978 94.0
987 36.0
489 74.0
940 46.0
502 17.0
285 81.0
519 18.0
879 31.0
38 29.0
518 83.0
330 47.0
658 23.0
116 74.0
894 81.0
213 23.0
178 76.0
99 12.0
453 84.0
68 17.0
9 36.0
197 91.0
151 97.0
370 71.0
102 82.0
539 51.0
281 49.0
659 50.0
155 90.0
76 74.0
271 26.0
998 56.0
231 49.0
573 89.0
217 9.0
439 99.0
257 40.0
500 84.0
48 74.0
362 39.0
930 21.0
810 20.0
275 81.0
970 11.0
191 94.0
229 18.0
379 72.0
660 97.0
167 61.0
461 97.0
819 28.0
996 65.0
657 31.0
18 34.0
553 22.0
341 58.0
903 55.0
711 61.0
144 20.0
324 14.0
943 20.0
476 37.0
304 53.0
661 16.0
350 58.0
865 1.0
278 58.0
857 36.0
411 2.0
585 2.0
875 22.0
254 93.0
792 90.0
700 79.0
662 39.0
182 80.0
888 36.0
891 47.0
600 52.0
325 34.0
651 60.0
568 100.0
489 46.0
821 8.0
836 73.0
663 19.0
730 21.0
115 85.0
338 91.0
935 14.0
493 94.0
432 15.0
995 52.0
508 38.0
404 44.0
527 60.0
664 83.0
636 57.0
773 18.0
241 71.0
813 24.0
446 70.0
181 41.0
944 98.0
473 72.0
506 97.0
665 3.0
116 89.0
20 28.0
944 8.0
447 43.0
321 50.0
666 94.0
255 8.0
206 34.0
860 28.0
912 65.0
798 43.0
579 35.0
19 76.0
301 59.0
57 4.0
884 86.0
292 19.0
667 91.0
975 48.0
626 88.0
179 48.0
757 52.0
347 65.0
194 32.0
364 53.0
204 52.0
445 78.0
759 92.0
668 61.0
319 59.0
852 13.0
737 75.0
157 67.0
444 59.0
19 3.0
4 51.0
657 4.0
438 16.0
924 83.0
885 43.0
669 53.0
287 72.0
993 35.0
255 95.0
539 42.0
164 66.0
195 32.0
409 29.0
317 91.0
670 81.0
799 96.0
120 61.0
668 16.0
11 54.0
987 77.0
166 87.0
265 91.0
614 86.0
550 24.0
600 29.0
671 16.0
640 15.0
149 44.0
808 98.0
203 42.0
672 43.0
828 94.0
850 40.0
239 62.0
121 65.0
280 6.0
142 42.0
807 47.0
856 87.0
980 74.0
243 66.0
649 11.0
466 17.0
673 26.0
678 74.0
373 29.0
486 87.0
769 45.0
11 67.0
600 38.0
437 45.0
298 70.0
674 15.0
822 86.0
919 40.0
368 60.0
667 27.0
649 6.0
990 5.0
463 84.0
103 8.0
204 46.0
756 54.0
141 1.0
211 79.0
697 69.0
98 10.0
878 9.0
675 11.0
779 8.0
457 16.0
560 86.0
44 96.0
513 96.0
422 85.0
219 5.0
255 79.0
265 35.0
156 18.0
676 13.0
79 55.0
616 29.0
940 71.0
165 42.0
204 19.0
535 56.0
677 87.0
776 83.0
727 46.0
547 87.0
494 95.0
880 54.0
458 78.0
886 39.0
775 21.0
288 67.0
911 62.0
151 3.0
319 70.0
511 4.0
90 25.0
281 11.0
468 4.0
678 44.0
138 100.0
601 11.0
389 54.0
996 92.0
582 55.0
293 59.0
872 13.0
433 19.0
346 76.0
656 35.0
679 21.0
379 85.0
320 83.0
250 48.0
771 80.0
576 77.0
135 10.0
680 33.0
525 40.0
944 83.0
201 85.0
882 88.0
554 37.0
366 55.0
486 60.0
192 50.0
547 25.0
681 68.0
156 75.0
455 27.0
216 97.0
4 43.0
719 67.0
939 92.0
29 90.0
293 58.0
171 16.0
283 41.0
308 70.0
474 70.0
682 93.0
885 92.0
876 50.0
170 21.0
381 18.0
251 35.0
497 56.0
937 67.0
347 74.0
197 81.0
267 61.0
64 46.0
373 41.0
972 18.0
683 43.0
345 35.0
939 9.0
583 62.0
357 91.0
452 63.0
799 82.0
24 54.0
849 42.0
28 52.0
304 55.0
5 5.0
955 73.0
993 30.0
684 51.0
419 45.0
297 39.0
213 59.0
65 1.0
897 31.0
120 81.0
734 98.0
707 83.0
162 52.0
424 7.0
383 31.0
460 57.0
244 26.0
1 74.0
685 62.0
960 61.0
657 59.0
380 32.0
487 17.0
175 75.0
121 50.0
185 100.0
734 28.0
508 31.0
330 87.0
861 14.0
714 24.0
686 30.0
328 20.0
107 32.0
965 81.0
121 1.0
74 47.0
424 71.0
687 63.0
932 94.0
719 10.0
749 47.0
535 10.0
682 30.0
688 95.0
183 57.0
256 8.0
22 75.0
191 24.0
484 79.0
375 84.0
199 36.0
30 51.0
989 68.0
483 27.0
689 42.0
867 19.0
698 46.0
316 23.0
652 82.0
617 44.0
19 17.0
849 42.0
86 50.0
998 91.0
343 26.0
917 28.0
448 16.0
58 54.0
904 28.0
690 98.0
993 42.0
963 33.0
120 16.0
839 99.0
500 33.0
294 16.0
370 36.0
416 64.0
484 72.0
705 18.0
747 24.0
691 1.0
113 8.0
336 77.0
630 57.0
43 13.0
234 64.0
245 35.0
481 29.0
692 16.0
442 94.0
241 83.0
737 35.0
296 90.0
389 13.0
55 85.0
500 16.0
251 36.0
202 57.0
763 90.0
600 46.0
78 64.0
892 89.0
881 14.0
57 59.0
693 80.0
141 83.0
120 6.0
445 58.0
486 14.0
756 93.0
800 1.0
850 14.0
694 34.0
355 52.0
950 82.0
697 10.0
246 54.0
347 33.0
373 57.0
197 92.0
154 23.0
517 41.0
87 35.0
385 13.0
695 73.0
866 3.0
73 96.0
597 34.0
43 46.0
382 33.0
891 50.0
128 17.0
323 47.0
997 100.0
696 39.0
243 56.0
323 5.0
226 71.0
922 49.0
990 4.0
22 99.0
660 52.0
483 49.0
697 50.0
254 71.0
301 87.0
788 66.0
378 2.0
241 100.0
533 45.0
104 5.0
521 36.0
828 80.0
4 60.0
393 14.0
698 14.0
990 59.0
436 52.0
882 3.0
808 41.0
204 8.0
215 96.0
994 44.0
699 51.0
965 33.0
964 57.0
722 53.0
938 82.0
801 21.0
354 73.0
232 86.0
548 16.0
703 39.0
403 69.0
700 16.0
162 28.0
550 30.0
677 79.0
753 2.0
428 49.0
276 84.0
912 24.0
785 14.0
960 69.0
701 2.0
19 22.0
220 44.0
624 82.0
45 66.0
677 37.0
806 47.0
380 43.0
758 42.0
605 63.0
702 28.0
750 12.0
488 60.0
599 23.0
311 60.0
987 14.0
766 95.0
216 23.0
846 75.0
561 69.0
373 46.0
793 19.0
350 10.0
134 69.0
703 61.0
212 61.0
102 81.0
191 82.0
217 36.0
726 51.0
597 73.0
919 91.0
460 54.0
704 22.0
932 97.0
364 80.0
282 4.0
28 92.0
985 98.0
533 28.0
783 8.0
271 96.0
285 8.0
777 98.0
578 54.0
210 32.0
903 44.0
705 96.0
921 51.0
751 81.0
347 2.0
818 87.0
482 50.0
76 71.0
707 81.0
62 29.0
578 28.0
706 25.0
791 46.0
804 95.0
260 76.0
730 20.0
165 30.0
903 16.0
120 55.0
841 57.0
714 46.0
359 74.0
469 24.0
642 66.0
487 63.0
272 33.0
275 82.0
196 35.0
122 64.0
707 90.0
781 77.0
691 48.0
266 35.0
426 97.0
992 26.0
394 87.0
356 31.0
263 79.0
607 26.0
708 59.0
449 25.0
935 19.0
847 19.0
238 51.0
680 6.0
76 97.0
976 78.0
681 94.0
777 78.0
693 14.0
395 5.0
368 30.0
999 52.0
918 23.0
765 45.0
381 75.0
709 74.0
873 70.0
371 57.0
469 13.0
547 60.0
337 19.0
659 30.0
842 25.0
365 51.0
710 37.0
2 91.0
892 18.0
164 55.0
26 79.0
361 43.0
494 95.0
711 35.0
788 16.0
272 42.0
156 93.0
787 27.0
452 57.0
135 51.0
914 50.0
712 36.0
119 73.0
774 3.0
109 44.0
263 93.0
499 97.0
763 35.0
152 47.0
316 76.0
995 23.0
713 17.0
889 24.0
834 7.0
271 90.0
856 97.0
382 90.0
902 49.0
377 82.0
9 100.0
126 13.0
714 25.0
514 35.0
742 79.0
887 49.0
342 52.0
405 17.0
863 93.0
194 52.0
466 78.0
540 17.0
817 92.0
715 38.0
19 11.0
100 30.0
813 71.0
974 69.0
28 39.0
655 31.0
628 47.0
538 38.0
842 33.0
716 85.0
427 62.0
997 88.0
648 29.0
697 91.0
370 73.0
126 25.0
281 71.0
556 54.0
618 51.0
61 35.0
620 18.0
717 70.0
27 72.0
505 78.0
795 62.0
365 58.0
225 92.0
424 83.0
855 16.0
718 48.0
408 76.0
538 1.0
846 17.0
240 95.0
104 57.0
404 2.0
857 27.0
938 10.0
447 59.0
368 21.0
505 64.0
719 66.0
343 74.0
475 98.0
460 47.0
727 88.0
118 37.0
395 24.0
662 53.0
776 30.0
868 42.0
451 66.0
720 17.0
493 78.0
963 65.0
682 23.0
994 46.0
380 100.0
698 65.0
362 48.0
721 69.0
685 81.0
205 43.0
112 25.0
353 93.0
127 31.0
571 1.0
69 1.0
468 17.0
811 88.0
666 27.0
966 65.0
614 72.0
722 86.0
858 45.0
758 44.0
748 69.0
898 37.0
272 64.0
42 6.0
188 86.0
315 24.0
813 73.0
887 6.0
122 29.0
723 57.0
562 4.0
927 74.0
203 20.0
724 1.0
68 5.0
209 70.0
457 48.0
976 34.0
275 29.0
447 80.0
197 72.0
725 28.0
274 83.0
848 85.0
797 32.0
793 77.0
783 32.0
401 55.0
162 55.0
583 30.0
726 56.0
580 21.0
65 92.0
27 87.0
635 33.0
94 22.0
560 43.0
286 82.0
492 52.0
424 82.0
194 66.0
727 34.0
872 53.0
59 46.0
232 52.0
150 24.0
742 40.0
812 10.0
132 79.0
623 95.0
97 69.0
709 10.0
270 8.0
461 90.0
728 75.0
214 43.0
266 92.0
353 69.0
893 95.0
270 53.0
639 51.0
394 32.0
476 6.0
205 12.0
729 8.0
52 60.0
169 95.0
954 74.0
868 7.0
231 82.0
805 75.0
66 39.0
163 32.0
730 41.0
221 7.0
795 71.0
610 75.0
865 88.0
50 27.0
864 31.0
334 75.0
475 94.0
731 72.0
309 65.0
15 28.0
999 80.0
198 41.0
568 44.0
270 80.0
798 43.0
741 63.0
963 15.0
732 100.0
73 17.0
314 34.0
414 48.0
781 86.0
253 92.0
897 77.0
203 43.0
338 1.0
36 17.0
391 67.0
136 84.0
700 72.0
791 53.0
129 83.0
12 75.0
733 13.0
828 9.0
20 86.0
456 93.0
32 81.0
594 18.0
734 11.0
152 66.0
456 93.0
45 95.0
829 98.0
853 7.0
544 59.0
430 20.0
820 33.0
199 74.0
44 3.0
328 79.0
95 86.0
811 34.0
735 56.0
923 55.0
802 45.0
494 99.0
401 27.0
825 76.0
875 73.0
907 78.0
736 44.0
897 19.0
213 66.0
258 20.0
490 49.0
238 39.0
420 4.0
707 72.0
417 90.0
583 54.0
81 40.0
95 86.0
71 31.0
737 62.0
808 5.0
922 76.0
254 72.0
620 78.0
144 89.0
420 52.0
121 84.0
413 10.0
586 37.0
864 63.0
738 58.0
554 100000.0
167 65.0
802 90.0
312 69.0
351 42.0
532 90.0
888 84.0
188 62.0
958 42.0
739 95.0
728 87.0
257 42.0
376 64.0
478 20.0
938 35.0
19 23.0
538 53.0
838 88.0
979 64.0
740 75.0
16 96.0
703 51.0
754 70.0
883 34.0
345 69.0
301 76.0
11 48.0
292 1.0
778 37.0
55 75.0
741 69.0
819 30.0
669 27.0
543 53.0
519 2.0
871 89.0
419 24.0
490 33.0
570 82.0
29 52.0
670 38.0
742 79.0
716 69.0
563 50.0
208 92.0
908 91.0
162 64.0
166 90.0
544 48.0
627 90.0
578 8.0
94 36.0
743 64.0
677 17.0
838 73.0
211 97.0
43 18.0
454 44.0
698 98.0
86 93.0
274 7.0
487 28.0
655 24.0
442 99.0
777 47.0
725 52.0
744 11.0
770 98.0
674 20.0
604 16.0
230 79.0
439 4.0
265 34.0
443 58.0
739 51.0
341 50.0
745 5.0
390 71.0
373 94.0
714 4.0
777 39.0
513 29.0
502 21.0
750 79.0
81 68.0
939 2.0
107 63.0
96 9.0
271 97.0
15 35.0
68 30.0
315 18.0
996 43.0
746 94.0
44 15.0
964 14.0
623 97.0
91 14.0
438 82.0
985 69.0
837 59.0
511 52.0
275 79.0
107 14.0
784 90.0
318 5.0
875 96.0
747 97.0
398 43.0
262 67.0
987 90.0
396 64.0
15 88.0
30 38.0
835 37.0
750 58.0
254 13.0
81 63.0
346 85.0
150 61.0
960 10.0
847 4.0
679 60.0
157 49.0
887 52.0
566 32.0
748 76.0
885 40.0
612 19.0
777 17.0
519 54.0
189 81.0
333 68.0
934 72.0
494 12.0
475 44.0
384 25.0
884 4.0
999 79.0
66 19.0
267 52.0
412 45.0
749 18.0
904 34.0
285 71.0
641 25.0
955 59.0
516 63.0
420 95.0
352 81.0
119 70.0
750 82.0
34 54.0
9 19.0
728 35.0
859 48.0
577 82.0
546 20.0
109 75.0
709 49.0
225 87.0
942 95.0
380 28.0
751 72.0
374 30.0
143 69.0
743 90.0
678 30.0
999 91.0
225 32.0
111 39.0
752 90.0
475 92.0
892 71.0
351 40.0
607 48.0
731 69.0
190 19.0
80 41.0
337 82.0
574 92.0
593 13.0
460 14.0
753 100.0
341 43.0
357 29.0
731 20.0
879 63.0
885 56.0
667 67.0
390 97.0
814 14.0
864 40.0
178 88.0
806 32.0
44 9.0
104 94.0
754 52.0
700 9.0
364 17.0
121 14.0
596 53.0
316 49.0
260 24.0
16 15.0
694 64.0
847 32.0
31 13.0
755 5.0
977 26.0
220 2.0
599 27.0
397 62.0
889 10.0
562 86.0
756 82.0
63 96.0
944 16.0
953 17.0
770 32.0
543 23.0
78 47.0
711 12.0
322 68.0
203 59.0
278 10.0
730 94.0
512 50.0
352 42.0
757 38.0
774 71.0
615 85.0
431 94.0
698 84.0
725 44.0
928 47.0
508 94.0
758 68.0
750 3.0
877 67.0
756 27.0
223 19.0
49 3.0
218 36.0
754 29.0
881 51.0
759 99.0
370 59.0
236 99.0
148 42.0
4 87.0
160 65.0
336 83.0
481 21.0
5 4.0
661 28.0
354 23.0
648 48.0
686 5.0
623 59.0
872 78.0
760 25.0
189 72.0
410 1.0
526 75.0
738 96.0
951 40.0
635 86.0
465 92.0
587 28.0
579 4.0
834 22.0
37 39.0
130 67.0
485 88.0
761 19.0
937 68.0
756 37.0
794 32.0
707 43.0
547 94.0
735 63.0
702 11.0
762 72.0
838 8.0
530 35.0
656 34.0
870 5.0
772 62.0
948 2.0
36 77.0
142 7.0
511 92.0
853 81.0
631 9.0
852 84.0
956 63.0
763 88.0
219 76.0
530 78.0
16 97.0
679 97.0
208 42.0
278 17.0
454 96.0
70 94.0
923 29.0
703 34.0
764 35.0
965 62.0
869 52.0
476 53.0
681 36.0
976 95.0
402 83.0
35 60.0
888 61.0
326 98.0
685 59.0
206 5.0
765 47.0
817 44.0
987 83.0
545 21.0
375 34.0
972 26.0
324 84.0
835 92.0
941 34.0
766 29.0
356 78.0
745 20.0
289 43.0
345 30.0
744 41.0
968 52.0
160 48.0
767 32.0
117 53.0
134 93.0
884 94.0
393 15.0
73 85.0
721 47.0
445 67.0
160 97.0
768 12.0
342 18.0
975 50.0
121 24.0
958 33.0
776 94.0
766 67.0
416 68.0
576 14.0
236 18.0
614 94.0
168 16.0
769 79.0
993 52.0
184 46.0
530 53.0
365 39.0
295 81.0
529 11.0
267 50.0
770 13.0
136 33.0
217 64.0
875 98.0
121 93.0
503 77.0
98 58.0
85 31.0
49 84.0
230 95.0
392 27.0
515 71.0
720 19.0
329 27.0
771 76.0
722 24.0
785 12.0
987 58.0
369 76.0
329 90.0
163 7.0
917 10.0
825 91.0
787 36.0
772 89.0
741 19.0
822 32.0
176 97.0
92 26.0
474 51.0
906 90.0
265 78.0
31 82.0
826 78.0
823 24.0
914 60.0
274 95.0
153 35.0
542 83.0
536 81.0
733 28.0
970 92.0
7 45.0
356 20.0
773 94.0
902 22.0
249 19.0
131 65.0
958 14.0
697 94.0
669 22.0
774 17.0
732 1.0
799 78.0
914 40.0
821 6.0
972 48.0
359 96.0
208 3.0
506 54.0
680 67.0
173 78.0
375 26.0
775 23.0
881 96.0
970 51.0
377 64.0
98 20.0
514 50.0
103 24.0
748 35.0
992 78.0
763 23.0
776 94.0
887 15.0
642 20.0
936 23.0
647 95.0
810 7.0
822 74.0
353 83.0
843 13.0
282 86.0
777 2.0
184 10.0
280 8.0
486 16.0
923 85.0
141 29.0
335 12.0
882 71.0
760 19.0
756 39.0
778 30.0
429 58.0
764 20.0
967 47.0
47 85.0
758 73.0
31 44.0
379 61.0
98 91.0
873 47.0
892 31.0
702 41.0
779 49.0
17 51.0
80 60.0
244 35.0
784 4.0
780 5.0
978 61.0
635 92.0
83 82.0
496 40.0
766 50.0
372 61.0
188 3.0
449 21.0
602 68.0
852 5.0
760 47.0
781 44.0
19 73.0
362 10.0
341 81.0
725 53.0
74 80.0
582 65.0
180 95.0
615 17.0
727 33.0
221 93.0
923 63.0
11 55.0
585 12.0
45 23.0
930 2.0
782 60.0
680 25.0
803 83.0
895 35.0
765 19.0
449 29.0
968 53.0
18 52.0
653 30.0
922 98.0
569 34.0
783 8.0
580 1.0
619 96.0
877 27.0
505 37.0
690 70.0
276 92.0
199 95.0
61 90.0
222 51.0
626 43.0
398 81.0
961 26.0
784 68.0
420 50.0
114 18.0
492 11.0
241 52.0
448 67.0
296 48.0
136 73.0
595 54.0
785 16.0
730 89.0
501 79.0
440 18.0
107 73.0
373 75.0
322 6.0
840 65.0
893 99.0
485 76.0
532 24.0
384 86.0
527 38.0
201 87.0
786 83.0
894 3.0
358 100.0
773 24.0
629 60.0
641 14.0
835 34.0
265 81.0
870 26.0
787 91.0
672 100.0
83 3.0
681 73.0
683 30.0
668 56.0
1 93.0
483 74.0
453 26.0
318 96.0
720 47.0
142 89.0
455 44.0
688 35.0
788 6.0
726 25.0
540 74.0
762 35.0
477 100.0
646 74.0
790 29.0
204 43.0
778 61.0
159 37.0
789 2.0
643 25.0
207 69.0
165 27.0
35 94.0
822 15.0
478 18.0
466 39.0
279 6.0
923 71.0
88 2.0
154 42.0
910 50.0
790 14.0
8 23.0
886 63.0
873 57.0
722 69.0
469 76.0
791 34.0
623 94.0
114 74.0
515 56.0
501 62.0
746 76.0
562 22.0
792 18.0
385 93.0
379 26.0
150 93.0
319 18.0
158 56.0
210 11.0
736 68.0
705 98.0
816 30.0
965 5.0
883 96.0
257 36.0
793 47.0
123 23.0
915 19.0
479 61.0
956 54.0
635 73.0
344 12.0
164 2.0
140 80.0
961 78.0
462 35.0
398 97.0
921 85.0
794 48.0
182 40.0
663 9.0
97 56.0
196 13.0
198 28.0
618 29.0
60 61.0
869 12.0
795 95.0
212 12.0
888 84.0
809 31.0
248 34.0
149 32.0
962 61.0
586 39.0
204 69.0
773 43.0
796 92.0
843 20.0
923 96.0
457 39.0
765 8.0
395 19.0
436 52.0
453 81.0
608 97.0
474 92.0
197 91.0
797 3.0
872 88.0
719 41.0
974 1.0
104 26.0
59 5.0
662 67.0
986 86.0
242 19.0
71 12.0
23 79.0
168 65.0
377 100.0
703 29.0
15 51.0
798 43.0
13 81.0
347 22.0
791 33.0
768 56.0
522 77.0
52 34.0
91 34.0
910 14.0
716 83.0
835 41.0
799 18.0
321 97.0
455 26.0
990 100.0
72 32.0
887 54.0
23 10.0
604 95.0
151 35.0
800 82.0
393 25.0
883 86.0
874 73.0
919 94.0
572 11.0
767 68.0
868 78.0
3 98.0
801 50.0
474 58.0
746 79.0
256 49.0
838 2.0
979 52.0
911 71.0
802 50.0
53 96.0
424 2.0
320 29.0
209 95.0
145 6.0
803 97.0
841 42.0
250 42.0
687 24.0
870 48.0
989 78.0
200 83.0
554 62.0
804 57.0
635 57.0
802 91.0
959 39.0
198 37.0
720 74.0
650 98.0
655 93.0
712 58.0
805 23.0
224 88.0
271 2.0
783 89.0
221 51.0
159 94.0
204 49.0
155 82.0
806 66.0
806 68.0
571 32.0
530 98.0
272 60.0
43 59.0
228 98.0
690 57.0
194 45.0
972 82.0
241 9.0
423 19.0
807 11.0
867 95.0
820 32.0
343 72.0
769 21.0
632 93.0
314 34.0
688 36.0
256 95.0
224 56.0
203 49.0
866 19.0
986 19.0
808 23.0
172 6.0
531 23.0
773 85.0
417 62.0
492 68.0
526 93.0
882 11.0
574 84.0
809 41.0
244 17.0
230 99.0
165 48.0
475 37.0
455 53.0
8 99.0
225 33.0
854 50.0
9 89.0
820 56.0
746 9.0
810 47.0
731 41.0
880 43.0
858 8.0
340 73.0
645 35.0
921 46.0
922 41.0
912 26.0
602 31.0
263 34.0
811 80.0
456 25.0
476 41.0
777 24.0
363 69.0
725 10.0
322 37.0
796 31.0
812 38.0
696 23.0
181 61.0
142 57.0
558 53.0
22 81.0
624 57.0
286 4.0
813 95.0
835 50.0
783 59.0
773 11.0
177 44.0
770 24.0
404 34.0
148 17.0
807 73.0
219 53.0
914 21.0
709 8.0
742 19.0
814 6.0
630 22.0
649 96.0
281 37.0
846 23.0
570 61.0
149 66.0
331 22.0
930 91.0
815 6.0
982 63.0
440 52.0
874 70.0
911 29.0
746 77.0
81 27.0
210 93.0
597 6.0
255 54.0
50 58.0
574 32.0
591 14.0
274 76.0
944 47.0
834 45.0
345 29.0
828 81.0
298 20.0
816 54.0
695 35.0
794 87.0
647 37.0
790 32.0
566 49.0
205 32.0
834 22.0
243 83.0
262 23.0
867 48.0
69 21.0
407 44.0
817 23.0
254 76.0
644 62.0
449 11.0
723 65.0
632 70.0
684 97.0
130 54.0
482 19.0
33 35.0
818 73.0
137 9.0
814 19.0
765 48.0
57 11.0
254 27.0
369 46.0
697 51.0
521 72.0
217 63.0
371 80.0
174 48.0
242 25.0
108 61.0
561 66.0
568 55.0
819 10.0
741 17.0
990 78.0
635 8.0
83 59.0
598 94.0
752 97.0
821 49.0
578 81.0
14 36.0
820 44.0
405 59.0
331 64.0
877 58.0
360 70.0
333 79.0
220 71.0
907 50.0
528 91.0
770 83.0
821 20.0
2 14.0
276 44.0
18 77.0
822 88.0
655 45.0
24 27.0
651 62.0
509 78.0
637 95.0
334 4.0
196 47.0
771 88.0
149 54.0
823 24.0
574 61.0
319 61.0
517 75.0
744 63.0
987 82.0
595 9.0
125 73.0
725 71.0
694 76.0
946 20.0
715 53.0
898 80.0
824 81.0
293 18.0
411 35.0
153 18.0
975 48.0
487 4.0
160 84.0
611 95.0
806 52.0
617 83.0
382 100.0
998 2.0
729 24.0
167 100.0
366 92.0
825 10.0
57 65.0
989 54.0
329 9.0
459 12.0
860 24.0
542 1.0
873 89.0
565 89.0
633 97.0
346 87.0
208 14.0
404 17.0
826 57.0
96 45.0
178 6.0
68 21.0
834 36.0
765 65.0
200 92.0
234 32.0
595 90.0
13 14.0
689 59.0
86 37.0
473 58.0
877 77.0
532 52.0
213 10.0
859 3.0
827 59.0
32 13.0
438 77.0
947 76.0
264 45.0
325 43.0
828 46.0
202 2.0
940 15.0
857 60.0
289 41.0
999 21.0
535 75.0
829 28.0
786 16.0
892 77.0
13 9.0
908 20.0
830 23.0
806 75.0
236 46.0
238 39.0
928 57.0
223 15.0
953 96.0
181 35.0
248 59.0
951 87.0
831 69.0
413 2.0
200 2.0
254 79.0
599 78.0
652 58.0
893 3.0
160 14.0
637 11.0
832 41.0
328 79.0
765 23.0
558 57.0
109 91.0
200 18.0
833 66.0
984 31.0
167 83.0
109 44.0
949 62.0
240 38.0
657 48.0
834 84.0
352 84.0
7 99.0
644 39.0
336 21.0
450 58.0
784 66.0
997 77.0
245 52.0
566 80.0
273 7.0
137 95.0
440 19.0
835 86.0
58 35.0
918 35.0
101 1.0
795 95.0
699 42.0
785 81.0
39 43.0
684 83.0
142 59.0
731 4.0
145 87.0
240 71.0
612 36.0
836 98.0
906 29.0
858 69.0
544 29.0
472 5.0
401 74.0
81 62.0
690 94.0
837 65.0
370 59.0
817 70.0
139 37.0
796 28.0
516 42.0
269 49.0
409 40.0
117 30.0
686 97.0
152 25.0
838 17.0
39 100.0
343 80.0
428 90.0
344 30.0
839 93.0
319 41.0
891 63.0
232 55.0
972 2.0
344 60.0
921 21.0
540 46.0
347 66.0
840 51.0
396 51.0
408 86.0
298 23.0
864 34.0
525 64.0
609 56.0
501 67.0
687 28.0
909 14.0
45 15.0
841 41.0
698 3.0
128 86.0
796 72.0
485 79.0
535 61.0
860 42.0
866 94.0
368 65.0
505 99.0
795 91.0
842 65.0
963 68.0
384 98.0
586 74.0
153 69.0
15 16.0
676 50.0
659 66.0
300 57.0
843 93.0
748 90.0
249 22.0
799 97.0
256 32.0
619 18.0
796 72.0
720 23.0
914 83.0
108 27.0
947 44.0
146 53.0
844 50.0
525 55.0
541 5.0
75 90.0
604 11.0
909 33.0
181 86.0
682 33.0
490 79.0
625 52.0
257 3.0
845 59.0
501 1.0
670 26.0
406 29.0
532 7.0
238 87.0
846 40.0
590 18.0
660 92.0
528 100.0
571 51.0
207 59.0
620 70.0
397 11.0
574 12.0
765 21.0
847 21.0
451 76.0
994 41.0
174 9.0
508 41.0
704 50.0
140 61.0
827 40.0
848 2.0
951 31.0
66 28.0
499 14.0
860 96.0
941 2.0
418 28.0
492 75.0
656 6.0
849 7.0
123 63.0
992 90.0
447 71.0
37 60.0
173 54.0
170 38.0
803 42.0
648 36.0
311 7.0
219 44.0
787 43.0
979 45.0
348 97.0
959 61.0
307 30.0
850 72.0
614 54.0
208 11.0
184 86.0
865 29.0
365 19.0
475 70.0
972 18.0
692 97.0
58 89.0
291 42.0
454 21.0
156 79.0
435 99.0
851 63.0
110 34.0
354 28.0
270 69.0
246 44.0
601 31.0
580 10.0
912 91.0
192 7.0
525 63.0
616 74.0
852 63.0
891 72.0
850 46.0
316 47.0
693 4.0
21 41.0
675 36.0
562 80.0
340 74.0
586 21.0
853 56.0
430 23.0
940 78.0
508 18.0
906 62.0
128 51.0
114 20.0
164 9.0
302 40.0
854 11.0
467 73.0
323 71.0
547 82.0
915 42.0
487 21.0
248 11.0
204 54.0
113 96.0
88 62.0
111 99.0
855 84.0
347 20.0
229 13.0
65 69.0
889 58.0
473 20.0
73 87.0
856 43.0
484 57.0
858 86.0
983 29.0
493 73.0
921 65.0
817 16.0
265 70.0
166 74.0
720 83.0
17 89.0
182 90.0
541 84.0
242 86.0
729 66.0
226 29.0
857 13.0
165 71.0
82 27.0
159 8.0
598 48.0
105 14.0
283 72.0
420 92.0
735 29.0
631 19.0
955 96.0
540 60.0
858 29.0
404 38.0
673 9.0
194 99.0
651 69.0
956 23.0
336 76.0
706 29.0
881 77.0
19 35.0
684 7.0
859 26.0
570 68.0
180 3.0
692 71.0
153 96.0
282 15.0
377 7.0
834 92.0
240 34.0
762 73.0
303 57.0
28 91.0
471 96.0
806 54.0
256 18.0
860 47.0
377 11.0
410 34.0
455 76.0
806 91.0
254 1.0
685 58.0
829 100.0
474 23.0
861 36.0
92 41.0
387 59.0
774 54.0
55 77.0
110 8.0
549 74.0
603 6.0
862 58.0
527 31.0
149 20.0
733 51.0
465 6.0
887 16.0
114 74.0
24 23.0
61 18.0
201 89.0
649 98.0
624 61.0
199 32.0
195 66.0
863 19.0
882 31.0
921 33.0
997 65.0
273 52.0
335 60.0
912 75.0
359 37.0
864 40.0
735 2.0
786 80.0
953 2.0
507 57.0
881 80.0
146 84.0
591 85.0
865 57.0
303 73.0
777 75.0
61 70.0
982 39.0
493 79.0
490 35.0
977 59.0
368 13.0
444 37.0
3 21.0
186 63.0
132 94.0
601 4.0
776 14.0
866 79.0
95 88.0
243 82.0
562 19.0
903 63.0
234 89.0
867 9.0
396 75.0
291 97.0
159 60.0
434 87.0
3 89.0
421 43.0
202 73.0
121 59.0
633 45.0
800 67.0
868 70.0
503 6.0
403 34.0
152 68.0
519 86.0
968 66.0
839 21.0
608 74.0
305 67.0
869 69.0
311 28.0
684 31.0
225 43.0
450 43.0
516 77.0
646 74.0
983 2.0
284 12.0
895 62.0
323 66.0
644 54.0
262 52.0
870 1.0
67 98.0
358 70.0
534 77.0
745 95.0
604 38.0
71 45.0
802 31.0
946 89.0
871 70.0
864 17.0
419 69.0
679 74.0
178 87.0
794 58.0
337 78.0
260 9.0
745 92.0
872 26.0
634 11.0
562 39.0
951 36.0
32 93.0
775 55.0
593 39.0
660 45.0
873 19.0
657 70.0
498 59.0
161 82.0
450 50.0
845 85.0
784 48.0
82 90.0
874 27.0
461 79.0
593 28.0
699 18.0
876 95.0
764 64.0
568 30.0
894 34.0
455 52.0
852 30.0
998 93.0
240 98.0
718 34.0
759 76.0
875 13.0
579 1.0
672 33.0
397 18.0
328 34.0
89 45.0
506 66.0
876 74.0
808 12.0
396 22.0
244 32.0
186 80.0
545 89.0
266 13.0
705 11.0
607 23.0
99 20.0
208 72.0
482 11.0
197 54.0
877 51.0
264 100.0
155 96.0
398 38.0
950 12.0
392 13.0
72 38.0
878 21.0
961 35.0
800 30.0
161 91.0
100 68.0
45 34.0
898 81.0
418 65.0
138 20.0
303 77.0
879 97.0
778 28.0
427 43.0
812 46.0
136 9.0
252 71.0
1 5.0
880 81.0
618 5.0
488 73.0
907 3.0
22 8.0
827 72.0
735 99.0
328 29.0
100 83.0
28 92.0
35 46.0
620 54.0
881 37.0
663 34.0
716 71.0
190 99.0
480 76.0
994 55.0
314 31.0
194 2.0
696 93.0
280 2.0
590 70.0
7 37.0
882 3.0
223 14.0
365 38.0
267 56.0
301 33.0
432 26.0
688 61.0
598 38.0
114 57.0
146 49.0
154 37.0
374 96.0
201 88.0
883 18.0
957 83.0
194 77.0
362 24.0
996 60.0
153 31.0
342 71.0
581 64.0
933 66.0
884 6.0
188 47.0
584 25.0
107 58.0
231 6.0
504 31.0
3 30.0
125 4.0
113 41.0
321 43.0
408 98.0
174 72.0
696 7.0
500 63.0
911 87.0
885 76.0
437 82.0
501 9.0
964 33.0
759 31.0
740 87.0
644 11.0
886 2.0
762 21.0
895 21.0
54 88.0
747 42.0
808 8.0
396 89.0
820 2.0
11 97.0
778 78.0
887 100.0
309 9.0
32 95.0
539 73.0
551 94.0
495 60.0
888 36.0
617 94.0
935 87.0
196 14.0
267 67.0
628 98.0
578 14.0
346 9.0
264 25.0
665 98.0
199 53.0
595 94.0
340 86.0
889 90.0
3 90.0
489 18.0
224 96.0
648 73.0
805 59.0
803 73.0
821 93.0
844 75.0
121 98.0
890 23.0
213 91.0
928 56.0
326 3.0
814 81.0
89 35.0
449 4.0
957 64.0
99 31.0
157 36.0
729 39.0
46 69.0
85 60.0
484 7.0
891 74.0
698 44.0
961 95.0
395 81.0
332 91.0
158 97.0
820 51.0
966 28.0
421 96.0
892 88.0
563 70.0
461 79.0
887 64.0
871 52.0
906 16.0
444 81.0
107 92.0
142 28.0
572 31.0
738 29.0
893 30.0
503 7.0
515 65.0
93 99.0
935 80.0
723 97.0
431 63.0
280 6.0
875 15.0
185 25.0
20 36.0
232 73.0
787 29.0
894 92.0
628 36.0
32 40.0
867 16.0
856 97.0
558 13.0
653 24.0
88 1.0
895 58.0
925 79.0
767 71.0
999 88.0
607 70.0
621 79.0
805 62.0
588 64.0
896 17.0
651 65.0
341 4.0
103 63.0
897 40.0
492 46.0
284 58.0
606 88.0
599 51.0
817 52.0
191 5.0
522 71.0
992 75.0
37 57.0
709 46.0
801 98.0
898 99.0
943 15.0
250 97.0
384 95.0
962 78.0
376 66.0
530 93.0
92 34.0
102 95.0
743 1.0
518 65.0
355 34.0
26 32.0
482 68.0
630 1.0
228 29.0
899 23.0
555 10.0
36 72.0
236 43.0
576 95.0
292 14.0
113 99.0
406 39.0
252 93.0
164 84.0
900 71.0
554 12.0
42 6.0
378 21.0
671 21.0
921 43.0
996 53.0
931 84.0
810 50.0
25 34.0
901 76.0
531 22.0
553 72.0
992 34.0
12 23.0
989 4.0
676 61.0
75 11.0
843 6.0
526 45.0
902 10.0
748 14.0
142 79.0
941 2.0
42 52.0
973 26.0
177 9.0
38 51.0
903 6.0
528 73.0
881 88.0
746 4.0
492 75.0
170 83.0
129 28.0
711 71.0
174 94.0
485 71.0
934 38.0
434 60.0
911 52.0
904 68.0
638 5.0
931 62.0
768 47.0
582 77.0
875 75.0
374 52.0
1000 1.0
687 95.0
601 62.0
735 76.0
708 56.0
647 77.0
729 72.0
905 75.0
457 88.0
909 62.0
605 7.0
983 43.0
379 82.0
131 41.0
906 47.0
944 74.0
920 67.0
65 54.0
945 10.0
540 66.0
885 38.0
752 2.0
934 12.0
803 91.0
425 19.0
907 77.0
989 98.0
123 53.0
588 85.0
209 89.0
598 28.0
304 39.0
487 67.0
908 74.0
441 1.0
954 32.0
114 80.0
239 59.0
903 91.0
635 83.0
65 79.0
909 45.0
984 73.0
201 99.0
420 43.0
896 99.0
946 64.0
910 85.0
532 21.0
179 36.0
681 13.0
467 62.0
726 96.0
911 5.0
451 41.0
253 21.0
608 74.0
169 45.0
353 63.0
155 73.0
798 94.0
208 44.0
912 16.0
20 7.0
773 27.0
180 22.0
146 46.0
505 91.0
754 47.0
647 55.0
677 5.0
288 97.0
923 15.0
913 50.0
165 3.0
638 99.0
438 5.0
141 85.0
272 14.0
446 97.0
524 29.0
368 41.0
472 84.0
914 25.0
235 35.0
495 15.0
369 14.0
853 92.0
681 31.0
812 33.0
625 55.0
771 52.0
786 39.0
642 67.0
737 85.0
915 80.0
538 38.0
233 83.0
887 6.0
744 15.0
297 57.0
916 50.0
631 30.0
386 37.0
993 93.0
140 97.0
28 69.0
35 8.0
948 18.0
565 63.0
639 10.0
903 35.0
917 59.0
622 23.0
527 2.0
733 63.0
831 82.0
542 88.0
194 57.0
241 61.0
43 76.0
170 78.0
918 11.0
273 56.0
316 25.0
791 3.0
571 54.0
705 47.0
911 36.0
795 30.0
660 17.0
463 79.0
765 42.0
120 25.0
919 12.0
609 64.0
294 49.0
329 74.0
266 90.0
879 83.0
462 85.0
772 74.0
64 79.0
920 90.0
276 61.0
916 54.0
800 39.0
473 80.0
944 54.0
903 69.0
53 76.0
474 81.0
996 55.0
990 85.0
806 38.0
921 30.0
975 35.0
324 9.0
926 16.0
528 15.0
865 64.0
443 33.0
52 60.0
663 87.0
571 89.0
669 55.0
678 27.0
100 80.0
436 90.0
271 2.0
136 29.0
96 72.0
922 76.0
446 68.0
295 19.0
592 94.0
608 98.0
470 27.0
684 63.0
392 85.0
923 29.0
20 42.0
313 38.0
834 22.0
307 25.0
370 89.0
215 90.0
188 31.0
141 50.0
868 47.0
362 6.0
1 98.0
93 41.0
753 73.0
201 67.0
924 64.0
346 98.0
842 37.0
622 73.0
708 50.0
550 22.0
861 85.0
135 38.0
921 98.0
925 55.0
887 26.0
914 69.0
983 16.0
830 95.0
669 25.0
165 9.0
611 89.0
879 7.0
148 76.0
970 18.0
223 76.0
373 8.0
894 91.0
926 53.0
302 79.0
624 92.0
275 84.0
596 57.0
257 71.0
450 35.0
372 55.0
932 1.0
266 97.0
82 38.0
771 64.0
444 81.0
927 100.0
554 66.0
552 15.0
480 50.0
915 61.0
622 34.0
171 13.0
341 8.0
141 28.0
928 38.0
845 3.0
767 69.0
352 79.0
650 68.0
164 8.0
246 19.0
782 71.0
110 44.0
174 98.0
220 19.0
112 4.0
929 4.0
854 69.0
958 7.0
738 49.0
118 53.0
145 81.0
104 31.0
700 28.0
441 6.0
133 63.0
19 29.0
844 61.0
841 89.0
734 60.0
453 59.0
930 29.0
276 27.0
861 43.0
867 40.0
525 39.0
870 32.0
887 98.0
635 90.0
49 87.0
615 73.0
649 41.0
931 13.0
773 16.0
717 28.0
828 14.0
325 50.0
975 85.0
162 54.0
290 1.0
417 35.0
166 87.0
276 44.0
949 65.0
277 21.0
932 33.0
249 76.0
901 49.0
860 85.0
23 40.0
969 51.0
650 22.0
933 66.0
448 52.0
116 84.0
188 98.0
568 41.0
455 79.0
289 16.0
165 45.0
934 67.0
373 44.0
362 2.0
612 11.0
589 85.0
685 15.0
935 5.0
781 96.0
331 52.0
32 99.0
237 2.0
13 17.0
545 90.0
47 1.0
363 36.0
357 55.0
530 70.0
483 85.0
936 79.0
804 31.0
956 63.0
716 34.0
192 53.0
992 85.0
996 71.0
812 94.0
937 44.0
121 23.0
679 57.0
899 79.0
749 100.0
676 65.0
515 17.0
367 28.0
154 57.0
192 27.0
62 12.0
616 39.0
732 62.0
975 77.0
649 1.0
394 15.0
998 60.0
373 7.0
618 53.0
660 33.0
910 65.0
938 64.0
629 30.0
940 82.0
152 24.0
313 67.0
885 79.0
131 83.0
939 93.0
174 73.0
9 73.0
982 24.0
660 41.0
520 4.0
516 24.0
508 29.0
674 33.0
968 30.0
931 10.0
635 9.0
940 35.0
51 70.0
339 63.0
267 90.0
311 54.0
862 66.0
826 18.0
359 67.0
246 48.0
573 90.0
87 55.0
598 63.0
941 92.0
460 56.0
624 1.0
843 20.0
478 71.0
108 41.0
723 44.0
99 42.0
827 52.0
503 94.0
942 89.0
578 88.0
46 12.0
97 51.0
967 9.0
211 74.0
727 93.0
756 85.0
6 45.0
880 88.0
882 4.0
965 3.0
202 37.0
292 29.0
631 24.0
933 91.0
395 4.0
781 68.0
899 66.0
943 9.0
995 95.0
389 52.0
307 84.0
934 92.0
592 7.0
828 42.0
380 83.0
991 99.0
944 32.0
826 51.0
719 68.0
180 21.0
114 76.0
434 62.0
287 57.0
945 50.0
289 66.0
929 43.0
451 56.0
163 59.0
22 64.0
440 92.0
434 31.0
946 93.0
650 53.0
114 61.0
240 65.0
353 47.0
532 54.0
439 63.0
443 91.0
578 54.0
767 21.0
936 55.0
758 85.0
233 40.0
785 34.0
947 45.0
376 57.0
517 24.0
709 29.0
175 2.0
29 85.0
988 95.0
266 84.0
217 87.0
45 91.0
831 30.0
905 99.0
164 55.0
948 91.0
912 73.0
485 100.0
773 54.0
936 63.0
541 96.0
413 99.0
949 40.0
139 14.0
281 82.0
808 87.0
370 10.0
888 78.0
162 48.0
627 92.0
414 53.0
75 58.0
305 85.0
86 2.0
792 77.0
450 61.0
950 23.0
416 76.0
298 64.0
206 96.0
948 46.0
380 98.0
701 44.0
29 89.0
425 87.0
951 83.0
829 45.0
328 90.0
77 74.0
123 60.0
872 2.0
798 54.0
159 38.0
548 13.0
669 1.0
952 5.0
453 76.0
878 86.0
948 65.0
138 66.0
918 88.0
966 75.0
862 21.0
711 20.0
773 81.0
653 24.0
33 65.0
549 64.0
489 36.0
953 69.0
504 18.0
375 46.0
126 96.0
178 82.0
954 25.0
958 52.0
310 4.0
941 40.0
232 80.0
611 14.0
785 56.0
920 38.0
955 37.0
62 47.0
467 53.0
923 36.0
830 21.0
986 27.0
888 64.0
753 13.0
950 40.0
798 51.0
795 83.0
173 39.0
834 47.0
861 30.0
585 10.0
515 52.0
764 68.0
595 15.0
956 67.0
231 29.0
599 27.0
347 25.0
522 96.0
507 46.0
789 99.0
957 33.0
470 28.0
192 52.0
550 88.0
105 78.0
377 91.0
757 63.0
786 12.0
653 24.0
232 92.0
980 3.0
254 16.0
159 7.0
910 88.0
348 83.0
123 92.0
157 54.0
958 24.0
89 93.0
930 68.0
499 58.0
53 89.0
581 79.0
233 26.0
31 19.0
91 55.0
121 48.0
959 3.0
261 89.0
891 45.0
704 94.0
410 11.0
494 47.0
300 26.0
348 74.0
960 25.0
24 65.0
983 42.0
635 55.0
138 4.0
454 74.0
394 4.0
890 73.0
912 85.0
675 91.0
151 49.0
961 91.0
811 41.0
375 8.0
710 48.0
841 54.0
698 58.0
183 36.0
74 11.0
453 70.0
384 73.0
962 26.0
150 82.0
273 48.0
923 15.0
806 39.0
97 11.0
136 48.0
854 88.0
395 93.0
963 31.0
992 19.0
408 44.0
804 5.0
761 52.0
970 85.0
855 33.0
511 32.0
617 96.0
71 80.0
621 56.0
267 49.0
486 94.0
414 74.0
964 91.0
518 16.0
244 96.0
504 26.0
921 99.0
919 53.0
575 52.0
818 94.0
113 28.0
270 69.0
965 33.0
710 23.0
384 61.0
956 61.0
157 34.0
413 44.0
605 3.0
295 7.0
570 75.0
106 62.0
416 25.0
621 37.0
750 7.0
966 30.0
837 87.0
441 42.0
329 62.0
713 18.0
737 100000.0
967 87.0
947 6.0
515 55.0
838 92.0
233 44.0
992 98.0
753 19.0
538 96.0
137 97.0
76 99.0
529 85.0
713 87.0
638 47.0
968 32.0
252 29.0
247 60.0
578 55.0
400 74.0
998 79.0
798 35.0
729 52.0
333 90.0
101 46.0
969 28.0
767 22.0
226 84.0
134 66.0
499 22.0
540 12.0
884 65.0
660 16.0
813 15.0
294 14.0
970 86.0
68 61.0
128 16.0
478 100.0
849 21.0
446 92.0
47 45.0
254 45.0
273 81.0
971 28.0
581 59.0
558 48.0
846 13.0
604 97.0
93 50.0
364 6.0
597 51.0
47 80.0
391 52.0
289 95.0
54 10.0
972 60.0
701 60.0
893 33.0
598 66.0
57 85.0
70 9.0
671 86.0
350 59.0
370 68.0
137 73.0
973 62.0
279 84.0
636 43.0
651 88.0
299 55.0
481 27.0
237 92.0
842 79.0
530 20.0
172 77.0
974 74.0
231 67.0
546 78.0
874 16.0
362 52.0
499 58.0
572 53.0
617 42.0
80 48.0
194 91.0
975 16.0
585 67.0
329 51.0
772 24.0
783 92.0
736 41.0
980 94.0
906 63.0
976 25.0
728 74.0
881 25.0
399 23.0
523 20.0
124 61.0
457 60.0
350 40.0
271 17.0
197 9.0
977 86.0
142 93.0
349 82.0
619 58.0
731 19.0
785 72.0
836 49.0
586 79.0
752 74.0
373 6.0
494 30.0
978 75.0
960 66.0
32 19.0
285 74.0
184 22.0
212 26.0
781 28.0
767 25.0
952 2.0
465 14.0
189 31.0
979 17.0
230 3.0
34 53.0
714 1.0
147 92.0
431 25.0
839 47.0
243 90.0
261 1.0
369 18.0
28 35.0
301 50.0
420 54.0
452 57.0
864 96.0
361 17.0
988 100.0
980 70.0
116 85.0
647 41.0
214 81.0
989 45.0
264 27.0
83 34.0
666 82.0
857 93.0
295 29.0
542 1.0
589 86.0
651 38.0
981 75.0
279 44.0
684 45.0
359 31.0
711 39.0
982 65.0
266 5.0
897 31.0
711 60.0
933 34.0
983 87.0
479 28.0
800 86.0
303 17.0
305 41.0
225 76.0
542 77.0
289 83.0
171 42.0
921 74.0
984 4.0
90 56.0
584 86.0
58 15.0
446 36.0
917 46.0
609 67.0
21 2.0
315 91.0
985 64.0
893 53.0
792 64.0
938 19.0
431 37.0
666 99.0
262 55.0
614 34.0
875 44.0
986 96.0
860 69.0
469 45.0
790 53.0
476 69.0
601 56.0
426 22.0
787 74.0
41 99.0
987 67.0
880 98.0
413 88.0
469 69.0
702 76.0
150 8.0
440 25.0
700 71.0
643 49.0
546 64.0
240 96.0
889 8.0
235 96.0
594 28.0
988 46.0
468 83.0
232 2.0
241 32.0
765 1.0
525 52.0
297 1.0
172 30.0
900 34.0
139 69.0
627 66.0
367 56.0
989 15.0
8 3.0
890 2.0
4 57.0
801 36.0
830 18.0
946 16.0
53 94.0
122 54.0
3 12.0
358 17.0
15 77.0
30 90.0
626 37.0
92 10.0
990 52.0
886 13.0
556 38.0
735 3.0
396 10.0
518 28.0
655 48.0
707 91.0
710 25.0
684 23.0
452 86.0
991 21.0
74 70.0
809 56.0
420 37.0
615 98.0
821 92.0
266 41.0
900 17.0
490 45.0
992 54.0
741 14.0
298 41.0
994 53.0
403 78.0
523 40.0
702 32.0
877 71.0
676 1.0
111 86.0
910 18.0
89 11.0
993 14.0
407 11.0
784 27.0
560 85.0
863 9.0
455 82.0
994 59.0
911 74.0
339 38.0
82 42.0
744 99.0
117 19.0
797 19.0
420 2.0
743 21.0
157 71.0
662 24.0
878 68.0
771 39.0
177 54.0
334 53.0
995 55.0
728 5.0
222 32.0
795 87.0
379 46.0
944 62.0
521 67.0
889 82.0
578 55.0
977 97.0
640 10.0
996 32.0
193 49.0
774 44.0
96 32.0
17 34.0
682 11.0
315 100.0
984 92.0
997 13.0
789 87.0
487 54.0
774 13.0
464 8.0
983 15.0
316 66.0
531 74.0
725 57.0
716 69.0
377 11.0
273 18.0
453 77.0
637 36.0
998 93.0
422 55.0
240 6.0
815 85.0
414 38.0
20 17.0
127 24.0
995 99.0
194 59.0
719 41.0
557 74.0
354 72.0
191 98.0
488 18.0
578 18.0
138 66.0
858 80.0
999 83.0
364 70.0
735 96.0
231 97.0
499 21.0
261 6.0
955 88.0
546 16.0
1000 26.0
945 56.0
772 25.0
547 68.0
416 74.0
829 62.0
733 9.0
92 95.0
337 30.0
244 12.0
223 82.0
145 36.0
226 32.0
88 86.0
398 73.0
148 37.0
69 29.0
833 44.0
637 3.0
907 93.0
660 12.0
487 70.0
498 20.0
300 5.0
965
554
1 965
4 745 700 876 737
1 554
